node, assignment, time2inf_trt, time2death_trt, time2inf_con, time2death_con
0,na,-1,0,-1,0
1,na,0,0.9217568063753567,0,6.1761400198550875
2,na,0,0.07368471084747465,0,89.8329724879471
3,na,0,4.083188526002511,0,6.539039745412901
4,na,6.137184931524844,7.363207004099795,5.408383104979147,11.889459410974585
5,na,139.9396971172545,139.9396971172545,89.8329724879471,89.8329724879471
6,e,139.9396971172545,139.9396971172545,53.09275085890692,58.33634523568542
7,na,139.9396971172545,139.9396971172545,52.72588160809105,53.524965374379946
8,na,139.9396971172545,139.9396971172545,89.8329724879471,89.8329724879471
9,na,139.9396971172545,139.9396971172545,89.8329724879471,89.8329724879471
10,e,139.9396971172545,139.9396971172545,89.8329724879471,89.8329724879471
11,e,139.9396971172545,139.9396971172545,89.8329724879471,89.8329724879471
12,na,139.9396971172545,139.9396971172545,89.8329724879471,89.8329724879471
13,na,139.9396971172545,139.9396971172545,28.927525026419733,32.24569729775052
14,na,139.9396971172545,139.9396971172545,28.898441751327464,89.8329724879471
15,na,139.9396971172545,139.9396971172545,33.134086907686715,33.30680084391358
16,e,62.82967217567085,66.16826382111203,89.8329724879471,89.8329724879471
17,na,139.9396971172545,139.9396971172545,38.53797209584356,40.210429017580815
18,e,139.9396971172545,139.9396971172545,89.8329724879471,89.8329724879471
19,e,139.9396971172545,139.9396971172545,89.8329724879471,89.8329724879471
20,e,37.75101704894367,43.018763539373026,34.5713025078042,34.8796595953648
21,e,139.9396971172545,139.9396971172545,89.8329724879471,89.8329724879471
22,e,139.9396971172545,139.9396971172545,13.291128203504893,14.947293207526174
23,e,139.9396971172545,139.9396971172545,89.8329724879471,89.8329724879471
24,e,139.9396971172545,139.9396971172545,50.04631065343924,53.64649489069945
25,na,139.9396971172545,139.9396971172545,89.8329724879471,89.8329724879471
26,na,139.9396971172545,139.9396971172545,39.65716832826644,89.8329724879471
27,e,139.9396971172545,139.9396971172545,89.8329724879471,89.8329724879471
28,na,139.9396971172545,139.9396971172545,31.155818793071617,34.0521879152768
29,na,139.9396971172545,139.9396971172545,34.35732710897798,37.03547467240859
30,na,139.9396971172545,139.9396971172545,35.573088748071044,40.64638782565464
31,e,139.9396971172545,139.9396971172545,89.8329724879471,89.8329724879471
32,na,139.9396971172545,139.9396971172545,89.8329724879471,89.8329724879471
33,na,68.4637044085648,69.24995240177522,89.8329724879471,89.8329724879471
34,na,139.9396971172545,139.9396971172545,89.8329724879471,89.8329724879471
35,e,139.9396971172545,139.9396971172545,89.8329724879471,89.8329724879471
36,e,139.9396971172545,139.9396971172545,20.982301782138983,24.798427880707283
37,na,139.9396971172545,139.9396971172545,89.8329724879471,89.8329724879471
38,e,139.9396971172545,139.9396971172545,89.8329724879471,89.8329724879471
39,e,95.78416125935091,97.63893925694013,38.5745957804959,43.61999580989581
40,na,139.9396971172545,139.9396971172545,37.623868297976536,38.76819685064686
41,e,32.644894261891224,36.864652280126876,61.952368145067666,69.43094112610453
42,e,139.9396971172545,139.9396971172545,48.33194952074533,51.52875576709132
43,e,55.829210517338076,60.08764861979655,6.790450545199178,7.681213666624159
44,e,139.9396971172545,139.9396971172545,89.8329724879471,89.8329724879471
45,e,139.9396971172545,139.9396971172545,89.8329724879471,89.8329724879471
46,na,139.9396971172545,139.9396971172545,30.887978275023073,32.97049150325415
47,na,139.9396971172545,139.9396971172545,89.8329724879471,89.8329724879471
48,na,64.66162037873337,70.69872721485994,41.50602319051541,42.98417482853166
49,na,139.9396971172545,139.9396971172545,89.8329724879471,89.8329724879471
50,e,139.9396971172545,139.9396971172545,37.3044544291938,40.61510204115847
51,e,139.9396971172545,139.9396971172545,89.8329724879471,89.8329724879471
52,na,139.9396971172545,139.9396971172545,89.8329724879471,89.8329724879471
53,na,139.9396971172545,139.9396971172545,47.87475361804177,62.23957282992286
54,na,47.62286791529769,53.22702937064465,55.708705438479264,59.39800727253923
55,e,139.9396971172545,139.9396971172545,33.74717898951097,33.90759095293281
56,e,139.9396971172545,139.9396971172545,44.896475333963835,44.96654301767238
57,na,139.9396971172545,139.9396971172545,20.526497940967275,23.201515240114723
58,e,139.9396971172545,139.9396971172545,89.8329724879471,89.8329724879471
59,na,139.9396971172545,139.9396971172545,89.8329724879471,89.8329724879471
60,na,139.9396971172545,139.9396971172545,18.71495272999179,39.36030484889808
61,na,139.9396971172545,139.9396971172545,21.931275453532997,22.380892555601026
62,na,139.9396971172545,139.9396971172545,28.153392408925324,34.7474576064994
63,e,139.9396971172545,139.9396971172545,67.84296508341448,72.15046929441715
64,na,139.9396971172545,139.9396971172545,29.653153849045818,41.0775341769919
65,e,139.9396971172545,139.9396971172545,30.45184915330442,32.53290779976379
66,e,52.428150285159816,139.9396971172545,19.82054077878201,20.905841578848246
67,na,139.9396971172545,139.9396971172545,45.934711691668504,89.8329724879471
68,e,139.9396971172545,139.9396971172545,89.8329724879471,89.8329724879471
69,e,50.260296385258926,58.57367080132773,23.53530789712154,26.861881722747587
70,e,48.76660019892752,56.1041569712842,89.8329724879471,89.8329724879471
71,e,139.9396971172545,139.9396971172545,42.1516133875793,42.713579506243484
72,e,139.9396971172545,139.9396971172545,25.00010586121814,28.00495643548291
73,na,139.9396971172545,139.9396971172545,89.8329724879471,89.8329724879471
74,na,139.9396971172545,139.9396971172545,89.8329724879471,89.8329724879471
75,e,57.80497546905522,59.15518476923224,28.4377329570152,33.952572175252406
76,na,139.9396971172545,139.9396971172545,32.78035234743896,33.54145982520236
77,na,139.9396971172545,139.9396971172545,89.8329724879471,89.8329724879471
78,na,139.9396971172545,139.9396971172545,89.8329724879471,89.8329724879471
79,e,139.9396971172545,139.9396971172545,89.8329724879471,89.8329724879471
80,na,139.9396971172545,139.9396971172545,89.8329724879471,89.8329724879471
81,e,139.9396971172545,139.9396971172545,42.548148830768014,42.90758534910746
82,na,139.9396971172545,139.9396971172545,89.8329724879471,89.8329724879471
83,e,139.9396971172545,139.9396971172545,26.655176741815758,28.739435357311052
84,na,68.12649781008575,70.40560455081287,54.264008673348535,57.03365310190202
85,na,111.33876556614749,113.62391839629164,23.917964215099055,25.94028879277207
86,e,68.37610260847805,69.6733434327226,21.52203365772044,89.8329724879471
87,na,71.72750714591334,75.78687132433085,43.66153381551634,44.90042496325951
88,na,139.9396971172545,139.9396971172545,89.8329724879471,89.8329724879471
89,e,124.51215172299433,124.90582007570775,14.517085840112333,19.278207585420525
90,e,139.9396971172545,139.9396971172545,50.6441355703165,53.56853878936461
91,e,139.9396971172545,139.9396971172545,25.88911355215218,29.41211049016375
92,na,139.9396971172545,139.9396971172545,89.8329724879471,89.8329724879471
93,na,61.19121998126073,61.814127125645406,38.85615692000725,40.33350510153911
94,e,139.9396971172545,139.9396971172545,21.6596967446044,22.47822927841149
95,e,139.9396971172545,139.9396971172545,89.8329724879471,89.8329724879471
96,e,139.9396971172545,139.9396971172545,89.8329724879471,89.8329724879471
97,na,139.9396971172545,139.9396971172545,89.8329724879471,89.8329724879471
98,na,139.9396971172545,139.9396971172545,33.56091751187789,34.128116464070864
99,na,125.13202597764149,132.95964374519576,26.0529376216483,35.29938254864025
100,na,139.9396971172545,139.9396971172545,89.8329724879471,89.8329724879471
101,e,139.9396971172545,139.9396971172545,89.8329724879471,89.8329724879471
102,e,139.9396971172545,139.9396971172545,10.045726363338181,17.61394187705866
103,na,139.9396971172545,139.9396971172545,89.8329724879471,89.8329724879471
104,na,139.9396971172545,139.9396971172545,89.8329724879471,89.8329724879471
105,na,34.18459040857652,38.36717305469686,21.47836539481327,89.8329724879471
106,na,139.9396971172545,139.9396971172545,35.11397120188022,36.49775686483888
107,na,139.9396971172545,139.9396971172545,89.8329724879471,89.8329724879471
108,na,51.11246705014679,76.97488629664561,89.8329724879471,89.8329724879471
109,e,139.9396971172545,139.9396971172545,17.716044540005452,26.07838628917519
110,e,139.9396971172545,139.9396971172545,43.09354586571487,50.887870759188566
111,na,139.9396971172545,139.9396971172545,35.547152157195214,38.3853374962143
112,e,49.665220531162404,49.850621945579256,28.394813099877638,30.367514071201875
113,na,31.60044204825754,31.93298263829046,21.05273060876568,24.1226578271001
114,na,139.9396971172545,139.9396971172545,89.8329724879471,89.8329724879471
115,e,139.9396971172545,139.9396971172545,89.8329724879471,89.8329724879471
116,e,139.9396971172545,139.9396971172545,89.8329724879471,89.8329724879471
117,e,49.416655177882134,139.9396971172545,27.124604382011853,29.455931628320812
118,na,95.3709503078505,103.14873417793999,24.673479352250595,31.275389092863588
119,na,139.9396971172545,139.9396971172545,89.8329724879471,89.8329724879471
120,e,139.9396971172545,139.9396971172545,31.13758517333654,36.15174698866819
121,e,139.9396971172545,139.9396971172545,33.134757423920234,33.2021719997915
122,e,139.9396971172545,139.9396971172545,48.226994287006264,51.76154039291421
123,e,139.9396971172545,139.9396971172545,24.462424722904423,25.674404184985292
124,na,139.9396971172545,139.9396971172545,30.590816041236568,44.56891521542853
125,na,111.01864099876751,124.27027207536759,14.125133020965608,27.50339823682583
126,na,139.9396971172545,139.9396971172545,42.881822532474175,49.08304616188003
127,na,139.9396971172545,139.9396971172545,89.8329724879471,89.8329724879471
128,na,139.9396971172545,139.9396971172545,32.56765435414276,43.41264551180772
129,e,139.9396971172545,139.9396971172545,89.8329724879471,89.8329724879471
130,na,38.136286097923254,44.64880897834147,44.03975479807555,54.29260776790371
131,na,139.9396971172545,139.9396971172545,40.59952981651747,49.73395173150169
132,na,86.55458468283082,93.5386121397654,89.8329724879471,89.8329724879471
133,e,139.9396971172545,139.9396971172545,26.445971887142793,31.32863838377225
134,e,139.9396971172545,139.9396971172545,31.402668416191126,37.3176032693232
135,na,139.9396971172545,139.9396971172545,36.11069821924465,45.4891915193999
136,e,139.9396971172545,139.9396971172545,89.8329724879471,89.8329724879471
137,e,63.78079588426107,65.09442257564575,68.46879428419203,70.71466670045169
138,e,139.9396971172545,139.9396971172545,89.8329724879471,89.8329724879471
139,e,39.005972638858964,48.32256233307235,27.994083585969964,30.561582604245462
140,na,139.9396971172545,139.9396971172545,32.64217482070986,37.72143259602415
141,na,139.9396971172545,139.9396971172545,89.8329724879471,89.8329724879471
142,e,139.9396971172545,139.9396971172545,89.8329724879471,89.8329724879471
143,e,139.9396971172545,139.9396971172545,22.808897842610524,35.38292497363205
144,na,139.9396971172545,139.9396971172545,27.175778042779402,37.483310914482466
145,e,139.9396971172545,139.9396971172545,49.24836208748143,52.01730086428556
146,na,139.9396971172545,139.9396971172545,89.8329724879471,89.8329724879471
147,e,139.9396971172545,139.9396971172545,22.48164206334687,24.717736907351288
148,e,139.9396971172545,139.9396971172545,21.27111272519045,21.689673799645853
149,na,139.9396971172545,139.9396971172545,35.356925331992414,35.82622590219659
150,na,139.9396971172545,139.9396971172545,89.8329724879471,89.8329724879471
151,na,139.9396971172545,139.9396971172545,17.13752248514947,28.526608961807607
152,e,139.9396971172545,139.9396971172545,69.66395515379249,86.91094911638001
153,e,139.9396971172545,139.9396971172545,89.8329724879471,89.8329724879471
154,na,139.9396971172545,139.9396971172545,26.04690091909822,32.59883173382719
155,e,139.9396971172545,139.9396971172545,6.18915980117118,13.072732901068672
156,na,139.9396971172545,139.9396971172545,19.520626410683327,21.211925625893322
157,e,139.9396971172545,139.9396971172545,89.8329724879471,89.8329724879471
158,na,139.9396971172545,139.9396971172545,89.8329724879471,89.8329724879471
159,na,139.9396971172545,139.9396971172545,23.75423438382687,25.722072123196963
160,e,40.07277608070159,40.4598476747577,41.701673100093934,43.03911760574933
161,e,139.9396971172545,139.9396971172545,40.68100048862625,50.06170366106371
162,na,139.9396971172545,139.9396971172545,89.8329724879471,89.8329724879471
163,e,139.9396971172545,139.9396971172545,42.168484048885134,46.05919782854142
164,na,139.9396971172545,139.9396971172545,89.8329724879471,89.8329724879471
165,na,139.9396971172545,139.9396971172545,89.8329724879471,89.8329724879471
166,e,139.9396971172545,139.9396971172545,39.39067483034047,41.48919936511265
167,e,139.9396971172545,139.9396971172545,54.52752147989256,56.6171744449912
168,e,139.9396971172545,139.9396971172545,89.8329724879471,89.8329724879471
169,e,139.9396971172545,139.9396971172545,21.081408007464812,23.341552874468192
170,na,139.9396971172545,139.9396971172545,89.8329724879471,89.8329724879471
171,na,139.9396971172545,139.9396971172545,48.967505232861164,49.55094931085943
172,na,139.9396971172545,139.9396971172545,89.8329724879471,89.8329724879471
173,e,88.13837108892288,104.36903815004523,89.8329724879471,89.8329724879471
174,e,139.9396971172545,139.9396971172545,36.48729246829795,41.98203240595571
175,na,139.9396971172545,139.9396971172545,89.8329724879471,89.8329724879471
176,na,139.9396971172545,139.9396971172545,89.8329724879471,89.8329724879471
177,na,139.9396971172545,139.9396971172545,20.937605674636234,27.15191972376474
178,e,139.9396971172545,139.9396971172545,46.79921699048202,56.18218775018872
179,na,101.82957630698105,119.27335591044437,89.8329724879471,89.8329724879471
180,na,139.9396971172545,139.9396971172545,89.8329724879471,89.8329724879471
181,e,139.9396971172545,139.9396971172545,31.801599459246802,31.947051481799516
182,e,139.9396971172545,139.9396971172545,89.8329724879471,89.8329724879471
183,na,25.20865689025339,30.466444838424895,21.145787138469743,30.861182451840765
184,na,139.9396971172545,139.9396971172545,89.8329724879471,89.8329724879471
185,e,139.9396971172545,139.9396971172545,89.8329724879471,89.8329724879471
186,na,139.9396971172545,139.9396971172545,56.242035623911896,60.29376284587261
187,na,139.9396971172545,139.9396971172545,89.8329724879471,89.8329724879471
188,na,139.9396971172545,139.9396971172545,89.8329724879471,89.8329724879471
189,na,139.9396971172545,139.9396971172545,89.8329724879471,89.8329724879471
190,e,139.9396971172545,139.9396971172545,51.99929409256168,54.49713232798011
191,e,139.9396971172545,139.9396971172545,33.57453366244911,39.791322345218624
192,e,20.99661162611364,26.971086699270295,18.835319626318693,21.208936156067388
193,na,139.9396971172545,139.9396971172545,89.8329724879471,89.8329724879471
194,na,139.9396971172545,139.9396971172545,89.8329724879471,89.8329724879471
195,na,139.9396971172545,139.9396971172545,89.8329724879471,89.8329724879471
196,na,69.82400348557344,81.04125380653781,89.8329724879471,89.8329724879471
197,na,40.94635474810436,47.6842090368408,19.49559257537088,22.156086323793012
198,na,139.9396971172545,139.9396971172545,15.733537396908684,34.570148608455945
199,na,84.47352597309744,139.9396971172545,29.99477862750313,30.973200829071384
200,e,71.88910985495164,77.35490371424777,29.738562949739954,31.177900575557594
201,e,139.9396971172545,139.9396971172545,46.61109276842676,49.711565365460636
202,e,139.9396971172545,139.9396971172545,89.8329724879471,89.8329724879471
203,na,41.37477531473375,48.11576049958145,36.637365587343474,43.43771084026593
204,e,139.9396971172545,139.9396971172545,28.21428763573407,34.86436671391682
205,e,139.9396971172545,139.9396971172545,89.8329724879471,89.8329724879471
206,na,139.9396971172545,139.9396971172545,89.8329724879471,89.8329724879471
207,na,139.9396971172545,139.9396971172545,89.8329724879471,89.8329724879471
208,na,139.9396971172545,139.9396971172545,89.8329724879471,89.8329724879471
209,na,91.56447761743635,98.0082939230102,89.8329724879471,89.8329724879471
210,na,125.6336850241332,126.06709576132337,89.8329724879471,89.8329724879471
211,na,139.9396971172545,139.9396971172545,39.86385011514931,61.07905823717714
212,e,139.9396971172545,139.9396971172545,89.8329724879471,89.8329724879471
213,na,57.07594682551907,58.889080738442495,20.354686599537477,89.8329724879471
214,e,139.9396971172545,139.9396971172545,89.8329724879471,89.8329724879471
215,e,139.9396971172545,139.9396971172545,89.8329724879471,89.8329724879471
216,e,139.9396971172545,139.9396971172545,22.634591922277913,89.8329724879471
217,e,139.9396971172545,139.9396971172545,89.8329724879471,89.8329724879471
218,e,139.9396971172545,139.9396971172545,89.8329724879471,89.8329724879471
219,na,139.9396971172545,139.9396971172545,27.995726827707625,29.428579942727133
220,na,50.60439815255876,56.97141992068529,89.8329724879471,89.8329724879471
221,e,139.9396971172545,139.9396971172545,89.8329724879471,89.8329724879471
222,e,61.184029189531465,68.17921223167025,40.70007823664714,41.36883451882013
223,e,139.9396971172545,139.9396971172545,89.8329724879471,89.8329724879471
224,na,59.94777336252405,63.49430242294052,89.8329724879471,89.8329724879471
225,e,139.9396971172545,139.9396971172545,89.8329724879471,89.8329724879471
226,e,139.9396971172545,139.9396971172545,23.287248252233304,23.644589045306642
227,e,72.64165450821702,78.6142681274796,46.67671850837581,50.693808854551484
228,na,139.9396971172545,139.9396971172545,89.8329724879471,89.8329724879471
229,e,139.9396971172545,139.9396971172545,42.610981057527376,44.85158926527509
230,na,86.36981935061395,88.47487121780806,30.38697683051076,31.465483784687432
231,na,137.99847080460844,139.9396971172545,27.2784745086931,31.13263673234008
232,na,139.9396971172545,139.9396971172545,49.23626887217659,51.41470163605511
233,e,139.9396971172545,139.9396971172545,28.786337540827876,30.008495625515284
234,na,139.9396971172545,139.9396971172545,89.8329724879471,89.8329724879471
235,e,139.9396971172545,139.9396971172545,89.8329724879471,89.8329724879471
236,na,139.9396971172545,139.9396971172545,33.25139749640045,34.90318029232461
237,e,139.9396971172545,139.9396971172545,89.8329724879471,89.8329724879471
238,e,139.9396971172545,139.9396971172545,89.8329724879471,89.8329724879471
239,na,139.9396971172545,139.9396971172545,89.8329724879471,89.8329724879471
240,na,132.77997272422908,137.84873226716266,52.46120140628625,54.62735236361501
241,na,139.9396971172545,139.9396971172545,89.8329724879471,89.8329724879471
242,e,139.9396971172545,139.9396971172545,78.2777779085347,85.76164066683344
243,na,70.66794748206127,70.94074255018182,22.775897126687514,26.940758928800737
244,na,97.4871480469042,110.2032731811665,18.060137669083286,18.62035324036649
245,e,139.9396971172545,139.9396971172545,89.8329724879471,89.8329724879471
246,e,139.9396971172545,139.9396971172545,89.8329724879471,89.8329724879471
247,na,139.9396971172545,139.9396971172545,89.8329724879471,89.8329724879471
248,na,51.82957336194119,55.29963375349832,13.2366458233234,13.897477221626108
249,e,139.9396971172545,139.9396971172545,18.695782368592667,31.586824833116488
250,na,45.85082475229651,47.28127382649656,33.198487203916315,40.4960125487057
251,na,139.9396971172545,139.9396971172545,32.49687758679669,36.4773041534968
252,e,139.9396971172545,139.9396971172545,38.17019953684271,47.5168480536728
253,na,139.9396971172545,139.9396971172545,42.78923964566777,43.452848086606004
254,na,139.9396971172545,139.9396971172545,89.8329724879471,89.8329724879471
255,na,139.9396971172545,139.9396971172545,89.8329724879471,89.8329724879471
256,e,139.9396971172545,139.9396971172545,36.28758557753515,48.096408863097686
257,e,139.9396971172545,139.9396971172545,89.8329724879471,89.8329724879471
258,e,139.9396971172545,139.9396971172545,89.8329724879471,89.8329724879471
259,e,80.89138137160434,139.9396971172545,35.640253882606444,89.8329724879471
260,na,139.9396971172545,139.9396971172545,89.8329724879471,89.8329724879471
261,e,139.9396971172545,139.9396971172545,89.8329724879471,89.8329724879471
262,na,139.9396971172545,139.9396971172545,28.896166284625917,30.87100632069989
263,na,139.9396971172545,139.9396971172545,89.8329724879471,89.8329724879471
264,na,65.37220686641535,70.02440779927315,89.8329724879471,89.8329724879471
265,na,139.9396971172545,139.9396971172545,30.212189080765196,89.8329724879471
266,e,139.9396971172545,139.9396971172545,89.8329724879471,89.8329724879471
267,e,139.9396971172545,139.9396971172545,89.8329724879471,89.8329724879471
268,na,139.9396971172545,139.9396971172545,89.8329724879471,89.8329724879471
269,e,139.9396971172545,139.9396971172545,89.8329724879471,89.8329724879471
270,e,139.9396971172545,139.9396971172545,59.0116492306811,60.45226046543375
271,na,139.9396971172545,139.9396971172545,33.84142707628771,37.473406761624574
272,na,139.9396971172545,139.9396971172545,48.18642455778538,49.94834527124664
273,e,139.9396971172545,139.9396971172545,89.8329724879471,89.8329724879471
274,na,50.6923006413141,53.105688022296704,38.66713556430389,41.089744444365486
275,na,139.9396971172545,139.9396971172545,89.8329724879471,89.8329724879471
276,e,139.9396971172545,139.9396971172545,89.8329724879471,89.8329724879471
277,na,139.9396971172545,139.9396971172545,89.8329724879471,89.8329724879471
278,na,139.9396971172545,139.9396971172545,89.8329724879471,89.8329724879471
279,na,135.0054388600391,139.9046535772508,4.729647582191766,5.590865537268644
280,e,65.59842336608813,68.0015429086019,89.8329724879471,89.8329724879471
281,e,139.9396971172545,139.9396971172545,23.476925766353173,23.503455549027606
282,na,63.213811346147864,70.43115703739568,44.31294606377227,44.886477452545805
283,e,139.9396971172545,139.9396971172545,89.8329724879471,89.8329724879471
284,na,139.9396971172545,139.9396971172545,89.8329724879471,89.8329724879471
285,e,58.719993268523105,62.2883410545401,38.877950856917515,39.4612343070658
286,e,139.9396971172545,139.9396971172545,89.8329724879471,89.8329724879471
287,na,139.9396971172545,139.9396971172545,9.133644242989261,13.773613180574603
288,e,139.9396971172545,139.9396971172545,89.8329724879471,89.8329724879471
289,e,139.9396971172545,139.9396971172545,27.255742054734636,29.430531324023494
290,e,139.9396971172545,139.9396971172545,89.8329724879471,89.8329724879471
291,e,139.9396971172545,139.9396971172545,41.07039692059677,45.02275144780134
292,e,139.9396971172545,139.9396971172545,33.69462566113834,34.82235129312079
293,e,139.9396971172545,139.9396971172545,89.8329724879471,89.8329724879471
294,na,139.9396971172545,139.9396971172545,36.68300634849826,39.19687973229356
295,na,71.90975177346377,72.58828099855837,54.03647177128604,54.48665827933433
296,na,58.95275341467958,61.15666093112308,20.85623457456184,23.765432770222873
297,e,139.9396971172545,139.9396971172545,44.06577622339201,51.2074235877195
298,e,139.9396971172545,139.9396971172545,40.09676501531884,41.388037163876795
299,e,139.9396971172545,139.9396971172545,89.8329724879471,89.8329724879471
300,na,139.9396971172545,139.9396971172545,36.33806876970312,38.437432146887105
301,na,139.9396971172545,139.9396971172545,40.387848619369905,43.153366400670336
302,e,84.584220904999,92.31082899188729,89.8329724879471,89.8329724879471
303,e,139.9396971172545,139.9396971172545,34.354391338775855,38.11522049116262
304,e,139.9396971172545,139.9396971172545,27.71890417086584,33.25015106250569
305,na,32.702166599296724,37.25212646498686,32.78559495781632,40.93594903678862
306,na,139.9396971172545,139.9396971172545,89.8329724879471,89.8329724879471
307,na,61.078768564791474,61.58741068096204,45.2948649860976,46.04363365649384
308,e,139.9396971172545,139.9396971172545,13.99337524329103,22.54176842893433
309,na,139.9396971172545,139.9396971172545,89.8329724879471,89.8329724879471
310,na,139.9396971172545,139.9396971172545,63.67694804126095,71.48020255459228
311,e,139.9396971172545,139.9396971172545,89.8329724879471,89.8329724879471
312,e,139.9396971172545,139.9396971172545,70.59670136442537,70.65810826342322
313,e,139.9396971172545,139.9396971172545,48.416095056526544,48.93282716688444
314,e,139.9396971172545,139.9396971172545,29.468245017738184,36.22464783393789
315,na,139.9396971172545,139.9396971172545,89.8329724879471,89.8329724879471
316,na,139.9396971172545,139.9396971172545,89.8329724879471,89.8329724879471
317,na,139.9396971172545,139.9396971172545,89.8329724879471,89.8329724879471
318,e,139.9396971172545,139.9396971172545,89.8329724879471,89.8329724879471
319,e,139.9396971172545,139.9396971172545,34.354685165266154,46.8026754165504
320,e,139.9396971172545,139.9396971172545,33.04626140828585,34.011602376047016
321,na,30.467801061151192,31.946958084989106,26.231814031620072,26.493275252856822
322,e,139.9396971172545,139.9396971172545,21.104047068893173,26.37848218796862
323,na,139.9396971172545,139.9396971172545,34.07127757402758,35.12195860588071
324,e,139.9396971172545,139.9396971172545,89.8329724879471,89.8329724879471
325,e,139.9396971172545,139.9396971172545,33.14409531596488,39.80047901166262
326,na,139.9396971172545,139.9396971172545,89.8329724879471,89.8329724879471
327,e,70.73462458600534,73.60321487625554,36.22241164265768,39.48129805484496
328,e,33.88579797349921,34.09613539773445,34.26434279996606,35.047151010240626
329,na,139.9396971172545,139.9396971172545,89.8329724879471,89.8329724879471
330,e,139.9396971172545,139.9396971172545,34.651727234972874,35.37378286043306
331,e,139.9396971172545,139.9396971172545,22.67701968816181,89.8329724879471
332,na,139.9396971172545,139.9396971172545,11.007629190380342,11.545984221510457
333,e,139.9396971172545,139.9396971172545,89.8329724879471,89.8329724879471
334,na,139.9396971172545,139.9396971172545,89.8329724879471,89.8329724879471
335,na,139.9396971172545,139.9396971172545,89.8329724879471,89.8329724879471
336,e,139.9396971172545,139.9396971172545,64.84394834810433,89.8329724879471
337,e,139.9396971172545,139.9396971172545,33.81480914394652,35.98351828924239
338,e,64.49870594055359,66.80644979467306,49.03572366706985,54.13481896083924
339,e,139.9396971172545,139.9396971172545,37.58151780913045,38.36084079803345
340,na,66.72572319694682,69.73433529465994,89.8329724879471,89.8329724879471
341,e,139.9396971172545,139.9396971172545,48.51001415019251,49.245134203840735
342,e,60.165078970771184,67.57143240583297,44.441143728647276,53.681737871314986
343,e,139.9396971172545,139.9396971172545,22.271088246480147,22.814267481939243
344,e,22.44563002234946,25.279238861732505,25.118373988718577,29.424800930885265
345,e,139.9396971172545,139.9396971172545,89.8329724879471,89.8329724879471
346,e,139.9396971172545,139.9396971172545,89.8329724879471,89.8329724879471
347,e,139.9396971172545,139.9396971172545,89.8329724879471,89.8329724879471
348,na,139.9396971172545,139.9396971172545,18.201029655145803,89.8329724879471
349,e,139.9396971172545,139.9396971172545,89.8329724879471,89.8329724879471
350,na,139.9396971172545,139.9396971172545,13.838805457375093,22.31878175646985
351,na,43.020488674807964,43.45658835582814,56.58880595220614,56.798440475335134
352,na,139.9396971172545,139.9396971172545,18.854840148350032,21.84874214846854
353,e,139.9396971172545,139.9396971172545,89.8329724879471,89.8329724879471
354,e,56.41390226612052,59.38206548284948,42.109312870896126,42.3492369192102
355,e,48.23160745206181,58.326352331063035,41.32651816077364,41.45622998288406
356,na,81.34466176866779,85.28876509309856,28.60670517323597,29.867924433920578
357,na,83.69460456718456,139.9396971172545,89.8329724879471,89.8329724879471
358,e,139.9396971172545,139.9396971172545,59.89249782428578,61.87608683228074
359,e,139.9396971172545,139.9396971172545,89.8329724879471,89.8329724879471
360,e,139.9396971172545,139.9396971172545,89.8329724879471,89.8329724879471
361,e,112.84458177240087,115.13077989639532,45.639300346066285,46.425148959671276
362,e,78.8727092373895,105.0673916675475,89.8329724879471,89.8329724879471
363,e,139.9396971172545,139.9396971172545,89.8329724879471,89.8329724879471
364,e,139.9396971172545,139.9396971172545,32.48492751730849,41.80907344621795
365,na,57.70496186025813,58.20600534564196,41.456399884907746,42.594483682524015
366,na,139.9396971172545,139.9396971172545,89.8329724879471,89.8329724879471
367,e,139.9396971172545,139.9396971172545,38.561516469130765,38.7005386099965
368,na,139.9396971172545,139.9396971172545,89.8329724879471,89.8329724879471
369,e,139.9396971172545,139.9396971172545,20.708404373419057,25.493655008052208
370,e,139.9396971172545,139.9396971172545,46.00715005675185,54.630940810296075
371,e,139.9396971172545,139.9396971172545,42.02598664482985,46.30792634669508
372,e,139.9396971172545,139.9396971172545,89.8329724879471,89.8329724879471
373,na,50.39404001558373,50.418554929727684,38.181253320566775,41.096561428442996
374,na,66.47369802886618,67.29677048686183,17.861564239040966,89.8329724879471
375,na,80.11718449249001,80.66866739171427,89.8329724879471,89.8329724879471
376,e,139.9396971172545,139.9396971172545,89.8329724879471,89.8329724879471
377,na,139.9396971172545,139.9396971172545,89.8329724879471,89.8329724879471
378,e,139.9396971172545,139.9396971172545,89.8329724879471,89.8329724879471
379,e,139.9396971172545,139.9396971172545,50.83283634517678,54.208442206706295
380,na,139.9396971172545,139.9396971172545,19.602716003353486,24.55870387221566
381,na,139.9396971172545,139.9396971172545,89.8329724879471,89.8329724879471
382,na,41.38865630602957,54.226629578780354,11.75000521441609,14.615298422842752
383,e,139.9396971172545,139.9396971172545,89.8329724879471,89.8329724879471
384,na,139.9396971172545,139.9396971172545,89.8329724879471,89.8329724879471
385,e,139.9396971172545,139.9396971172545,89.8329724879471,89.8329724879471
386,na,60.607136778976454,61.04386671621758,55.251304299939996,61.22951169159024
387,e,139.9396971172545,139.9396971172545,41.58859825330109,42.95196929756755
388,na,56.0863566670998,57.95247473639456,89.8329724879471,89.8329724879471
389,e,41.36409696053398,45.90422795641513,24.03462304403049,55.062991788808034
390,na,139.9396971172545,139.9396971172545,41.80205328382574,46.6738778485328
391,e,139.9396971172545,139.9396971172545,5.675120373941796,6.824398885893374
392,e,139.9396971172545,139.9396971172545,89.8329724879471,89.8329724879471
393,e,44.57433026047829,46.50515894952395,89.8329724879471,89.8329724879471
394,na,139.9396971172545,139.9396971172545,49.589577955839474,51.60884304298685
395,e,139.9396971172545,139.9396971172545,89.8329724879471,89.8329724879471
396,e,139.9396971172545,139.9396971172545,51.38137437186713,53.75806422166587
397,na,139.9396971172545,139.9396971172545,89.8329724879471,89.8329724879471
398,na,139.9396971172545,139.9396971172545,89.8329724879471,89.8329724879471
399,na,3.6950154045413357,4.4020512491763535,0.2521655270118089,1.9816918146516067
400,na,139.9396971172545,139.9396971172545,89.8329724879471,89.8329724879471
401,e,139.9396971172545,139.9396971172545,89.8329724879471,89.8329724879471
402,e,139.9396971172545,139.9396971172545,27.090645879616194,27.243793584141606
403,na,55.24031354276682,57.84162750822232,89.8329724879471,89.8329724879471
404,e,139.9396971172545,139.9396971172545,89.8329724879471,89.8329724879471
405,e,139.9396971172545,139.9396971172545,32.474771707399746,33.36018116604102
406,na,139.9396971172545,139.9396971172545,89.8329724879471,89.8329724879471
407,na,41.60181563767301,45.8337714397214,22.08000937296969,31.472271448735235
408,e,139.9396971172545,139.9396971172545,38.442919779475645,41.91255160164513
409,e,139.9396971172545,139.9396971172545,31.78523766577609,31.921643824532776
410,e,139.9396971172545,139.9396971172545,42.872213387214806,45.65550274562692
411,na,139.9396971172545,139.9396971172545,89.8329724879471,89.8329724879471
412,na,139.9396971172545,139.9396971172545,89.8329724879471,89.8329724879471
413,e,139.9396971172545,139.9396971172545,21.914869419581322,21.98777033630537
414,e,139.9396971172545,139.9396971172545,26.572040344206584,26.731977272965047
415,na,139.9396971172545,139.9396971172545,30.974941634718608,32.10427623562672
416,na,130.05037139923004,134.55672530496136,36.92972470397967,41.463405932711645
417,e,94.90191778798827,102.1171080369406,89.8329724879471,89.8329724879471
418,e,68.22105870876175,69.37595356083452,34.79862078697274,39.23924403194179
419,e,139.9396971172545,139.9396971172545,76.36940012925257,81.29332323260246
420,na,139.9396971172545,139.9396971172545,60.067905630507624,62.038995338267554
421,na,139.9396971172545,139.9396971172545,89.8329724879471,89.8329724879471
422,na,139.9396971172545,139.9396971172545,89.8329724879471,89.8329724879471
423,na,64.1402846135821,68.82911722027126,59.867553721022446,60.50095433499574
424,e,64.14614819808948,66.44855907525185,33.147918966027966,35.09128768108681
425,e,139.9396971172545,139.9396971172545,89.8329724879471,89.8329724879471
426,e,139.9396971172545,139.9396971172545,89.8329724879471,89.8329724879471
427,na,139.9396971172545,139.9396971172545,50.62885511095281,59.01399577708075
428,na,139.9396971172545,139.9396971172545,30.803434031447537,89.8329724879471
429,e,139.9396971172545,139.9396971172545,89.8329724879471,89.8329724879471
430,e,62.8931107556551,63.16971226531267,21.161930691113163,23.99009790751396
431,na,139.9396971172545,139.9396971172545,89.8329724879471,89.8329724879471
432,e,139.9396971172545,139.9396971172545,89.8329724879471,89.8329724879471
433,na,139.9396971172545,139.9396971172545,89.8329724879471,89.8329724879471
434,na,139.9396971172545,139.9396971172545,89.8329724879471,89.8329724879471
435,e,139.9396971172545,139.9396971172545,3.0758403714275544,8.419059177077596
436,na,139.9396971172545,139.9396971172545,89.8329724879471,89.8329724879471
437,na,139.9396971172545,139.9396971172545,56.067069078934836,57.51323113833264
438,na,10.0928539175799,13.502603917303635,55.77920375408726,60.86359495535941
439,e,139.9396971172545,139.9396971172545,89.8329724879471,89.8329724879471
440,na,139.9396971172545,139.9396971172545,89.8329724879471,89.8329724879471
441,na,44.399269059601345,56.2961165258908,89.8329724879471,89.8329724879471
442,e,139.9396971172545,139.9396971172545,89.8329724879471,89.8329724879471
443,e,139.9396971172545,139.9396971172545,89.8329724879471,89.8329724879471
444,na,139.9396971172545,139.9396971172545,89.8329724879471,89.8329724879471
445,e,139.9396971172545,139.9396971172545,42.14969506310016,43.87041793004599
446,e,139.9396971172545,139.9396971172545,89.8329724879471,89.8329724879471
447,na,139.9396971172545,139.9396971172545,89.8329724879471,89.8329724879471
448,na,41.69310847771396,41.94109112914899,23.665087607852005,89.8329724879471
449,e,139.9396971172545,139.9396971172545,89.8329724879471,89.8329724879471
450,na,139.9396971172545,139.9396971172545,89.8329724879471,89.8329724879471
451,na,139.9396971172545,139.9396971172545,89.8329724879471,89.8329724879471
452,na,61.911669159242734,62.55439120586155,89.8329724879471,89.8329724879471
453,e,139.9396971172545,139.9396971172545,89.8329724879471,89.8329724879471
454,e,139.9396971172545,139.9396971172545,89.8329724879471,89.8329724879471
455,na,139.9396971172545,139.9396971172545,89.8329724879471,89.8329724879471
456,e,45.07475239360622,45.43258404645248,89.8329724879471,89.8329724879471
457,e,139.9396971172545,139.9396971172545,22.072163794423865,25.04425404747446
458,na,45.12003793843359,47.95302590464384,19.648347538078966,23.975637325976585
459,na,139.9396971172545,139.9396971172545,23.53689319068824,27.328624751310027
460,e,139.9396971172545,139.9396971172545,41.88800631093506,47.89351814573112
461,na,139.9396971172545,139.9396971172545,39.17574870131912,42.36838147438642
462,e,82.84354996217925,87.22158475194419,43.98404651396587,51.57805053516849
463,na,139.9396971172545,139.9396971172545,89.8329724879471,89.8329724879471
464,e,139.9396971172545,139.9396971172545,89.8329724879471,89.8329724879471
465,na,139.9396971172545,139.9396971172545,89.8329724879471,89.8329724879471
466,na,139.9396971172545,139.9396971172545,89.8329724879471,89.8329724879471
467,e,139.9396971172545,139.9396971172545,89.8329724879471,89.8329724879471
468,e,139.9396971172545,139.9396971172545,41.49820886036759,45.05838877283582
469,e,139.9396971172545,139.9396971172545,89.8329724879471,89.8329724879471
470,na,139.9396971172545,139.9396971172545,30.64747993511723,32.23578848572951
471,e,139.9396971172545,139.9396971172545,89.8329724879471,89.8329724879471
472,e,139.9396971172545,139.9396971172545,89.8329724879471,89.8329724879471
473,e,113.03474804179471,122.35322082403876,26.28227377650697,30.44327514376372
474,e,139.9396971172545,139.9396971172545,41.52410150730224,41.90416606448079
475,na,139.9396971172545,139.9396971172545,26.988439340830098,29.797378675293466
476,na,139.9396971172545,139.9396971172545,89.8329724879471,89.8329724879471
477,na,139.9396971172545,139.9396971172545,48.0596936352946,48.583322995381785
478,e,139.9396971172545,139.9396971172545,89.8329724879471,89.8329724879471
479,e,139.9396971172545,139.9396971172545,31.860110618910472,34.26688916844606
480,na,139.9396971172545,139.9396971172545,24.910210045437076,38.478601352237575
481,na,139.9396971172545,139.9396971172545,89.8329724879471,89.8329724879471
482,na,139.9396971172545,139.9396971172545,26.392200651911228,27.09634110047878
483,na,108.38844895323167,114.36482869080629,15.998800586563684,20.10785596170775
484,na,139.9396971172545,139.9396971172545,89.8329724879471,89.8329724879471
485,e,139.9396971172545,139.9396971172545,89.8329724879471,89.8329724879471
486,e,139.9396971172545,139.9396971172545,25.209745470873294,27.284827065881903
487,e,139.9396971172545,139.9396971172545,89.8329724879471,89.8329724879471
488,na,27.74177568889257,39.12944925961287,41.087485659136334,54.1546995329988
489,na,139.9396971172545,139.9396971172545,28.584884719745478,28.838550761334034
490,e,103.14977972980545,139.9396971172545,23.13838433705969,23.380533234219634
491,e,139.9396971172545,139.9396971172545,28.28734691867571,29.84042970946438
492,e,139.9396971172545,139.9396971172545,89.8329724879471,89.8329724879471
493,na,139.9396971172545,139.9396971172545,89.8329724879471,89.8329724879471
494,e,139.9396971172545,139.9396971172545,45.13241251814616,49.522177422969236
495,na,139.9396971172545,139.9396971172545,89.8329724879471,89.8329724879471
496,e,139.9396971172545,139.9396971172545,89.8329724879471,89.8329724879471
497,e,83.80531327967552,83.86054068915142,42.17386415236414,43.72677113600376
498,e,139.9396971172545,139.9396971172545,61.07438110570105,68.98380659743947
499,e,139.9396971172545,139.9396971172545,17.479106304029308,24.927378664545582
500,e,139.9396971172545,139.9396971172545,89.8329724879471,89.8329724879471
501,na,139.9396971172545,139.9396971172545,31.195840483408904,33.07183242180921
502,e,139.9396971172545,139.9396971172545,29.057723938828328,41.64042465027035
503,na,33.21018071599976,34.55848139604751,33.594785844102155,37.802569075489124
504,na,139.9396971172545,139.9396971172545,24.635678274674067,28.214568105443274
505,e,34.31822615239488,34.48314641064746,37.215279437279506,37.486344764503976
506,e,139.9396971172545,139.9396971172545,89.8329724879471,89.8329724879471
507,na,139.9396971172545,139.9396971172545,27.09697900124167,30.35846784230667
508,na,139.9396971172545,139.9396971172545,23.742408344817285,28.69703045910125
509,e,139.9396971172545,139.9396971172545,54.56601532941693,56.62407214166108
510,e,139.9396971172545,139.9396971172545,89.8329724879471,89.8329724879471
511,na,57.55014256312186,62.39702559083623,37.06253677139452,41.36933112659071
512,na,139.9396971172545,139.9396971172545,89.8329724879471,89.8329724879471
513,e,139.9396971172545,139.9396971172545,46.89605890373443,89.8329724879471
514,e,139.9396971172545,139.9396971172545,89.8329724879471,89.8329724879471
515,na,139.9396971172545,139.9396971172545,89.8329724879471,89.8329724879471
516,na,139.9396971172545,139.9396971172545,29.070289005242554,33.202662441239646
517,e,57.19427698737376,63.20959747669099,20.79881125231928,22.95524012276737
518,e,139.9396971172545,139.9396971172545,37.11759904299129,60.01465484401579
519,e,139.9396971172545,139.9396971172545,36.903497760789286,42.50691169261464
520,e,110.32640186106211,111.94810491284245,89.8329724879471,89.8329724879471
521,na,25.911322786852164,45.0886301033788,3.704219687083088,5.754482686219771
522,e,139.9396971172545,139.9396971172545,34.77719913407408,35.89566681078996
523,e,5.007564561375956,139.9396971172545,42.08694436124936,42.29214433995238
524,e,139.9396971172545,139.9396971172545,32.361111214369544,35.72764044033197
525,e,32.41021581576323,34.881752260978374,36.55582441469239,42.43350423603847
526,e,139.9396971172545,139.9396971172545,11.02919679277212,12.98644361246384
527,na,139.9396971172545,139.9396971172545,89.8329724879471,89.8329724879471
528,na,139.9396971172545,139.9396971172545,29.965533621998066,34.7977204624511
529,na,0,4.247175250891799,0,2.598798340859495
530,na,139.9396971172545,139.9396971172545,35.63397496075345,36.9098522431652
531,na,139.9396971172545,139.9396971172545,89.8329724879471,89.8329724879471
532,na,139.9396971172545,139.9396971172545,89.8329724879471,89.8329724879471
533,e,139.9396971172545,139.9396971172545,22.658960917318744,27.38980949869954
534,e,139.9396971172545,139.9396971172545,89.8329724879471,89.8329724879471
535,na,69.48034515103996,76.86166419150045,35.08565420596521,39.036605424427506
536,e,139.9396971172545,139.9396971172545,89.8329724879471,89.8329724879471
537,e,139.9396971172545,139.9396971172545,89.8329724879471,89.8329724879471
538,e,139.9396971172545,139.9396971172545,73.08859418499308,89.8329724879471
539,na,139.9396971172545,139.9396971172545,41.94073731871953,48.32321146330452
540,na,139.9396971172545,139.9396971172545,89.8329724879471,89.8329724879471
541,e,139.9396971172545,139.9396971172545,89.8329724879471,89.8329724879471
542,e,139.9396971172545,139.9396971172545,89.8329724879471,89.8329724879471
543,na,139.9396971172545,139.9396971172545,89.8329724879471,89.8329724879471
544,na,83.8505406812209,92.42196600435678,32.402183344351414,43.310042947279825
545,na,26.443544743549886,28.921547175206214,55.649550794037445,62.948685719721254
546,e,139.9396971172545,139.9396971172545,89.8329724879471,89.8329724879471
547,e,139.9396971172545,139.9396971172545,22.04032070372414,28.786098160174227
548,na,139.9396971172545,139.9396971172545,21.337085543948504,22.561451692824065
549,e,139.9396971172545,139.9396971172545,89.8329724879471,89.8329724879471
550,e,139.9396971172545,139.9396971172545,32.56094792317008,40.764833506126564
551,e,139.9396971172545,139.9396971172545,89.8329724879471,89.8329724879471
552,e,139.9396971172545,139.9396971172545,89.8329724879471,89.8329724879471
553,e,139.9396971172545,139.9396971172545,48.39099467302759,58.944640805812604
554,na,109.86359250082103,120.90580700766793,15.75483187421752,17.290582594849713
555,na,39.31862359076676,40.87339072472179,31.309122068176983,33.2388505039624
556,na,139.9396971172545,139.9396971172545,60.2277779209575,64.2564130393175
557,na,139.9396971172545,139.9396971172545,89.8329724879471,89.8329724879471
558,na,139.9396971172545,139.9396971172545,89.8329724879471,89.8329724879471
559,na,139.9396971172545,139.9396971172545,30.138543473872026,89.8329724879471
560,e,139.9396971172545,139.9396971172545,89.8329724879471,89.8329724879471
561,e,139.9396971172545,139.9396971172545,89.8329724879471,89.8329724879471
562,na,62.731442431769246,64.19122100343024,21.45358049529456,21.604295913589947
563,na,57.114714799557895,64.13742806192481,25.504750798336936,30.145756961763652
564,na,48.33860088114703,62.24472985162488,89.8329724879471,89.8329724879471
565,e,50.932439470111404,61.49682474710253,15.412819747849529,18.54165766465085
566,e,139.9396971172545,139.9396971172545,89.8329724879471,89.8329724879471
567,na,139.9396971172545,139.9396971172545,27.77624508581535,27.853864621456395
568,na,139.9396971172545,139.9396971172545,39.71304574874737,40.10802508162985
569,na,27.668126628550656,31.441155409383082,89.8329724879471,89.8329724879471
570,e,139.9396971172545,139.9396971172545,39.37105272482455,89.8329724879471
571,na,139.9396971172545,139.9396971172545,51.72331738842974,54.33009887518815
572,e,39.67136758134251,47.410112030088804,40.0420780430114,48.07105164271534
573,e,139.9396971172545,139.9396971172545,89.8329724879471,89.8329724879471
574,na,64.62827281910963,64.67693386376642,89.8329724879471,89.8329724879471
575,na,58.05694428675573,58.55720883806252,89.8329724879471,89.8329724879471
576,e,139.9396971172545,139.9396971172545,22.383647989455223,23.137237661373405
577,e,139.9396971172545,139.9396971172545,30.245472515440053,40.65787823961174
578,e,19.883922410715886,139.9396971172545,21.194223252449884,28.103998363102438
579,e,139.9396971172545,139.9396971172545,89.8329724879471,89.8329724879471
580,na,29.6792128384377,139.9396971172545,21.080965940087832,25.69614571436027
581,na,22.954203364606744,23.047479309856605,89.8329724879471,89.8329724879471
582,na,88.12913573134928,92.29636343737886,30.134021748622857,31.601841255024517
583,na,139.9396971172545,139.9396971172545,12.51109763063768,14.867823389203254
584,e,139.9396971172545,139.9396971172545,89.8329724879471,89.8329724879471
585,e,139.9396971172545,139.9396971172545,89.8329724879471,89.8329724879471
586,e,115.22967634109581,117.59380764707274,49.780772724839316,51.475254137755094
587,e,139.9396971172545,139.9396971172545,89.8329724879471,89.8329724879471
588,na,9.978433040796142,17.876901376012743,0.8787439089998978,5.719064953824714
589,na,139.9396971172545,139.9396971172545,31.21932242558502,45.92275055572804
590,e,139.9396971172545,139.9396971172545,89.8329724879471,89.8329724879471
591,na,139.9396971172545,139.9396971172545,32.667916677322296,34.252394018608534
592,e,139.9396971172545,139.9396971172545,89.8329724879471,89.8329724879471
593,na,139.9396971172545,139.9396971172545,89.8329724879471,89.8329724879471
594,e,139.9396971172545,139.9396971172545,89.8329724879471,89.8329724879471
595,e,139.9396971172545,139.9396971172545,89.8329724879471,89.8329724879471
596,na,61.83685323080167,64.28362759023727,30.436513145066908,32.38627110376762
597,na,139.9396971172545,139.9396971172545,32.64300557642822,35.98192518434667
598,e,139.9396971172545,139.9396971172545,89.8329724879471,89.8329724879471
599,na,139.9396971172545,139.9396971172545,89.8329724879471,89.8329724879471
600,e,139.9396971172545,139.9396971172545,89.8329724879471,89.8329724879471
601,e,35.539913938051434,36.96045334527681,89.8329724879471,89.8329724879471
602,e,139.9396971172545,139.9396971172545,89.8329724879471,89.8329724879471
603,na,139.9396971172545,139.9396971172545,89.8329724879471,89.8329724879471
604,e,139.9396971172545,139.9396971172545,89.8329724879471,89.8329724879471
605,e,139.9396971172545,139.9396971172545,89.8329724879471,89.8329724879471
606,na,139.9396971172545,139.9396971172545,35.55336670553577,89.8329724879471
607,na,58.06051098453622,58.37986128124804,21.90203068706866,22.49070135972007
608,e,139.9396971172545,139.9396971172545,89.8329724879471,89.8329724879471
609,e,139.9396971172545,139.9396971172545,24.96878499451071,37.66880601436819
610,e,139.9396971172545,139.9396971172545,89.8329724879471,89.8329724879471
611,e,139.9396971172545,139.9396971172545,44.469521716065984,44.762353240394305
612,na,139.9396971172545,139.9396971172545,54.98274806498712,61.67410344099609
613,na,139.9396971172545,139.9396971172545,89.8329724879471,89.8329724879471
614,e,139.9396971172545,139.9396971172545,56.1277828968651,56.860224168347095
615,na,139.9396971172545,139.9396971172545,89.8329724879471,89.8329724879471
616,na,139.9396971172545,139.9396971172545,89.8329724879471,89.8329724879471
617,na,139.9396971172545,139.9396971172545,89.8329724879471,89.8329724879471
618,na,69.00816457964501,76.20279183133016,89.8329724879471,89.8329724879471
619,na,42.02067160324066,42.57078058496272,28.660463289300992,41.71610716421995
620,e,139.9396971172545,139.9396971172545,38.926073814269465,50.313067612015026
621,na,139.9396971172545,139.9396971172545,89.8329724879471,89.8329724879471
622,na,139.9396971172545,139.9396971172545,89.8329724879471,89.8329724879471
623,e,139.9396971172545,139.9396971172545,18.248330533628994,25.546400151312234
624,na,139.9396971172545,139.9396971172545,41.873183931678376,41.88496441304498
625,na,78.53181227753197,80.07147972731686,21.27306291524459,21.61542437653429
626,e,139.9396971172545,139.9396971172545,89.8329724879471,89.8329724879471
627,e,139.9396971172545,139.9396971172545,51.867729967880486,56.076802101036364
628,e,139.9396971172545,139.9396971172545,89.8329724879471,89.8329724879471
629,na,109.9013083132149,117.04293866575738,30.59329977161767,38.56053718842943
630,e,139.9396971172545,139.9396971172545,89.8329724879471,89.8329724879471
631,e,60.648145833851295,64.42164195143626,41.32648941512228,59.87940621874967
632,na,139.9396971172545,139.9396971172545,25.235615511018622,30.337915275628504
633,e,139.9396971172545,139.9396971172545,20.105320250124848,21.275302269192192
634,e,139.9396971172545,139.9396971172545,89.8329724879471,89.8329724879471
635,na,108.97862091742618,139.9396971172545,34.77061845076765,37.6780455064366
636,e,139.9396971172545,139.9396971172545,89.8329724879471,89.8329724879471
637,na,139.9396971172545,139.9396971172545,89.8329724879471,89.8329724879471
638,e,139.9396971172545,139.9396971172545,89.8329724879471,89.8329724879471
639,na,139.9396971172545,139.9396971172545,36.075649994312165,45.059606275643326
640,e,139.9396971172545,139.9396971172545,89.8329724879471,89.8329724879471
641,na,139.9396971172545,139.9396971172545,89.8329724879471,89.8329724879471
642,na,139.9396971172545,139.9396971172545,47.43416180632168,51.34059884405661
643,na,70.18990424270318,71.89856462398532,89.8329724879471,89.8329724879471
644,na,120.13468804867209,121.67261623044634,30.793249878888677,34.26406197684864
645,na,139.9396971172545,139.9396971172545,89.8329724879471,89.8329724879471
646,na,139.9396971172545,139.9396971172545,89.8329724879471,89.8329724879471
647,na,139.9396971172545,139.9396971172545,89.8329724879471,89.8329724879471
648,e,139.9396971172545,139.9396971172545,89.8329724879471,89.8329724879471
649,na,139.9396971172545,139.9396971172545,89.8329724879471,89.8329724879471
650,e,139.9396971172545,139.9396971172545,89.8329724879471,89.8329724879471
651,e,139.9396971172545,139.9396971172545,89.8329724879471,89.8329724879471
652,e,139.9396971172545,139.9396971172545,89.8329724879471,89.8329724879471
653,na,139.9396971172545,139.9396971172545,29.014602071328028,31.007772524455735
654,na,139.9396971172545,139.9396971172545,20.73522865488528,22.303426964734058
655,e,139.9396971172545,139.9396971172545,33.046743026451345,33.760422993135684
656,e,139.9396971172545,139.9396971172545,89.8329724879471,89.8329724879471
657,e,139.9396971172545,139.9396971172545,20.926186135918915,23.569595786132748
658,e,139.9396971172545,139.9396971172545,55.571728179780884,57.70079515637524
659,na,139.9396971172545,139.9396971172545,89.8329724879471,89.8329724879471
660,e,139.9396971172545,139.9396971172545,89.8329724879471,89.8329724879471
661,e,75.5597801736063,76.91700196203264,33.70185912456684,33.93364483655005
662,e,93.05644780705335,98.45561681410071,33.02065973805615,33.56102087396621
663,e,139.9396971172545,139.9396971172545,89.8329724879471,89.8329724879471
664,na,139.9396971172545,139.9396971172545,31.603737599980242,31.6172471988815
665,na,139.9396971172545,139.9396971172545,89.8329724879471,89.8329724879471
666,na,139.9396971172545,139.9396971172545,89.8329724879471,89.8329724879471
667,e,139.9396971172545,139.9396971172545,89.8329724879471,89.8329724879471
668,e,139.9396971172545,139.9396971172545,36.230131529933644,37.06545373466565
669,na,139.9396971172545,139.9396971172545,37.843795280074715,40.40318593329482
670,na,139.9396971172545,139.9396971172545,89.8329724879471,89.8329724879471
671,e,139.9396971172545,139.9396971172545,89.8329724879471,89.8329724879471
672,na,51.43641246867338,54.521168586131246,25.030911737108184,25.64902258006555
673,e,139.9396971172545,139.9396971172545,89.8329724879471,89.8329724879471
674,na,139.9396971172545,139.9396971172545,89.8329724879471,89.8329724879471
675,na,60.57108936630964,63.3924795726111,30.15327867593061,42.33278184310118
676,e,139.9396971172545,139.9396971172545,89.8329724879471,89.8329724879471
677,na,47.46022316639314,58.66216588980415,45.194342792923855,52.90522201863473
678,e,139.9396971172545,139.9396971172545,89.8329724879471,89.8329724879471
679,na,139.9396971172545,139.9396971172545,89.8329724879471,89.8329724879471
680,e,139.9396971172545,139.9396971172545,89.8329724879471,89.8329724879471
681,e,139.9396971172545,139.9396971172545,89.8329724879471,89.8329724879471
682,na,55.10199602889951,56.55085132985654,30.748143776682745,33.34264100758318
683,na,139.9396971172545,139.9396971172545,61.82885534843012,65.61338944813404
684,na,139.9396971172545,139.9396971172545,30.519208859713235,50.69676571795752
685,e,139.9396971172545,139.9396971172545,18.819020124077195,19.622041550299524
686,na,139.9396971172545,139.9396971172545,47.339796630183145,52.30548394109024
687,e,139.9396971172545,139.9396971172545,25.722505613439438,27.89547771894074
688,e,67.20706090636976,67.89877884909255,89.8329724879471,89.8329724879471
689,na,139.9396971172545,139.9396971172545,89.8329724879471,89.8329724879471
690,e,119.35820974731296,122.50646335774204,35.96041359780158,39.898591589678524
691,na,139.9396971172545,139.9396971172545,34.88554104583586,38.18781471832596
692,na,139.9396971172545,139.9396971172545,43.69179709078512,60.35676694164956
693,e,139.9396971172545,139.9396971172545,34.8775119888834,36.088933807066546
694,e,139.9396971172545,139.9396971172545,34.1507078511648,39.42493424296385
695,e,139.9396971172545,139.9396971172545,89.8329724879471,89.8329724879471
696,e,52.97537757003961,55.96401256046202,45.04748516802684,89.8329724879471
697,e,139.9396971172545,139.9396971172545,32.10752867824187,32.78526769475121
698,na,139.9396971172545,139.9396971172545,89.8329724879471,89.8329724879471
699,e,139.9396971172545,139.9396971172545,89.8329724879471,89.8329724879471
700,na,128.0672593945692,128.8529218214252,21.306611294738428,32.09726396744036
701,e,139.9396971172545,139.9396971172545,40.90245274136872,41.854898579393414
702,e,139.9396971172545,139.9396971172545,36.21834434886634,50.5953607449053
703,e,52.33782254838296,59.75403339842046,29.33528546281454,35.554791431602574
704,na,139.9396971172545,139.9396971172545,24.809229872939486,28.223996370115405
705,na,139.9396971172545,139.9396971172545,89.8329724879471,89.8329724879471
706,e,139.9396971172545,139.9396971172545,89.8329724879471,89.8329724879471
707,na,51.14159087574252,57.86551078889426,89.8329724879471,89.8329724879471
708,e,139.9396971172545,139.9396971172545,35.87707045361516,37.20949470113192
709,e,139.9396971172545,139.9396971172545,34.52677413267013,44.64594809462834
710,e,139.9396971172545,139.9396971172545,89.8329724879471,89.8329724879471
711,na,48.088267854725416,56.29917911451835,49.174116153078536,53.7966312686725
712,e,45.82017811429261,46.393276083456804,34.00296443402777,35.78770647229096
713,e,139.9396971172545,139.9396971172545,45.35707707127731,89.8329724879471
714,na,139.9396971172545,139.9396971172545,89.8329724879471,89.8329724879471
715,e,139.9396971172545,139.9396971172545,89.8329724879471,89.8329724879471
716,e,139.9396971172545,139.9396971172545,89.8329724879471,89.8329724879471
717,na,139.9396971172545,139.9396971172545,89.8329724879471,89.8329724879471
718,e,122.90775009484562,123.47347755086875,38.629567322075744,89.8329724879471
719,e,139.9396971172545,139.9396971172545,38.83242375893442,39.415056286590605
720,e,139.9396971172545,139.9396971172545,30.856413992800544,34.69393103843917
721,e,139.9396971172545,139.9396971172545,89.8329724879471,89.8329724879471
722,e,139.9396971172545,139.9396971172545,89.8329724879471,89.8329724879471
723,e,139.9396971172545,139.9396971172545,89.8329724879471,89.8329724879471
724,na,139.9396971172545,139.9396971172545,89.8329724879471,89.8329724879471
725,na,139.9396971172545,139.9396971172545,89.8329724879471,89.8329724879471
726,na,88.64590313224879,96.3039359505835,89.8329724879471,89.8329724879471
727,na,86.62287665801539,100.52768950834951,27.179821500632013,30.512683463554552
728,na,139.9396971172545,139.9396971172545,89.8329724879471,89.8329724879471
729,na,139.9396971172545,139.9396971172545,89.8329724879471,89.8329724879471
730,e,115.1286834679308,115.15796177587848,89.8329724879471,89.8329724879471
731,e,139.9396971172545,139.9396971172545,41.84787621473839,43.67741626383083
732,e,139.9396971172545,139.9396971172545,24.33293724355499,32.77973756016335
733,e,139.9396971172545,139.9396971172545,89.8329724879471,89.8329724879471
734,e,139.9396971172545,139.9396971172545,19.948221466198977,20.77728006313906
735,e,139.9396971172545,139.9396971172545,89.8329724879471,89.8329724879471
736,na,139.9396971172545,139.9396971172545,89.8329724879471,89.8329724879471
737,na,139.9396971172545,139.9396971172545,19.73915500109315,20.707637499139423
738,e,139.9396971172545,139.9396971172545,11.208490924075214,11.497919023672333
739,na,139.9396971172545,139.9396971172545,89.8329724879471,89.8329724879471
740,na,42.36274412282629,44.2748925728127,89.8329724879471,89.8329724879471
741,e,139.9396971172545,139.9396971172545,89.8329724879471,89.8329724879471
742,na,40.776370491627404,41.318349154538375,89.8329724879471,89.8329724879471
743,e,139.9396971172545,139.9396971172545,89.8329724879471,89.8329724879471
744,na,139.9396971172545,139.9396971172545,89.8329724879471,89.8329724879471
745,e,139.9396971172545,139.9396971172545,24.87172733198063,26.87671854652464
746,na,139.9396971172545,139.9396971172545,41.352571744443985,46.717306808497334
747,e,139.9396971172545,139.9396971172545,89.8329724879471,89.8329724879471
748,na,39.4210478770373,39.549212711124405,27.590567188443544,28.02540090956408
749,na,139.9396971172545,139.9396971172545,89.8329724879471,89.8329724879471
750,na,139.9396971172545,139.9396971172545,89.8329724879471,89.8329724879471
751,na,139.9396971172545,139.9396971172545,89.8329724879471,89.8329724879471
752,e,21.548254672816846,139.9396971172545,89.8329724879471,89.8329724879471
753,na,139.9396971172545,139.9396971172545,89.8329724879471,89.8329724879471
754,e,139.9396971172545,139.9396971172545,89.8329724879471,89.8329724879471
755,e,139.9396971172545,139.9396971172545,35.28335695250085,37.54528844731836
756,na,139.9396971172545,139.9396971172545,43.331800524173744,44.62029515203413
757,e,139.9396971172545,139.9396971172545,44.043967054857994,48.06373455774944
758,e,139.9396971172545,139.9396971172545,63.79346335880172,67.03540156167281
759,e,139.9396971172545,139.9396971172545,59.92915666952323,60.528965086603904
760,e,139.9396971172545,139.9396971172545,55.504928441253234,60.7006933316302
761,e,40.79831432015642,43.12664555309905,31.20447890729532,32.51623865317563
762,na,34.040268114508635,34.968893165521564,89.8329724879471,89.8329724879471
763,na,66.9833398302092,70.62486724281692,47.619374288112574,49.84074784188862
764,e,50.198576068339236,66.16124661377758,34.731655383720714,34.763162330567205
765,na,139.9396971172545,139.9396971172545,34.24988461775578,89.8329724879471
766,na,139.9396971172545,139.9396971172545,89.8329724879471,89.8329724879471
767,e,139.9396971172545,139.9396971172545,89.8329724879471,89.8329724879471
768,e,139.9396971172545,139.9396971172545,89.8329724879471,89.8329724879471
769,na,139.9396971172545,139.9396971172545,32.46555978147613,38.768363316015346
770,na,139.9396971172545,139.9396971172545,26.92824462835339,34.369474601961244
771,na,139.9396971172545,139.9396971172545,89.8329724879471,89.8329724879471
772,e,139.9396971172545,139.9396971172545,89.8329724879471,89.8329724879471
773,na,139.9396971172545,139.9396971172545,89.8329724879471,89.8329724879471
774,na,139.9396971172545,139.9396971172545,32.63395450917386,36.630199904736486
775,na,139.9396971172545,139.9396971172545,89.8329724879471,89.8329724879471
776,na,28.693658669362417,34.28671497778761,30.473979700757585,35.32230119426943
777,na,139.9396971172545,139.9396971172545,89.8329724879471,89.8329724879471
778,e,56.985510674094684,57.856535168614926,34.0032401192187,36.538625246483335
779,na,139.9396971172545,139.9396971172545,89.8329724879471,89.8329724879471
780,na,139.9396971172545,139.9396971172545,89.8329724879471,89.8329724879471
781,e,139.9396971172545,139.9396971172545,44.92018025390665,44.951248364015854
782,e,139.9396971172545,139.9396971172545,26.278620358279717,27.614516361697913
783,na,19.37312176768559,19.897144230922642,32.415259043350815,41.13813702250279
784,e,139.9396971172545,139.9396971172545,89.8329724879471,89.8329724879471
785,e,53.89100317706722,56.554136369119654,89.8329724879471,89.8329724879471
786,e,139.9396971172545,139.9396971172545,57.57743827905694,57.93034511428904
787,na,63.36484764582944,63.420108126183436,89.8329724879471,89.8329724879471
788,na,32.744432805364006,36.26110604144026,23.974402008720716,38.39035436257349
789,na,139.9396971172545,139.9396971172545,38.32848584901989,41.62282849942087
790,e,139.9396971172545,139.9396971172545,89.8329724879471,89.8329724879471
791,na,139.9396971172545,139.9396971172545,89.8329724879471,89.8329724879471
792,na,139.9396971172545,139.9396971172545,89.8329724879471,89.8329724879471
793,na,18.26667990115152,24.15571219518331,28.811612201959214,42.409721079699956
794,e,139.9396971172545,139.9396971172545,89.8329724879471,89.8329724879471
795,na,117.54527629488841,118.59808574553145,28.69828564292165,30.164745957791332
796,na,139.9396971172545,139.9396971172545,89.8329724879471,89.8329724879471
797,na,52.67414718544079,59.432372139230566,89.8329724879471,89.8329724879471
798,na,139.9396971172545,139.9396971172545,89.8329724879471,89.8329724879471
799,e,139.9396971172545,139.9396971172545,89.8329724879471,89.8329724879471
800,na,139.9396971172545,139.9396971172545,89.8329724879471,89.8329724879471
801,na,139.9396971172545,139.9396971172545,89.8329724879471,89.8329724879471
802,e,139.9396971172545,139.9396971172545,89.8329724879471,89.8329724879471
803,e,139.9396971172545,139.9396971172545,89.8329724879471,89.8329724879471
804,na,139.9396971172545,139.9396971172545,55.04473267778541,89.8329724879471
805,na,139.9396971172545,139.9396971172545,89.8329724879471,89.8329724879471
806,e,139.9396971172545,139.9396971172545,30.322312640210875,35.02153620986092
807,e,139.9396971172545,139.9396971172545,89.8329724879471,89.8329724879471
808,e,139.9396971172545,139.9396971172545,18.65936888741521,28.388682983493165
809,na,46.711484819652625,54.75124350464724,25.24505154333617,32.719341032290984
810,na,139.9396971172545,139.9396971172545,89.8329724879471,89.8329724879471
811,na,139.9396971172545,139.9396971172545,89.8329724879471,89.8329724879471
812,e,139.9396971172545,139.9396971172545,89.8329724879471,89.8329724879471
813,na,139.9396971172545,139.9396971172545,89.8329724879471,89.8329724879471
814,e,139.9396971172545,139.9396971172545,37.892432266834824,47.89448713693002
815,e,139.9396971172545,139.9396971172545,89.8329724879471,89.8329724879471
816,e,139.9396971172545,139.9396971172545,35.178638398950135,36.814077000984774
817,e,139.9396971172545,139.9396971172545,42.55781398828068,89.8329724879471
818,na,139.9396971172545,139.9396971172545,89.8329724879471,89.8329724879471
819,e,95.54252497917848,100.3592683223878,23.255421238794955,32.30026588319141
820,na,81.81672292871524,87.19400749927807,61.55273534371439,62.501196539285495
821,na,48.31604179451332,51.101135693652424,89.8329724879471,89.8329724879471
822,na,139.9396971172545,139.9396971172545,89.8329724879471,89.8329724879471
823,e,56.50950856700536,60.287494154468185,39.820766318983004,47.680671044930826
824,e,139.9396971172545,139.9396971172545,89.8329724879471,89.8329724879471
825,na,38.59940591379092,43.505466882801905,46.3031347262792,47.17819614182698
826,na,139.9396971172545,139.9396971172545,89.8329724879471,89.8329724879471
827,na,45.75766568511398,46.30132595899761,28.210334634770742,40.700189692045825
828,na,139.9396971172545,139.9396971172545,89.8329724879471,89.8329724879471
829,e,139.9396971172545,139.9396971172545,89.8329724879471,89.8329724879471
830,e,139.9396971172545,139.9396971172545,89.8329724879471,89.8329724879471
831,na,30.711592530796928,32.41690413465487,44.80664588178386,52.34585110348028
832,e,139.9396971172545,139.9396971172545,45.81338820060252,49.011434048482386
833,e,139.9396971172545,139.9396971172545,37.21474292008484,47.59719615581837
834,na,139.9396971172545,139.9396971172545,89.8329724879471,89.8329724879471
835,e,4.548673423921467,9.551707955851215,41.82124939033271,46.35067149249532
836,e,139.9396971172545,139.9396971172545,18.63982849827492,19.468366902109057
837,e,139.9396971172545,139.9396971172545,21.44013003518602,27.09730385002981
838,na,60.30642306003023,61.86103548926024,36.19587410720439,55.00757695728045
839,na,37.55378460559922,39.643405487938345,89.8329724879471,89.8329724879471
840,e,139.9396971172545,139.9396971172545,34.48030666777593,36.35315608419573
841,na,139.9396971172545,139.9396971172545,20.782534512141307,33.33090275254404
842,e,139.9396971172545,139.9396971172545,19.653665475797236,89.8329724879471
843,e,139.9396971172545,139.9396971172545,89.8329724879471,89.8329724879471
844,na,139.9396971172545,139.9396971172545,39.00106756318599,46.558595600236124
845,e,139.9396971172545,139.9396971172545,89.8329724879471,89.8329724879471
846,e,139.9396971172545,139.9396971172545,7.79398363100879,9.872200368094248
847,na,139.9396971172545,139.9396971172545,61.612702875420695,62.069036355589255
848,na,139.9396971172545,139.9396971172545,20.789863559428902,89.8329724879471
849,na,139.9396971172545,139.9396971172545,89.8329724879471,89.8329724879471
850,na,40.8583791388438,46.32233743644476,89.8329724879471,89.8329724879471
851,e,139.9396971172545,139.9396971172545,89.8329724879471,89.8329724879471
852,na,72.85967204457543,78.96493833669062,89.8329724879471,89.8329724879471
853,na,139.9396971172545,139.9396971172545,89.8329724879471,89.8329724879471
854,e,139.9396971172545,139.9396971172545,39.375689941852926,46.67299989100489
855,e,22.02699033477686,24.558480513569133,89.8329724879471,89.8329724879471
856,na,60.94778017091129,84.08466543403385,43.79659163045044,48.753946900402205
857,e,75.70070279536375,139.9396971172545,28.14580881630235,34.39227654287954
858,na,139.9396971172545,139.9396971172545,23.53153822006357,23.80948319203218
859,e,139.9396971172545,139.9396971172545,19.220129902648278,23.121976891021333
860,e,139.9396971172545,139.9396971172545,44.822829502162314,46.49326669979174
861,e,41.048993183540304,41.90367105932885,30.207299288193198,36.54690069209805
862,na,52.66346719647573,61.39774037771498,15.714179538436603,16.348730274874537
863,e,139.9396971172545,139.9396971172545,34.79499611852584,37.78493696239077
864,e,139.9396971172545,139.9396971172545,30.991274840372945,43.22791946526034
865,na,139.9396971172545,139.9396971172545,44.59534759710643,62.84891202629657
866,na,139.9396971172545,139.9396971172545,89.8329724879471,89.8329724879471
867,na,139.9396971172545,139.9396971172545,89.8329724879471,89.8329724879471
868,e,139.9396971172545,139.9396971172545,22.09357799889375,22.39481163310444
869,na,139.9396971172545,139.9396971172545,36.43897384887052,37.6859123036597
870,e,139.9396971172545,139.9396971172545,11.519302601552097,12.914576947400995
871,na,139.9396971172545,139.9396971172545,14.863840496749724,29.060554690144368
872,e,139.9396971172545,139.9396971172545,55.072500995170834,59.384858986151784
873,e,139.9396971172545,139.9396971172545,89.8329724879471,89.8329724879471
874,e,53.91734543524116,60.406065740535695,89.8329724879471,89.8329724879471
875,e,127.16221599937319,128.61000270551202,89.8329724879471,89.8329724879471
876,e,139.9396971172545,139.9396971172545,33.785478541424226,37.875452276022166
877,e,139.9396971172545,139.9396971172545,30.925705958355596,33.32118958911699
878,na,139.9396971172545,139.9396971172545,89.8329724879471,89.8329724879471
879,na,139.9396971172545,139.9396971172545,89.8329724879471,89.8329724879471
880,na,139.9396971172545,139.9396971172545,89.8329724879471,89.8329724879471
881,na,139.9396971172545,139.9396971172545,89.8329724879471,89.8329724879471
882,e,139.9396971172545,139.9396971172545,38.83938160839306,62.18165327203121
883,na,139.9396971172545,139.9396971172545,89.8329724879471,89.8329724879471
884,na,139.9396971172545,139.9396971172545,28.857528567561108,38.271746936189906
885,na,139.9396971172545,139.9396971172545,76.91554949429467,89.8329724879471
886,e,139.9396971172545,139.9396971172545,35.990734800961725,42.081606073827544
887,na,139.9396971172545,139.9396971172545,45.60977625979556,46.171613910520925
888,e,20.68569920073373,25.02777955939533,49.438180445195705,52.36896317981975
889,na,139.9396971172545,139.9396971172545,41.87949064712527,54.353251937748176
890,e,139.9396971172545,139.9396971172545,19.927013680258984,23.854617473313834
891,na,139.9396971172545,139.9396971172545,89.8329724879471,89.8329724879471
892,e,139.9396971172545,139.9396971172545,24.838075648233485,89.8329724879471
893,na,80.99294644407655,139.9396971172545,42.45923835831591,43.273006347850114
894,na,139.9396971172545,139.9396971172545,89.8329724879471,89.8329724879471
895,na,139.9396971172545,139.9396971172545,35.28992535316237,36.251724806013975
896,na,139.9396971172545,139.9396971172545,50.26395726195782,64.80580082167317
897,e,139.9396971172545,139.9396971172545,89.8329724879471,89.8329724879471
898,na,139.9396971172545,139.9396971172545,89.8329724879471,89.8329724879471
899,na,139.9396971172545,139.9396971172545,89.8329724879471,89.8329724879471
900,na,139.9396971172545,139.9396971172545,30.479507799832547,37.72389449336058
901,na,22.283242877145913,35.27049422687691,41.23196440262329,43.60963262884496
902,e,32.97059861816182,33.11484195235415,34.96106671470916,39.39968391019841
903,e,139.9396971172545,139.9396971172545,89.8329724879471,89.8329724879471
904,na,77.00888548504481,77.51254153306371,16.00252753840668,21.187620430355043
905,na,17.17121816848623,25.537781551659414,89.8329724879471,89.8329724879471
906,e,139.9396971172545,139.9396971172545,11.761753531647104,14.511173359057944
907,e,139.9396971172545,139.9396971172545,35.20474638293794,45.726314324387566
908,e,139.9396971172545,139.9396971172545,89.8329724879471,89.8329724879471
909,na,139.9396971172545,139.9396971172545,89.8329724879471,89.8329724879471
910,e,139.9396971172545,139.9396971172545,31.46773609573673,89.8329724879471
911,na,139.9396971172545,139.9396971172545,50.33134771088453,51.16668368021746
912,na,39.02777648645561,39.92372717266813,17.421525241053754,24.287913584923636
913,na,43.77293431503182,52.68387390649346,46.68498079708916,47.989518930899195
914,e,33.479094733014385,35.20254770051191,48.4066755317027,51.994519872085185
915,na,139.9396971172545,139.9396971172545,55.407345264520465,56.429947508512065
916,e,139.9396971172545,139.9396971172545,30.918091530191795,31.489643189650884
917,na,139.9396971172545,139.9396971172545,89.8329724879471,89.8329724879471
918,na,139.9396971172545,139.9396971172545,89.8329724879471,89.8329724879471
919,e,139.9396971172545,139.9396971172545,21.869711751373526,24.76565399289948
920,na,71.09037156434181,71.09820697315503,28.911835998481987,39.03254421028053
921,na,139.9396971172545,139.9396971172545,89.8329724879471,89.8329724879471
922,na,112.07026661219206,116.07916187252081,41.322871134297976,43.30187182169513
923,na,139.9396971172545,139.9396971172545,89.8329724879471,89.8329724879471
924,na,139.9396971172545,139.9396971172545,36.67616021370874,37.97857104256755
925,na,139.9396971172545,139.9396971172545,89.8329724879471,89.8329724879471
926,e,139.9396971172545,139.9396971172545,89.8329724879471,89.8329724879471
927,na,139.9396971172545,139.9396971172545,35.557261093397514,36.6316994668921
928,na,43.92183355893369,47.18513789631208,20.957512120865164,89.8329724879471
929,na,121.92402890707763,130.0573824778083,26.86574334082677,31.145683828122134
930,e,139.9396971172545,139.9396971172545,49.241716112301965,50.25839722724746
931,na,68.96853141010389,81.08876004908299,40.65330474438638,41.07642913716346
932,na,-1,0,-1,0
933,na,139.9396971172545,139.9396971172545,89.8329724879471,89.8329724879471
934,na,139.9396971172545,139.9396971172545,89.8329724879471,89.8329724879471
935,e,139.9396971172545,139.9396971172545,89.8329724879471,89.8329724879471
936,na,139.9396971172545,139.9396971172545,89.8329724879471,89.8329724879471
937,na,139.9396971172545,139.9396971172545,30.638883678497564,38.80516137996133
938,na,139.9396971172545,139.9396971172545,27.817920268444873,34.20884471690127
939,e,139.9396971172545,139.9396971172545,38.208335979371675,42.323220318576894
940,na,139.9396971172545,139.9396971172545,52.947609992890165,53.885102004885
941,na,139.9396971172545,139.9396971172545,35.93183079028534,37.074081993345224
942,e,139.9396971172545,139.9396971172545,89.8329724879471,89.8329724879471
943,na,139.9396971172545,139.9396971172545,23.780264534070387,29.853233500033465
944,na,139.9396971172545,139.9396971172545,89.8329724879471,89.8329724879471
945,na,139.9396971172545,139.9396971172545,39.17802846969386,50.06348702319013
946,na,139.9396971172545,139.9396971172545,23.111181264865213,24.580183168709283
947,na,139.9396971172545,139.9396971172545,89.8329724879471,89.8329724879471
948,na,53.189055685942435,56.09568540204111,89.8329724879471,89.8329724879471
949,e,139.9396971172545,139.9396971172545,35.028090173233664,37.49460946625161
950,e,139.9396971172545,139.9396971172545,89.8329724879471,89.8329724879471
951,e,139.9396971172545,139.9396971172545,89.8329724879471,89.8329724879471
952,e,139.9396971172545,139.9396971172545,89.8329724879471,89.8329724879471
953,e,139.9396971172545,139.9396971172545,32.279120801547755,44.33980696740794
954,e,139.9396971172545,139.9396971172545,37.89467376422477,38.43349821338986
955,na,139.9396971172545,139.9396971172545,89.8329724879471,89.8329724879471
956,e,139.9396971172545,139.9396971172545,89.8329724879471,89.8329724879471
957,e,139.9396971172545,139.9396971172545,34.33391507872717,35.86164500589627
958,na,139.9396971172545,139.9396971172545,89.8329724879471,89.8329724879471
959,e,139.9396971172545,139.9396971172545,30.051134435238204,30.76055103375994
960,e,139.9396971172545,139.9396971172545,89.8329724879471,89.8329724879471
961,na,139.9396971172545,139.9396971172545,28.66528397937652,34.420092471885056
962,e,118.94554832513688,132.80054684859664,49.94538880231561,51.19985711833833
963,na,139.9396971172545,139.9396971172545,26.452163047992194,26.782474698009956
964,na,139.9396971172545,139.9396971172545,89.8329724879471,89.8329724879471
965,e,139.9396971172545,139.9396971172545,48.12815676281084,53.26364426124113
966,na,139.9396971172545,139.9396971172545,89.8329724879471,89.8329724879471
967,e,139.9396971172545,139.9396971172545,19.71474542439636,22.89125242219041
968,e,139.9396971172545,139.9396971172545,43.16082616564859,89.8329724879471
969,na,139.9396971172545,139.9396971172545,89.8329724879471,89.8329724879471
970,e,47.84115577534942,70.54744044527456,12.338326909328437,38.616517545408584
971,e,116.48321864244137,122.43202704126892,35.639218318556146,89.8329724879471
972,e,139.9396971172545,139.9396971172545,79.59375862114251,79.64838736804637
973,e,139.9396971172545,139.9396971172545,89.8329724879471,89.8329724879471
974,na,139.9396971172545,139.9396971172545,89.8329724879471,89.8329724879471
975,e,139.9396971172545,139.9396971172545,38.038609620900566,46.24143957485166
976,e,139.9396971172545,139.9396971172545,89.8329724879471,89.8329724879471
977,e,18.12889893037157,30.041552775372228,23.05791896772907,24.79503800784738
978,e,35.12903165443935,38.273754161502524,35.56236598448467,38.46371421188473
979,na,51.938399838385095,139.9396971172545,89.8329724879471,89.8329724879471
980,e,139.9396971172545,139.9396971172545,35.01478126246706,42.742745023165796
981,e,139.9396971172545,139.9396971172545,27.315569290473125,30.6592141248825
982,na,139.9396971172545,139.9396971172545,34.21131011209626,36.017496873461475
983,na,32.966481207219566,33.283882461308075,24.14293431974988,30.07284745806201
984,e,139.9396971172545,139.9396971172545,13.214906412680225,15.183571360991541
985,e,139.9396971172545,139.9396971172545,89.8329724879471,89.8329724879471
986,na,139.9396971172545,139.9396971172545,45.26153476855803,59.93893860063544
987,na,139.9396971172545,139.9396971172545,89.8329724879471,89.8329724879471
988,na,120.38195908043512,124.90360391091725,24.284369625671854,26.108336081822653
989,e,139.9396971172545,139.9396971172545,89.8329724879471,89.8329724879471
990,na,139.9396971172545,139.9396971172545,27.548915479359014,27.862843985935505
991,e,139.9396971172545,139.9396971172545,89.8329724879471,89.8329724879471
992,na,112.12567920336693,114.70287301290503,41.05208711838171,48.26747294960815
993,na,139.9396971172545,139.9396971172545,5.949001110571853,6.89201215690954
994,na,139.9396971172545,139.9396971172545,40.65512075509307,41.41738885253496
995,na,139.9396971172545,139.9396971172545,19.280287708597033,20.037622446080956
996,e,139.9396971172545,139.9396971172545,89.8329724879471,89.8329724879471
997,na,30.582381713408868,139.9396971172545,53.83408475728104,54.39419837614011
998,na,-1,0,-1,0
999,na,139.9396971172545,139.9396971172545,89.8329724879471,89.8329724879471
