node, assignment, time2inf_trt, time2death_trt, time2inf_con, time2death_con
0,na,0,2.404102137721936,0,5.591437033338489
1,na,-1,0,-1,0
2,na,0,5.223448955166245,0,1.087748082915962
3,na,88.86868881329971,88.86868881329971,65.67280025566419,65.67280025566419
4,na,14.089781178464058,32.56750926530385,15.845721950228183,25.712190326960016
5,na,33.423088309287515,42.69007588932078,23.73655411048379,31.230298610278563
6,na,88.86868881329971,88.86868881329971,65.67280025566419,65.67280025566419
7,e,34.98908472556442,46.629682278688946,32.0000402635987,36.14709825724577
8,na,31.42697091511474,31.499117439225675,24.578312394022195,28.115589970149195
9,na,22.904696188414373,35.559513130261045,65.67280025566419,65.67280025566419
10,na,2.1722761965252184,5.971816953988335,1.6806862017371018,17.678775813343773
11,na,88.86868881329971,88.86868881329971,65.67280025566419,65.67280025566419
12,na,88.86868881329971,88.86868881329971,65.67280025566419,65.67280025566419
13,na,0,4.91704969999577,0,6.6046204078853785
14,na,9.484220437062636,15.382747531426109,65.67280025566419,65.67280025566419
15,na,5.219810446353348,5.804394876521284,65.67280025566419,65.67280025566419
16,na,19.236088964802807,24.623921609027555,19.635498076908213,21.923705520694085
17,na,6.3060998257130745,15.121564914569326,32.10586711122437,34.883698691768394
18,na,88.86868881329971,88.86868881329971,3.5067094336877664,15.923221738936478
19,na,44.597617432802366,44.830661125096206,12.540843849682608,14.954698500327446
20,na,29.943062945867133,32.12238753775349,65.67280025566419,65.67280025566419
21,na,29.236670265079564,31.242217106948395,65.67280025566419,65.67280025566419
22,na,18.132234445297012,24.045915561755496,14.435836382123645,19.584863973138802
23,na,42.96407156270555,44.99945307220663,65.67280025566419,65.67280025566419
24,na,18.556630708671207,20.5685966742394,65.67280025566419,65.67280025566419
25,na,88.86868881329971,88.86868881329971,16.615276516278012,20.84527962314457
26,na,0.034252750996775196,2.2645659115916215,1.8096610031263594,4.317698092513963
27,na,42.85044116372269,42.865593308553784,65.67280025566419,65.67280025566419
28,na,4.5529296419177605,5.210874173149389,3.214588092149718,4.543996379768089
29,na,27.09279770248011,29.294170135803625,65.67280025566419,65.67280025566419
30,na,7.905891368913413,10.025426994558897,4.821980251436568,6.458646686041438
31,na,12.708708054588872,14.283777193670334,33.728256508698145,41.90013856776759
32,e,88.86868881329971,88.86868881329971,51.70661699999853,53.93613824947749
33,e,88.86868881329971,88.86868881329971,19.017907793862634,19.04698339314067
34,na,21.495779094486235,23.00716595914991,17.2905167151857,20.091267926238228
35,e,88.86868881329971,88.86868881329971,7.4518764267023885,13.533810465291083
36,na,35.84673792483059,46.20643082724998,11.929319819287274,12.499646399108558
37,na,88.86868881329971,88.86868881329971,14.800362868186559,31.86831019874947
38,e,23.28312357889956,27.83365513012576,12.544330899969319,13.192440499619451
39,na,88.86868881329971,88.86868881329971,65.67280025566419,65.67280025566419
40,e,88.86868881329971,88.86868881329971,65.67280025566419,65.67280025566419
41,na,33.64681527016326,38.65006108832177,6.218221093652486,8.193247742665402
42,na,11.74231851911729,14.912600579445206,17.009198822553667,20.421277595348503
43,na,88.86868881329971,88.86868881329971,65.67280025566419,65.67280025566419
44,na,25.19476113591067,29.971032712614274,65.67280025566419,65.67280025566419
45,na,88.86868881329971,88.86868881329971,65.67280025566419,65.67280025566419
46,na,88.86868881329971,88.86868881329971,22.47059669949608,34.592036254911655
47,na,88.86868881329971,88.86868881329971,28.368465422221277,28.77237328731922
48,na,88.86868881329971,88.86868881329971,65.67280025566419,65.67280025566419
49,na,88.86868881329971,88.86868881329971,65.67280025566419,65.67280025566419
50,na,15.870554081107151,19.917058169127543,65.67280025566419,65.67280025566419
51,e,88.86868881329971,88.86868881329971,2.6520982000508493,2.904936465384857
52,na,24.49560848454144,29.433731324875193,12.86488310567264,19.277575659796515
53,na,88.86868881329971,88.86868881329971,65.67280025566419,65.67280025566419
54,na,88.86868881329971,88.86868881329971,65.67280025566419,65.67280025566419
55,na,28.78886128454706,39.516640355611344,7.097104624447512,11.198696284179114
56,na,88.86868881329971,88.86868881329971,65.67280025566419,65.67280025566419
57,na,88.86868881329971,88.86868881329971,65.67280025566419,65.67280025566419
58,na,88.86868881329971,88.86868881329971,16.45703341403331,17.02753891787406
59,na,88.86868881329971,88.86868881329971,65.67280025566419,65.67280025566419
60,na,88.86868881329971,88.86868881329971,65.67280025566419,65.67280025566419
61,na,32.40107065095387,63.33137897079672,65.67280025566419,65.67280025566419
62,na,88.86868881329971,88.86868881329971,65.67280025566419,65.67280025566419
63,na,88.86868881329971,88.86868881329971,65.67280025566419,65.67280025566419
64,na,8.471630000300863,16.484454818215003,6.859920844849675,25.692149776239855
65,na,28.898531354699927,88.86868881329971,65.67280025566419,65.67280025566419
66,na,0.6883886200794973,1.0401462135613628,10.925914449207315,14.271408340761175
67,na,14.229107246164176,27.77415255370735,18.62163004917473,26.00537704256115
68,na,88.86868881329971,88.86868881329971,65.67280025566419,65.67280025566419
69,na,88.86868881329971,88.86868881329971,65.67280025566419,65.67280025566419
70,na,25.90016969562496,25.995471261956,11.781730956487099,21.420712512102053
71,na,88.86868881329971,88.86868881329971,65.67280025566419,65.67280025566419
72,na,88.86868881329971,88.86868881329971,65.67280025566419,65.67280025566419
73,na,88.86868881329971,88.86868881329971,65.67280025566419,65.67280025566419
74,na,0.22580111006562464,4.708441969643317,10.55414923805304,10.652132364363892
75,na,88.86868881329971,88.86868881329971,65.67280025566419,65.67280025566419
76,na,22.89707118246077,26.67065085940286,0.6435926850711924,12.0910628747885
77,e,30.508269007178157,31.900620105832502,65.67280025566419,65.67280025566419
78,na,29.26004207736112,36.90846778276013,41.32796592733732,45.687904499805626
79,na,88.86868881329971,88.86868881329971,20.14394994096259,26.825289430447143
80,na,12.150052609582685,13.348623287192353,6.135125292884119,8.205522476744122
81,na,16.22506732772871,34.46618602901369,65.67280025566419,65.67280025566419
82,na,1.3958385072509134,3.7603095099473487,16.623598660785976,18.238993963144132
83,na,12.727409923447459,88.86868881329971,31.863389296573626,32.609045916745075
84,na,88.86868881329971,88.86868881329971,17.359208043122607,17.49054796435157
85,na,88.86868881329971,88.86868881329971,65.67280025566419,65.67280025566419
86,na,31.04576431005519,88.86868881329971,36.06957813727071,36.388188866936986
87,na,28.378428303436515,30.095211371109794,65.67280025566419,65.67280025566419
88,na,88.86868881329971,88.86868881329971,20.664964146094633,22.738954706511073
89,na,88.86868881329971,88.86868881329971,65.67280025566419,65.67280025566419
90,na,88.86868881329971,88.86868881329971,65.67280025566419,65.67280025566419
91,na,25.401802377168448,33.72975988873181,11.923742770512119,14.388905801425238
92,e,8.223203280002545,12.6541028055993,9.62840599348371,18.354255813419446
93,na,15.097456056904003,16.417840100185746,14.409512497057198,24.599867790927775
94,na,88.86868881329971,88.86868881329971,22.511321515288977,28.018380498757963
95,na,88.86868881329971,88.86868881329971,25.6526810902362,28.442851340305054
96,na,88.86868881329971,88.86868881329971,65.67280025566419,65.67280025566419
97,na,88.86868881329971,88.86868881329971,25.05183085322492,47.44681573626996
98,na,42.53819766886187,45.771109959826575,65.67280025566419,65.67280025566419
99,na,88.86868881329971,88.86868881329971,2.503547825655499,16.076073352449157
100,na,88.86868881329971,88.86868881329971,65.67280025566419,65.67280025566419
101,na,55.52694821656487,59.968725486618325,18.67395345763447,19.612991857705694
102,na,5.1816664275376105,5.532883066881702,1.4175157453457428,5.029951544753771
103,na,88.86868881329971,88.86868881329971,65.67280025566419,65.67280025566419
104,na,88.86868881329971,88.86868881329971,65.67280025566419,65.67280025566419
105,e,38.32855603222389,39.1351065558759,65.67280025566419,65.67280025566419
106,na,15.03188782936897,22.260720116755145,10.931371224445199,11.947404434565215
107,e,20.50628061151046,23.164860573542438,16.441727218874163,17.657311959729924
108,na,7.178292534732058,19.504554247410386,13.93074036404233,65.67280025566419
109,na,88.86868881329971,88.86868881329971,65.67280025566419,65.67280025566419
110,na,22.32060879419742,29.407777820321694,65.67280025566419,65.67280025566419
111,na,28.135904015321128,28.172501153985568,45.206348124877756,48.36010379603901
112,na,88.86868881329971,88.86868881329971,65.67280025566419,65.67280025566419
113,na,88.86868881329971,88.86868881329971,7.886743827723048,14.83865751666106
114,na,88.86868881329971,88.86868881329971,65.67280025566419,65.67280025566419
115,e,33.59093453998975,88.86868881329971,14.161989091331392,22.262082487431236
116,na,88.86868881329971,88.86868881329971,65.67280025566419,65.67280025566419
117,na,14.1963885432109,20.513702671846318,2.583218865302042,6.910345944520941
118,na,17.786975272204963,17.862916760062852,65.67280025566419,65.67280025566419
119,na,13.894116521691926,17.313786433946337,16.943202790593283,23.868670771352832
120,na,88.86868881329971,88.86868881329971,65.67280025566419,65.67280025566419
121,na,88.86868881329971,88.86868881329971,15.249525942024452,17.318562276943645
122,na,12.250852989124668,13.413689979708467,17.53824336502751,18.064017938394198
123,na,88.86868881329971,88.86868881329971,65.67280025566419,65.67280025566419
124,na,88.86868881329971,88.86868881329971,12.311789151609696,20.20374808884794
125,na,88.86868881329971,88.86868881329971,65.67280025566419,65.67280025566419
126,na,-1,0,-1,0
127,na,88.86868881329971,88.86868881329971,65.67280025566419,65.67280025566419
128,na,-1,0,-1,0
129,na,6.481381211141914,6.597960667322934,65.67280025566419,65.67280025566419
130,na,88.86868881329971,88.86868881329971,65.67280025566419,65.67280025566419
131,na,13.288843304772014,18.175495860411296,33.847942947552575,34.665710943345495
132,na,88.86868881329971,88.86868881329971,65.67280025566419,65.67280025566419
133,na,88.86868881329971,88.86868881329971,65.67280025566419,65.67280025566419
134,na,88.86868881329971,88.86868881329971,65.67280025566419,65.67280025566419
135,na,88.86868881329971,88.86868881329971,65.67280025566419,65.67280025566419
136,e,88.86868881329971,88.86868881329971,65.67280025566419,65.67280025566419
137,na,6.737603720896327,9.44845507015342,65.67280025566419,65.67280025566419
138,na,12.816344622303497,13.36944735519707,10.53750004814518,10.857845109150475
139,na,48.375431224949104,57.64227767481784,65.67280025566419,65.67280025566419
140,na,19.848579087110597,21.988690053941504,65.67280025566419,65.67280025566419
141,na,88.86868881329971,88.86868881329971,7.322167959062399,7.62980616690836
142,na,1.037712505310838,3.813890395889685,14.954579370221095,26.31693913729916
143,na,88.86868881329971,88.86868881329971,35.92994518178672,36.96175724612768
144,na,88.86868881329971,88.86868881329971,65.67280025566419,65.67280025566419
145,na,88.86868881329971,88.86868881329971,65.67280025566419,65.67280025566419
146,na,16.009724498314288,16.63966854475113,29.43654218678558,50.229915762523945
147,na,88.86868881329971,88.86868881329971,65.67280025566419,65.67280025566419
148,e,88.86868881329971,88.86868881329971,65.67280025566419,65.67280025566419
149,na,33.27763281722863,35.8533915913877,8.45456924245468,10.37816031972023
150,na,88.86868881329971,88.86868881329971,19.79503936583194,22.106765693879264
151,na,88.86868881329971,88.86868881329971,29.6041430751833,35.748210505506755
152,na,12.518056772413072,13.449897334577821,10.251946383741537,10.58313498944596
153,na,45.16261058126831,47.570657091027925,5.181953628638485,12.167267922281647
154,na,88.86868881329971,88.86868881329971,65.67280025566419,65.67280025566419
155,na,14.529528477915624,16.90973655781953,2.961715663815623,11.910895221115888
156,na,26.840854527226817,33.00792849118582,65.67280025566419,65.67280025566419
157,na,88.86868881329971,88.86868881329971,65.67280025566419,65.67280025566419
158,na,35.450791024706184,37.078926363847614,16.517784242977687,21.847207068927993
159,na,16.92671029093882,17.54546572573797,40.079295924872746,65.67280025566419
160,na,88.86868881329971,88.86868881329971,27.853475749289416,31.90228177074401
161,na,13.411568505703682,20.649418776953908,14.278972398138238,65.67280025566419
162,na,88.86868881329971,88.86868881329971,65.67280025566419,65.67280025566419
163,na,0,5.508031782542304,0,2.221482529535505
164,na,88.86868881329971,88.86868881329971,65.67280025566419,65.67280025566419
165,na,17.756229019917622,88.86868881329971,20.855661536633754,25.983267415179437
166,na,9.107736279138043,10.730789065151416,65.67280025566419,65.67280025566419
167,na,88.86868881329971,88.86868881329971,65.67280025566419,65.67280025566419
168,na,88.86868881329971,88.86868881329971,65.67280025566419,65.67280025566419
169,na,2.7960447215082698,10.517428547076998,2.811610576427849,6.447163144774305
170,e,88.86868881329971,88.86868881329971,35.04272043890828,35.8758732339092
171,na,30.775692714608716,32.08175132519225,13.487900481449486,65.67280025566419
172,na,88.86868881329971,88.86868881329971,23.537315377782576,36.91210606342216
173,na,18.599162392578247,22.036130542198016,15.194412148911665,24.949128473875277
174,na,25.11458753276988,28.544178464087572,23.10568335705621,27.606253273423373
175,na,88.86868881329971,88.86868881329971,65.67280025566419,65.67280025566419
176,na,88.86868881329971,88.86868881329971,65.67280025566419,65.67280025566419
177,na,88.86868881329971,88.86868881329971,65.67280025566419,65.67280025566419
178,na,88.86868881329971,88.86868881329971,65.67280025566419,65.67280025566419
179,na,88.86868881329971,88.86868881329971,65.67280025566419,65.67280025566419
180,na,88.86868881329971,88.86868881329971,65.67280025566419,65.67280025566419
181,na,6.291081983671881,7.612240153103837,24.648040617933024,27.711877093016337
182,e,88.86868881329971,88.86868881329971,65.67280025566419,65.67280025566419
183,e,88.86868881329971,88.86868881329971,65.67280025566419,65.67280025566419
184,na,3.662135944292077,6.093030373937196,2.493327961529084,2.498312525463633
185,na,43.39440297363124,88.86868881329971,65.67280025566419,65.67280025566419
186,na,1.4639270745321997,4.307010191188129,2.397164535544573,65.67280025566419
187,na,88.86868881329971,88.86868881329971,65.67280025566419,65.67280025566419
188,e,88.86868881329971,88.86868881329971,19.254186751379493,20.488033507538777
189,na,26.83417890175749,32.86866804274992,65.67280025566419,65.67280025566419
190,e,88.86868881329971,88.86868881329971,42.355651368658926,45.75885631696375
191,na,15.302154619077834,23.025877305300263,65.67280025566419,65.67280025566419
192,na,24.213440605231295,33.002406542804486,24.870999977868998,33.65620175125053
193,na,88.86868881329971,88.86868881329971,65.67280025566419,65.67280025566419
194,e,88.86868881329971,88.86868881329971,65.67280025566419,65.67280025566419
195,na,14.679780882821406,14.965823256296636,6.521616457054111,65.67280025566419
196,na,88.86868881329971,88.86868881329971,65.67280025566419,65.67280025566419
197,e,88.86868881329971,88.86868881329971,35.40077814082979,35.943334937077786
198,na,88.86868881329971,88.86868881329971,23.37992489597233,24.16982353895488
199,na,88.86868881329971,88.86868881329971,65.67280025566419,65.67280025566419
200,na,88.86868881329971,88.86868881329971,65.67280025566419,65.67280025566419
201,na,31.7852785640707,33.94072327184406,57.830709458671684,61.537711793510745
202,na,88.86868881329971,88.86868881329971,65.67280025566419,65.67280025566419
203,na,88.86868881329971,88.86868881329971,65.67280025566419,65.67280025566419
204,na,6.843353659057941,12.261117286502945,8.964350133947303,13.17382112599472
205,na,88.86868881329971,88.86868881329971,65.67280025566419,65.67280025566419
206,na,20.80321339363657,29.084852840495486,32.62811528751429,36.872685411982765
207,na,88.86868881329971,88.86868881329971,65.67280025566419,65.67280025566419
208,na,25.915270658970613,26.52256272322398,30.77869872440093,38.981761973325995
209,na,7.591312608771274,88.86868881329971,15.914972869816115,20.70640700238977
210,na,11.738453546688724,24.528275881427327,6.876241616636143,20.813876387950636
211,na,88.86868881329971,88.86868881329971,65.67280025566419,65.67280025566419
212,na,88.86868881329971,88.86868881329971,65.67280025566419,65.67280025566419
213,na,17.38719323727021,18.456171912652415,65.67280025566419,65.67280025566419
214,na,20.8717668311843,26.287900478429783,21.455688776569165,21.5370601242879
215,na,23.561176005680675,31.363461161873232,13.355838824265787,15.45565403663134
216,na,88.86868881329971,88.86868881329971,65.67280025566419,65.67280025566419
217,na,88.86868881329971,88.86868881329971,25.59019565753518,26.623692685329797
218,na,88.86868881329971,88.86868881329971,3.8510563087510126,8.588065266370622
219,na,88.86868881329971,88.86868881329971,20.14036383869072,21.421749002687914
220,na,17.231935344372342,20.33974855962401,31.76395519535993,45.03211085451771
221,e,26.80868359358242,27.56557791564548,17.540403984916722,65.67280025566419
222,na,18.10423484836589,26.219868648715032,15.768324369047365,18.07145432293065
223,na,88.86868881329971,88.86868881329971,19.79724901128498,25.11202075819891
224,e,88.86868881329971,88.86868881329971,65.67280025566419,65.67280025566419
225,na,25.092344584986,27.907285565886202,22.550589718092642,30.573781778059352
226,na,88.86868881329971,88.86868881329971,9.79608278923504,13.140473674109762
227,na,88.86868881329971,88.86868881329971,32.48479246693522,38.01910835219611
228,na,19.675479375324493,88.86868881329971,16.80727750712812,19.562729597187438
229,na,88.86868881329971,88.86868881329971,65.67280025566419,65.67280025566419
230,na,25.559821181213646,26.3552951705955,25.158993197344163,29.865001187986834
231,na,32.69874375186811,35.714032975116524,11.052550395288538,17.925341639257617
232,na,88.86868881329971,88.86868881329971,26.479298929842763,31.492612526215556
233,na,3.766770782681244,4.317381239911715,0.9344855905735033,2.196696730740088
234,na,20.33865391837305,23.821444640861575,21.243070773612793,21.316120585388134
235,na,32.355488123950906,34.38958855384812,65.67280025566419,65.67280025566419
236,na,88.86868881329971,88.86868881329971,45.222590113701735,45.57299200811049
237,na,88.86868881329971,88.86868881329971,11.454207993676386,16.602047893124297
238,na,88.86868881329971,88.86868881329971,63.73597666747403,65.67280025566419
239,na,-1,0,-1,0
240,na,37.14552290717466,37.50616628534659,65.67280025566419,65.67280025566419
241,na,88.86868881329971,88.86868881329971,65.67280025566419,65.67280025566419
242,na,17.758772994606115,21.244562606484006,42.7829821360625,43.215921263180796
243,na,2.607486943647696,88.86868881329971,5.088428389757252,22.433729323824135
244,na,0,8.420269622819275,0,6.630965458347998
245,na,88.86868881329971,88.86868881329971,32.62111141332868,34.35365293232722
246,na,88.86868881329971,88.86868881329971,36.97628974047165,59.22915192176488
247,na,18.015172849738626,19.57691733152799,65.67280025566419,65.67280025566419
248,na,88.86868881329971,88.86868881329971,65.67280025566419,65.67280025566419
249,na,26.112514592023928,31.290830400230398,9.361656743101127,11.146053695779738
250,na,19.364673223261015,19.910199980604226,15.589790240747265,17.72959256098795
251,na,88.86868881329971,88.86868881329971,65.67280025566419,65.67280025566419
252,na,88.86868881329971,88.86868881329971,35.87504266994428,45.39754798409367
253,na,88.86868881329971,88.86868881329971,65.67280025566419,65.67280025566419
254,na,16.842265938617437,21.2621708261949,30.562173413732065,31.666369629714048
255,na,88.86868881329971,88.86868881329971,65.67280025566419,65.67280025566419
256,na,34.422398879708076,36.21009904243137,65.67280025566419,65.67280025566419
257,na,32.54232786618215,33.48191536167657,65.67280025566419,65.67280025566419
258,e,17.015211100843548,20.00069242845335,20.395837073052206,22.346526932277982
259,na,-1,0,-1,0
260,na,55.36163036944443,88.86868881329971,13.378602147040814,26.499329540146988
261,na,13.931207833321105,14.584537894821347,65.67280025566419,65.67280025566419
262,na,0,1.2458797164705055,0,0.9791649416692021
263,na,88.86868881329971,88.86868881329971,65.67280025566419,65.67280025566419
264,na,88.86868881329971,88.86868881329971,65.67280025566419,65.67280025566419
265,na,7.2754788857183295,10.184625085878531,2.828712401113258,4.894174441841869
266,na,39.565997589896284,48.04070228880503,65.67280025566419,65.67280025566419
267,na,88.86868881329971,88.86868881329971,65.67280025566419,65.67280025566419
268,na,88.86868881329971,88.86868881329971,65.67280025566419,65.67280025566419
269,na,88.86868881329971,88.86868881329971,22.686411415070218,34.43881434694653
270,na,88.86868881329971,88.86868881329971,65.67280025566419,65.67280025566419
271,na,15.383199475073985,88.86868881329971,65.67280025566419,65.67280025566419
272,na,88.86868881329971,88.86868881329971,65.67280025566419,65.67280025566419
273,e,88.86868881329971,88.86868881329971,65.67280025566419,65.67280025566419
274,na,88.86868881329971,88.86868881329971,65.67280025566419,65.67280025566419
275,na,35.63589913110291,40.5446901884681,30.208192130039308,30.472950274246298
276,na,88.86868881329971,88.86868881329971,25.03058325486081,31.811543933861987
277,na,88.86868881329971,88.86868881329971,65.67280025566419,65.67280025566419
278,na,40.9545327143051,41.40983638180641,65.67280025566419,65.67280025566419
279,e,88.86868881329971,88.86868881329971,27.11677625425292,28.939177102099112
280,na,12.31051266898286,15.917921429629823,13.228817307665093,14.770397567313315
281,na,88.86868881329971,88.86868881329971,6.908124832562358,13.332498703033599
282,e,88.86868881329971,88.86868881329971,21.18280700192878,29.129623497415817
283,na,27.819781064633055,31.4943584323492,7.680241077760819,11.783063762663593
284,na,12.105955730836513,17.122583406221835,65.67280025566419,65.67280025566419
285,na,88.86868881329971,88.86868881329971,12.706089283790096,65.67280025566419
286,na,23.81683652174638,32.70990171354685,40.02419673500654,48.917772740487315
287,na,51.486635701460855,53.65076854787725,7.343175629286258,16.631474541646675
288,na,88.86868881329971,88.86868881329971,65.67280025566419,65.67280025566419
289,na,41.61834975400112,43.78578981509116,65.67280025566419,65.67280025566419
290,na,88.86868881329971,88.86868881329971,36.112725289973206,44.76253191674248
291,na,88.86868881329971,88.86868881329971,65.67280025566419,65.67280025566419
292,na,88.86868881329971,88.86868881329971,65.67280025566419,65.67280025566419
293,na,10.21034906077177,11.875045240184704,9.498524908415929,9.636479913032622
294,e,88.86868881329971,88.86868881329971,65.67280025566419,65.67280025566419
295,na,49.790451813660255,88.86868881329971,65.67280025566419,65.67280025566419
296,na,88.86868881329971,88.86868881329971,23.4263473680183,24.090689297849966
297,e,16.250422259866223,20.26156526499441,26.21390178978233,27.1416108238542
298,na,88.86868881329971,88.86868881329971,65.67280025566419,65.67280025566419
299,na,88.86868881329971,88.86868881329971,65.67280025566419,65.67280025566419
300,na,88.86868881329971,88.86868881329971,65.67280025566419,65.67280025566419
301,na,62.41301720860137,81.58132315344307,65.67280025566419,65.67280025566419
302,na,34.007177315253244,34.81163817097983,65.67280025566419,65.67280025566419
303,na,88.86868881329971,88.86868881329971,65.67280025566419,65.67280025566419
304,na,1.5226908727331347,5.691910925439088,2.0824027842268946,3.4425344845523775
305,na,88.86868881329971,88.86868881329971,65.67280025566419,65.67280025566419
306,na,88.86868881329971,88.86868881329971,65.67280025566419,65.67280025566419
307,na,32.11184876387723,32.31070799904367,10.752652553425083,17.520825707143494
308,na,25.789099519104738,28.084048805596442,4.001260052259404,4.648345602685054
309,na,88.86868881329971,88.86868881329971,65.67280025566419,65.67280025566419
310,na,0,0.6785934457319447,0,7.30259026465177
311,na,88.86868881329971,88.86868881329971,20.359813694209496,20.99714370651069
312,na,14.938804958710074,15.364802925482358,5.980094187463647,17.812709518756236
313,na,11.903373933136006,25.397333184017686,65.67280025566419,65.67280025566419
314,na,88.86868881329971,88.86868881329971,32.793573793108884,32.94970720926218
315,na,14.097914318083108,16.350910043485886,3.4006623629684984,9.41646841385928
316,na,88.86868881329971,88.86868881329971,65.67280025566419,65.67280025566419
317,na,42.727790951755736,44.89956811469491,21.079022750556444,25.998963006639226
318,e,88.86868881329971,88.86868881329971,23.92292120085906,31.654840646773636
319,na,88.86868881329971,88.86868881329971,65.67280025566419,65.67280025566419
320,e,88.86868881329971,88.86868881329971,22.498752308698148,33.437505856757014
321,na,88.86868881329971,88.86868881329971,65.67280025566419,65.67280025566419
322,na,88.86868881329971,88.86868881329971,65.67280025566419,65.67280025566419
323,na,88.86868881329971,88.86868881329971,17.937591061243605,23.34908395972207
324,na,88.86868881329971,88.86868881329971,65.67280025566419,65.67280025566419
325,na,13.03391817684192,88.86868881329971,14.844939090553058,21.413413522042816
326,na,88.86868881329971,88.86868881329971,9.798208836910783,12.230371830161701
327,na,88.86868881329971,88.86868881329971,17.36488136893015,20.226451134104423
328,na,88.86868881329971,88.86868881329971,65.67280025566419,65.67280025566419
329,na,10.048578326982332,11.057638820602527,65.67280025566419,65.67280025566419
330,na,8.186494317775159,9.058069989230468,10.187259528905585,12.97554635052663
331,na,88.86868881329971,88.86868881329971,33.96720519234088,35.18592912038339
332,na,27.28529941947834,88.86868881329971,20.15350348124372,20.54920034366473
333,na,-1,0,-1,0
334,na,17.843971731365073,18.01692585247807,2.632092953104042,8.892421494180072
335,e,46.31168272661392,58.724244351337674,16.563932026220645,24.497759252714243
336,na,51.987376297032384,56.48661588517475,65.67280025566419,65.67280025566419
337,na,0.5334836336740614,8.535077935508442,2.2521994104372913,4.864557878680501
338,na,88.86868881329971,88.86868881329971,65.67280025566419,65.67280025566419
339,na,88.86868881329971,88.86868881329971,18.94331521222689,22.502239743155652
340,na,88.86868881329971,88.86868881329971,65.67280025566419,65.67280025566419
341,na,27.534761480533724,32.283664024829626,10.350322484426375,13.62129498722429
342,na,6.329905184227131,10.525943493847508,1.8768739411351223,8.811485831522614
343,na,88.86868881329971,88.86868881329971,65.67280025566419,65.67280025566419
344,na,35.778048591802616,37.659638195296765,65.67280025566419,65.67280025566419
345,na,88.86868881329971,88.86868881329971,22.23706009691165,24.092966157168792
346,na,11.385967992987903,11.632173216698975,31.477590607598096,37.47001583774097
347,na,22.96546455594004,29.199710054051074,14.680625178422956,16.901062007122526
348,na,88.86868881329971,88.86868881329971,65.67280025566419,65.67280025566419
349,na,27.70153608383719,38.71258167906824,6.694227078863423,8.764227338271974
350,na,88.86868881329971,88.86868881329971,27.5791138487184,29.326420159958296
351,na,88.86868881329971,88.86868881329971,65.67280025566419,65.67280025566419
352,na,30.508893199114805,33.77828352377296,10.172104550057371,12.018169085195533
353,na,18.415794455595233,27.70873105362184,28.375670728954034,35.82981514108283
354,na,88.86868881329971,88.86868881329971,65.67280025566419,65.67280025566419
355,na,88.86868881329971,88.86868881329971,15.390815831741365,16.86492305215221
356,na,88.86868881329971,88.86868881329971,17.548610969217805,18.378723782618973
357,na,10.341734293134275,16.552454636352,34.552900776779396,35.08069221189824
358,na,88.86868881329971,88.86868881329971,65.67280025566419,65.67280025566419
359,na,3.541726604324034,5.623283688737012,2.130758653418839,2.794079448783129
360,na,88.86868881329971,88.86868881329971,24.839254002644907,33.29071264652464
361,na,88.86868881329971,88.86868881329971,65.67280025566419,65.67280025566419
362,na,33.6429565992585,46.7189099057679,12.897680576836414,18.389818158220127
363,na,88.86868881329971,88.86868881329971,42.03714288306923,44.97552370079754
364,na,22.178254081522933,25.30000120822244,65.67280025566419,65.67280025566419
365,na,11.603098401490637,12.612973384092452,10.114960675584173,16.556961548868678
366,na,88.86868881329971,88.86868881329971,65.67280025566419,65.67280025566419
367,na,88.86868881329971,88.86868881329971,65.67280025566419,65.67280025566419
368,e,88.86868881329971,88.86868881329971,65.67280025566419,65.67280025566419
369,na,88.86868881329971,88.86868881329971,65.67280025566419,65.67280025566419
370,na,88.86868881329971,88.86868881329971,65.67280025566419,65.67280025566419
371,na,7.122808463960185,8.133056537081094,3.6015766296312783,3.9838560954340205
372,na,23.797879334586614,26.522404632305232,22.187810807775193,41.69700501528824
373,na,16.09290560726607,24.703143109922404,14.800658221879095,18.611579588069652
374,na,6.6772316677251355,7.590101986087991,65.67280025566419,65.67280025566419
375,na,88.86868881329971,88.86868881329971,65.67280025566419,65.67280025566419
376,na,88.86868881329971,88.86868881329971,65.67280025566419,65.67280025566419
377,na,36.799906338515434,37.50790692493242,15.02079856835473,20.79186928854362
378,e,88.86868881329971,88.86868881329971,65.67280025566419,65.67280025566419
379,na,42.8323255996746,45.54059966421586,22.216785124871635,22.591321306163994
380,na,30.204028021120823,30.535755919041666,8.625126647727319,8.982861214744348
381,na,88.86868881329971,88.86868881329971,24.820664497204326,25.002751200615794
382,na,17.561830232929804,21.592206083209884,65.67280025566419,65.67280025566419
383,na,88.86868881329971,88.86868881329971,65.67280025566419,65.67280025566419
384,na,88.86868881329971,88.86868881329971,65.67280025566419,65.67280025566419
385,e,88.86868881329971,88.86868881329971,65.67280025566419,65.67280025566419
386,na,88.86868881329971,88.86868881329971,65.67280025566419,65.67280025566419
387,na,88.86868881329971,88.86868881329971,15.574230789173255,15.809359591071287
388,na,13.063811662632935,26.21602358416453,22.495944005506654,25.525645949646304
389,na,36.27191791507359,88.86868881329971,24.489895995787137,29.873534793744067
390,na,30.878822581954402,41.98218218838218,38.33196972091293,39.300002668620785
391,na,22.883752746946254,23.226987086025392,10.770168726775127,13.48617225526218
392,na,51.0975779249276,60.05397362048361,17.381450775196864,17.96283008368222
393,na,31.3827205151081,32.81147092447445,37.63804434451768,38.15077376567476
394,e,88.86868881329971,88.86868881329971,19.228013899897693,31.591303863386013
395,na,32.427361495892,32.45151330955034,65.67280025566419,65.67280025566419
396,na,5.824949368593224,8.263369632003892,65.67280025566419,65.67280025566419
397,na,29.215344588621072,30.73169270305553,9.183166804776352,21.97074246072926
398,na,10.581775858453206,18.2548726634605,17.046465947400502,20.24168543859134
399,na,15.620199842721776,16.958787392366897,8.17839610421601,8.203268863728246
400,na,88.86868881329971,88.86868881329971,65.67280025566419,65.67280025566419
401,na,88.86868881329971,88.86868881329971,65.67280025566419,65.67280025566419
402,na,4.561879920885661,6.831769763922861,18.869830013250095,19.518902001271403
403,na,19.8942472941447,24.33156376777789,35.05926830350332,35.751125299458934
404,na,88.86868881329971,88.86868881329971,65.67280025566419,65.67280025566419
405,na,12.315138146985012,15.329409818987969,22.52570051040728,26.678659459490387
406,na,8.402876612468859,10.446414636708447,16.321224253455377,18.27819116513697
407,na,88.86868881329971,88.86868881329971,65.67280025566419,65.67280025566419
408,na,88.86868881329971,88.86868881329971,37.98379774287187,38.90016820227593
409,na,26.235881193487675,27.695598365749365,5.988560093756266,9.804863775273843
410,na,24.09629227928589,36.447579180402734,65.67280025566419,65.67280025566419
411,na,17.201743317965605,24.05233965740824,9.799926292964216,10.139673411094687
412,na,23.712557432195496,23.894612336640748,20.236970982336462,24.973535372377516
413,na,6.634881953845447,10.669918274213899,8.31329484584118,9.426536124505061
414,na,21.27343909105583,24.57883261084566,16.465185801861967,16.600271370344657
415,na,88.86868881329971,88.86868881329971,65.67280025566419,65.67280025566419
416,na,88.86868881329971,88.86868881329971,34.76195301373686,36.357776323726405
417,na,0.5494517623732601,5.533243141579236,3.177917081389341,4.522092366862836
418,na,88.86868881329971,88.86868881329971,65.67280025566419,65.67280025566419
419,na,88.86868881329971,88.86868881329971,23.244956936909,65.67280025566419
420,na,88.86868881329971,88.86868881329971,16.907835917487535,65.67280025566419
421,na,88.86868881329971,88.86868881329971,26.731173399734587,31.063017464326123
422,na,0,1.0927843441071008,0,4.907013532600812
423,na,25.12996881798254,33.11843709097389,65.67280025566419,65.67280025566419
424,na,88.86868881329971,88.86868881329971,25.712204041544204,31.51131137568817
425,na,22.44260966202022,27.747941101712907,16.9031843523022,23.84499076438042
426,na,1.547050664013973,6.11189720504204,4.506433426651298,7.255922278646951
427,na,88.86868881329971,88.86868881329971,65.67280025566419,65.67280025566419
428,na,19.91695477842702,24.906012045143793,12.297438284408642,12.606605800943955
429,e,88.86868881329971,88.86868881329971,65.67280025566419,65.67280025566419
430,na,88.86868881329971,88.86868881329971,65.67280025566419,65.67280025566419
431,e,88.86868881329971,88.86868881329971,65.67280025566419,65.67280025566419
432,na,42.88564410271855,54.77775749594125,16.422194517383346,18.439879587801386
433,na,88.86868881329971,88.86868881329971,65.67280025566419,65.67280025566419
434,na,88.86868881329971,88.86868881329971,24.34545814683697,26.27473713721565
435,na,88.86868881329971,88.86868881329971,65.67280025566419,65.67280025566419
436,na,88.86868881329971,88.86868881329971,21.052232124845478,24.661244219416165
437,na,88.86868881329971,88.86868881329971,65.67280025566419,65.67280025566419
438,na,88.86868881329971,88.86868881329971,65.67280025566419,65.67280025566419
439,na,22.476979686494907,25.90049264812621,43.51012336126058,44.28106278691412
440,na,23.885171893004642,88.86868881329971,19.01084930033873,65.67280025566419
441,na,27.332214532005423,33.46812036055092,18.426871900651673,21.12555910968551
442,na,22.486869464609136,22.94644466042214,17.13182970053367,17.90935569827987
443,na,88.86868881329971,88.86868881329971,65.67280025566419,65.67280025566419
444,na,88.86868881329971,88.86868881329971,7.814683261490533,19.648560543365257
445,na,88.86868881329971,88.86868881329971,65.67280025566419,65.67280025566419
446,na,0.9679505341865632,2.023420566145881,7.9874720470600895,17.64962565535338
447,e,88.86868881329971,88.86868881329971,21.163972806959734,24.32736785505387
448,na,14.638111144228827,26.372490915406075,13.96778537635372,16.834806180926016
449,na,4.157589634364197,5.4147982845730755,13.687356863348631,65.67280025566419
450,na,41.41817768348629,43.604193864279324,9.45351478519317,65.67280025566419
451,na,10.701212657684259,88.86868881329971,31.625357332402075,43.581722100183484
452,na,24.565553382391386,24.9973355445411,19.12124917794768,24.568797204539653
453,na,11.11117127722944,13.840023183285153,65.67280025566419,65.67280025566419
454,na,88.86868881329971,88.86868881329971,65.67280025566419,65.67280025566419
455,na,39.435285954713365,44.39863414363549,9.51662525774937,15.599803960363142
456,e,88.86868881329971,88.86868881329971,65.67280025566419,65.67280025566419
457,na,88.86868881329971,88.86868881329971,65.67280025566419,65.67280025566419
458,na,88.86868881329971,88.86868881329971,65.67280025566419,65.67280025566419
459,na,17.33255705086218,20.242113329843555,23.5312487018503,23.678307469052218
460,na,88.86868881329971,88.86868881329971,65.67280025566419,65.67280025566419
461,na,88.86868881329971,88.86868881329971,65.67280025566419,65.67280025566419
462,na,88.86868881329971,88.86868881329971,65.67280025566419,65.67280025566419
463,na,88.86868881329971,88.86868881329971,27.512102109542067,28.21464181418168
464,na,29.766994622428218,88.86868881329971,30.857226800024275,32.026374929548524
465,na,26.06164457197415,30.13755952294712,4.973635832538248,10.177320253990873
466,na,88.86868881329971,88.86868881329971,65.67280025566419,65.67280025566419
467,na,25.964898336021342,26.48360865954042,12.488715711341918,19.095775375976956
468,e,27.111580483664998,28.980671622834155,13.728767887183439,18.289160783648505
469,e,88.86868881329971,88.86868881329971,65.67280025566419,65.67280025566419
470,na,88.86868881329971,88.86868881329971,65.67280025566419,65.67280025566419
471,na,88.86868881329971,88.86868881329971,65.67280025566419,65.67280025566419
472,na,11.525330047539086,88.86868881329971,18.138799211173588,18.165689368771485
473,na,60.482249984524245,64.28765058069789,13.22662171884251,16.457639158477214
474,na,30.570867539069972,41.38745177643112,65.67280025566419,65.67280025566419
475,na,16.89327304816669,29.034683444481256,12.269220727063349,15.448110575002165
476,na,18.43310280462744,19.494052043027338,25.628190983574733,33.33889221279907
477,na,11.319808969236838,11.825048355390416,20.994901880739203,21.14955998585829
478,na,88.86868881329971,88.86868881329971,7.568603466301985,16.011570695560785
479,na,88.86868881329971,88.86868881329971,65.67280025566419,65.67280025566419
480,na,20.481451356571686,88.86868881329971,65.67280025566419,65.67280025566419
481,na,0,0.2935743343337526,0,16.62635427708489
482,na,24.57585952240179,25.74859032831853,65.67280025566419,65.67280025566419
483,na,4.541211124313595,5.610152684115383,4.5967803798810065,9.600454899431462
484,e,88.86868881329971,88.86868881329971,21.27072924601403,31.75117699057086
485,na,10.674036514453958,11.55160291850419,32.51213075798285,36.66880227968943
486,na,88.86868881329971,88.86868881329971,65.67280025566419,65.67280025566419
487,na,88.86868881329971,88.86868881329971,65.67280025566419,65.67280025566419
488,na,13.023152140790135,15.961604955610962,2.2521437199367345,5.834396423553844
489,na,0.6665500694726633,3.4195758808876766,3.2522810140435343,5.4442233507296
490,na,27.982074245151246,31.132054005966808,9.399124040398123,16.102037338143955
491,na,45.47835243975089,47.42857618147664,33.51320019787273,33.60601492866543
492,na,5.459609922907793,88.86868881329971,8.497054199093704,15.361717150597864
493,na,17.372937341311562,31.2270141350478,20.478964846772506,28.867047032144427
494,na,88.86868881329971,88.86868881329971,65.67280025566419,65.67280025566419
495,na,88.86868881329971,88.86868881329971,65.67280025566419,65.67280025566419
496,na,88.86868881329971,88.86868881329971,65.67280025566419,65.67280025566419
497,na,1.4650589262496205,88.86868881329971,0.031150460981870985,9.430843034847907
498,na,19.47674044679884,20.330047484803046,19.74311323827251,22.9562475953267
499,na,88.86868881329971,88.86868881329971,65.67280025566419,65.67280025566419
500,na,88.86868881329971,88.86868881329971,12.885151290350057,21.829289695274372
501,na,15.881768950487345,21.06478885709798,3.1976054369887255,7.284738440913594
502,na,14.861995420206034,19.867075636799584,8.6057021901304,10.517041497233436
503,na,27.390174038407665,88.86868881329971,16.3441600514789,31.66406128182675
504,na,8.466383021233062,20.97941115836694,13.407985122443,21.644274719764375
505,na,18.383967982812692,20.38656418549556,17.283876794216805,24.428336877665288
506,na,36.71418914775213,53.32964457443252,13.811749240865177,24.07017413961903
507,na,88.86868881329971,88.86868881329971,25.6061253025474,26.589512132718014
508,na,24.920119387226702,25.51087992822133,65.67280025566419,65.67280025566419
509,na,88.86868881329971,88.86868881329971,7.989095024293279,65.67280025566419
510,na,15.024001476924818,19.218692611111564,65.67280025566419,65.67280025566419
511,na,88.86868881329971,88.86868881329971,65.67280025566419,65.67280025566419
512,na,88.86868881329971,88.86868881329971,65.67280025566419,65.67280025566419
513,na,88.86868881329971,88.86868881329971,65.67280025566419,65.67280025566419
514,na,15.419567564486412,18.625565832275168,2.307108464620713,7.063326106598551
515,na,3.1714498966372884,6.10523630850281,0.21823411411953506,1.7196138339113314
516,na,14.853596389128679,18.047601077001012,33.04251020564725,33.28299691872072
517,na,19.128802808200497,19.22309457391013,13.689253531395192,14.449546300504991
518,e,18.990051599726392,27.42329611614891,26.11273145366929,32.979743885449125
519,na,88.86868881329971,88.86868881329971,65.67280025566419,65.67280025566419
520,na,88.86868881329971,88.86868881329971,65.67280025566419,65.67280025566419
521,na,36.965064349094796,43.30871089368012,65.67280025566419,65.67280025566419
522,e,12.857016260165064,88.86868881329971,11.263446832770004,14.687234261989417
523,na,30.794085537249643,38.69750551520483,19.777152399915597,31.183432062837902
524,na,31.09872978879694,32.51021561374326,30.812121249177405,38.57839640532837
525,na,88.86868881329971,88.86868881329971,65.67280025566419,65.67280025566419
526,na,11.243871661941064,13.766291915253062,9.403316255668813,11.705194178485067
527,e,88.86868881329971,88.86868881329971,15.676328912458459,17.66924011338116
528,na,88.86868881329971,88.86868881329971,65.67280025566419,65.67280025566419
529,na,35.947473091997274,36.78172344693095,16.395082536059345,18.296934575883654
530,na,88.86868881329971,88.86868881329971,19.884999523844407,65.67280025566419
531,na,25.71074595240753,40.76702856167998,6.616297437851058,7.102832902970366
532,na,88.86868881329971,88.86868881329971,65.67280025566419,65.67280025566419
533,na,88.86868881329971,88.86868881329971,65.67280025566419,65.67280025566419
534,e,88.86868881329971,88.86868881329971,17.96380021207958,18.81150873288051
535,na,12.299839207997906,17.56634552631998,5.302039060277214,9.615751194406204
536,na,25.936005430316644,27.803700550525495,65.67280025566419,65.67280025566419
537,na,14.8796524777201,17.79223993991729,11.319246241407148,12.613925915986675
538,na,88.86868881329971,88.86868881329971,65.67280025566419,65.67280025566419
539,na,-1,0,-1,0
540,e,5.8860118837548905,13.3773158789922,14.52440069523782,18.456916610926303
541,na,33.85157154461975,50.53271983923028,12.259874019889804,19.49733570809477
542,na,88.86868881329971,88.86868881329971,22.77843297127945,26.399638223338975
543,na,88.86868881329971,88.86868881329971,15.000706643966803,23.94683136617868
544,na,88.86868881329971,88.86868881329971,10.139332531604383,10.949630604211276
545,e,88.86868881329971,88.86868881329971,65.67280025566419,65.67280025566419
546,na,47.30809443352662,47.84729887682808,14.414668155097504,14.661232832955703
547,na,8.701736615143528,9.375091231460743,2.922928734849478,3.4162528678533266
548,e,88.86868881329971,88.86868881329971,65.67280025566419,65.67280025566419
549,na,88.86868881329971,88.86868881329971,65.67280025566419,65.67280025566419
550,na,88.86868881329971,88.86868881329971,65.67280025566419,65.67280025566419
551,e,88.86868881329971,88.86868881329971,65.67280025566419,65.67280025566419
552,na,15.764513205624027,16.230729684188073,11.461887278050089,12.256609684715164
553,na,32.41635847329825,36.532661688506685,65.67280025566419,65.67280025566419
554,na,21.815881688365312,22.33711100507437,17.929267171524057,18.154282351007247
555,na,88.86868881329971,88.86868881329971,65.67280025566419,65.67280025566419
556,na,88.86868881329971,88.86868881329971,17.746646453993254,20.921086094209702
557,na,88.86868881329971,88.86868881329971,7.783306075123315,10.354116399283583
558,na,7.08547590751454,7.482897960732405,16.04430708268025,17.3141083801066
559,na,88.86868881329971,88.86868881329971,65.67280025566419,65.67280025566419
560,na,21.433361754397943,37.60926601871394,16.617745448923188,20.475039945570714
561,na,22.589482167443716,27.231672222978823,65.67280025566419,65.67280025566419
562,na,5.03942411324344,5.963488459543612,8.374097408237144,18.35713957483357
563,na,9.198047186517696,12.708150284931882,6.315914367612841,8.776189255774618
564,na,88.86868881329971,88.86868881329971,65.67280025566419,65.67280025566419
565,na,0,0.8742038273322925,0,65.67280025566419
566,na,88.86868881329971,88.86868881329971,65.67280025566419,65.67280025566419
567,na,24.37955005817401,25.58873203340618,16.269537685907153,22.312312029077034
568,na,36.16698148577304,36.71217415581213,65.67280025566419,65.67280025566419
569,na,88.86868881329971,88.86868881329971,25.984123205394283,30.258641379425242
570,na,40.22841181080596,44.07872071275436,65.67280025566419,65.67280025566419
571,na,32.08508475184615,33.36145411306473,20.909642411684498,21.55592973395161
572,na,18.756495577728312,25.635619579508827,11.16361014965652,11.589872123922463
573,na,5.528114248386124,20.515564787268122,3.6585379506310383,5.037642678907048
574,na,88.86868881329971,88.86868881329971,18.289538309406275,28.27475868800103
575,na,30.901567892616733,33.9114547778155,8.665259319896535,14.434603917248062
576,na,88.86868881329971,88.86868881329971,65.67280025566419,65.67280025566419
577,na,17.154124119425585,21.81505053937724,65.67280025566419,65.67280025566419
578,na,15.097394891375576,88.86868881329971,21.46375382774848,24.889627665530192
579,na,30.12139251661929,33.77353123204141,12.146631059685093,23.959888039158752
580,na,5.826413472532407,13.277384328035902,65.67280025566419,65.67280025566419
581,na,10.182375242804158,15.245092021954624,65.67280025566419,65.67280025566419
582,na,88.86868881329971,88.86868881329971,65.67280025566419,65.67280025566419
583,e,88.86868881329971,88.86868881329971,65.67280025566419,65.67280025566419
584,e,88.86868881329971,88.86868881329971,16.779294755928472,19.539149559056586
585,na,64.21787337450877,66.48124976489666,65.67280025566419,65.67280025566419
586,na,27.91077203299347,29.092445439270538,11.458133501531046,11.655159252465532
587,na,33.6895317471441,43.59741205930528,17.833197565850664,23.432618861937833
588,na,88.86868881329971,88.86868881329971,21.362642127268362,25.534533146943907
589,na,88.86868881329971,88.86868881329971,65.67280025566419,65.67280025566419
590,na,88.86868881329971,88.86868881329971,65.67280025566419,65.67280025566419
591,e,88.86868881329971,88.86868881329971,65.67280025566419,65.67280025566419
592,na,27.86544553609446,28.356084285916843,19.916168614786457,23.524272741696773
593,na,22.391742422285613,22.852804720835426,65.67280025566419,65.67280025566419
594,na,88.86868881329971,88.86868881329971,65.67280025566419,65.67280025566419
595,na,88.86868881329971,88.86868881329971,65.67280025566419,65.67280025566419
596,na,18.874247054471198,20.15209316056419,65.67280025566419,65.67280025566419
597,na,16.88067128059193,17.16347621565239,10.451558505964066,11.907155309078831
598,na,41.12162916489007,41.42221593380052,65.67280025566419,65.67280025566419
599,na,20.298670458911726,36.88872428462625,10.325662734775129,10.540606139819289
600,na,88.86868881329971,88.86868881329971,26.363020204487075,27.025782158204613
601,e,18.07593327614685,23.43075141164387,8.400693597395769,16.5865430015638
602,na,88.86868881329971,88.86868881329971,65.67280025566419,65.67280025566419
603,na,6.90809489247915,9.126250433645192,14.198615745425867,19.224354437107994
604,na,18.16734703196424,25.526729690935074,24.548670862495833,27.223630212385363
605,na,26.560134430797163,42.43986156456487,15.41734825216788,16.058440616534035
606,na,88.86868881329971,88.86868881329971,28.712663094342112,65.67280025566419
607,na,21.283659762582577,25.05590160049649,26.065189926362844,32.375003581925576
608,na,-1,0,-1,0
609,na,88.86868881329971,88.86868881329971,14.000018624892176,16.233560398220458
610,na,19.35412956663908,28.139102290564235,30.950345428915906,31.161252058068477
611,na,22.219751462472473,23.547213877233485,65.67280025566419,65.67280025566419
612,na,88.86868881329971,88.86868881329971,26.0451219699108,26.830686341614516
613,na,88.86868881329971,88.86868881329971,65.67280025566419,65.67280025566419
614,na,88.86868881329971,88.86868881329971,65.67280025566419,65.67280025566419
615,na,28.03746090691898,28.819906907313147,65.67280025566419,65.67280025566419
616,na,88.86868881329971,88.86868881329971,65.67280025566419,65.67280025566419
617,na,88.86868881329971,88.86868881329971,65.67280025566419,65.67280025566419
618,na,88.86868881329971,88.86868881329971,20.86376161073754,21.07889940762636
619,na,88.86868881329971,88.86868881329971,65.67280025566419,65.67280025566419
620,na,88.86868881329971,88.86868881329971,65.67280025566419,65.67280025566419
621,na,88.86868881329971,88.86868881329971,65.67280025566419,65.67280025566419
622,e,24.216065344975913,29.429840772072556,35.318812780121064,37.1854722919017
623,e,55.600633217767665,60.52572904689697,65.67280025566419,65.67280025566419
624,na,0,0.09570673836286554,0,0.6955021845549286
625,na,25.47933930053885,27.654524886450684,4.876854792609796,6.891734523209397
626,na,20.663085413261104,33.16830994729376,2.1075993808395683,2.214594847754103
627,e,88.86868881329971,88.86868881329971,65.67280025566419,65.67280025566419
628,e,88.86868881329971,88.86868881329971,65.67280025566419,65.67280025566419
629,na,47.88117172018856,50.91471270657048,16.094590283776235,18.057280358697692
630,na,88.86868881329971,88.86868881329971,5.282383194941511,8.03062653361944
631,na,18.638479468280984,33.47274154653501,23.3407218097139,25.52282111072977
632,na,88.86868881329971,88.86868881329971,10.232451499526219,23.210032041327256
633,na,12.588346834244032,14.098770391255481,29.464698450855074,65.67280025566419
634,e,88.86868881329971,88.86868881329971,65.67280025566419,65.67280025566419
635,na,88.86868881329971,88.86868881329971,65.67280025566419,65.67280025566419
636,na,7.566082749715125,8.814139541418353,65.67280025566419,65.67280025566419
637,na,33.591646814713265,50.73223177453665,65.67280025566419,65.67280025566419
638,na,88.86868881329971,88.86868881329971,23.382616868304567,27.751453118286573
639,na,88.86868881329971,88.86868881329971,65.67280025566419,65.67280025566419
640,na,88.86868881329971,88.86868881329971,65.67280025566419,65.67280025566419
641,na,88.86868881329971,88.86868881329971,65.67280025566419,65.67280025566419
642,na,40.84116038341577,43.414754916242366,26.493168917427205,29.309850696117103
643,na,8.882796318801386,88.86868881329971,43.87633616405429,47.93243758495952
644,na,9.959821665216275,12.530526390675725,4.0533360404746555,6.764466621877892
645,na,36.364106744982465,36.9351294742258,34.93335609770319,37.90114720321163
646,na,88.86868881329971,88.86868881329971,65.67280025566419,65.67280025566419
647,na,18.94335036723571,27.154454382711375,5.442124758005481,8.390363166127216
648,e,88.86868881329971,88.86868881329971,65.67280025566419,65.67280025566419
649,na,88.86868881329971,88.86868881329971,65.67280025566419,65.67280025566419
650,na,7.504274580980622,8.928330774310794,7.794013955396211,9.146746255150036
651,na,88.86868881329971,88.86868881329971,65.67280025566419,65.67280025566419
652,na,0,6.019320595839846,0,12.454483874818493
653,e,88.86868881329971,88.86868881329971,1.3793488549862947,2.249919759897446
654,na,24.21004486986659,24.26779078088176,12.32126525647806,20.376295771384473
655,na,14.405845138111836,18.8281491161345,27.573182312400228,29.239189691079297
656,na,6.665629586469405,17.437592190835183,9.473189515472518,10.857815107658825
657,e,88.86868881329971,88.86868881329971,15.958587997095949,16.414273114748912
658,e,88.86868881329971,88.86868881329971,13.755091430011221,14.463693538122069
659,na,88.86868881329971,88.86868881329971,65.67280025566419,65.67280025566419
660,na,17.8986983277782,19.23642715003676,65.67280025566419,65.67280025566419
661,na,14.048052312368965,21.92138508366172,21.94702582789585,22.45702094929308
662,na,0.2969898964476466,1.9767280673968344,5.327928174792427,6.385023676897743
663,na,88.86868881329971,88.86868881329971,65.67280025566419,65.67280025566419
664,na,88.86868881329971,88.86868881329971,65.67280025566419,65.67280025566419
665,na,88.86868881329971,88.86868881329971,41.904481216880924,44.47381668429027
666,na,12.727844396280872,13.231436734816615,6.909072274832293,7.151453637035555
667,na,88.86868881329971,88.86868881329971,65.67280025566419,65.67280025566419
668,na,88.86868881329971,88.86868881329971,65.67280025566419,65.67280025566419
669,na,48.31185638993209,48.99993929816429,65.67280025566419,65.67280025566419
670,na,88.86868881329971,88.86868881329971,24.69161091971917,25.270536038432592
671,na,88.86868881329971,88.86868881329971,65.67280025566419,65.67280025566419
672,na,29.33760235800725,36.95876854326403,20.766147609912345,21.125369409196335
673,na,57.25117168367694,58.29246689687398,65.67280025566419,65.67280025566419
674,na,25.96737458066896,40.27678185276626,61.41403356442966,65.67280025566419
675,na,30.444745457994664,32.12726778281421,9.381333896712427,65.67280025566419
676,e,15.383617474267949,88.86868881329971,7.540814318832575,9.684472221176456
677,na,27.991705930163175,38.46166307441315,65.67280025566419,65.67280025566419
678,na,88.86868881329971,88.86868881329971,65.67280025566419,65.67280025566419
679,na,88.86868881329971,88.86868881329971,65.67280025566419,65.67280025566419
680,na,43.70577344954774,44.03351675748081,65.67280025566419,65.67280025566419
681,na,88.86868881329971,88.86868881329971,65.67280025566419,65.67280025566419
682,na,88.86868881329971,88.86868881329971,65.67280025566419,65.67280025566419
683,na,88.86868881329971,88.86868881329971,65.67280025566419,65.67280025566419
684,na,88.86868881329971,88.86868881329971,12.213987172124952,20.63016904812868
685,na,88.86868881329971,88.86868881329971,34.48336896685523,35.998880465111334
686,e,20.024783334785873,25.536127802138694,14.059942824437211,34.14668426032129
687,na,88.86868881329971,88.86868881329971,65.67280025566419,65.67280025566419
688,na,10.807456309113741,11.973089555639884,1.2110856082457753,1.4163964861893827
689,na,88.86868881329971,88.86868881329971,65.67280025566419,65.67280025566419
690,na,3.684120636312209,6.498046463236537,5.104173696724025,6.086522457085264
691,na,88.86868881329971,88.86868881329971,65.67280025566419,65.67280025566419
692,na,88.86868881329971,88.86868881329971,65.67280025566419,65.67280025566419
693,na,22.381036550346025,32.06465091417834,0.5705945972588984,18.306875513739357
694,na,88.86868881329971,88.86868881329971,65.67280025566419,65.67280025566419
695,na,25.898358968820585,30.13723300274156,13.266166990515321,15.47755018052116
696,na,54.07793883854877,55.16427741220153,65.67280025566419,65.67280025566419
697,na,9.187443115747623,14.925944760587148,27.97050408915744,30.9270714343601
698,na,23.820612770291255,31.314567768958195,6.474200280316459,7.782972209156409
699,na,88.86868881329971,88.86868881329971,65.67280025566419,65.67280025566419
700,na,3.182913897896273,6.10920217385087,6.112102323918855,7.058603040888978
701,na,88.86868881329971,88.86868881329971,65.67280025566419,65.67280025566419
702,na,88.86868881329971,88.86868881329971,6.975028778873161,65.67280025566419
703,na,-1,0,-1,0
704,na,88.86868881329971,88.86868881329971,65.67280025566419,65.67280025566419
705,na,16.087735521179088,17.295503982233836,14.696068455185484,19.773435253974835
706,na,14.172691906991354,16.935635238310848,1.1986834751207813,11.164750614757592
707,na,88.86868881329971,88.86868881329971,23.398543163585945,42.426185544997864
708,na,4.786056637742616,88.86868881329971,4.79186771267462,7.326213542577872
709,na,7.817157105719368,8.172700355824444,34.38385767188121,37.86477088809149
710,na,88.86868881329971,88.86868881329971,65.67280025566419,65.67280025566419
711,na,11.496549766088547,88.86868881329971,10.309302002979164,14.856443343768863
712,na,21.55470305367231,25.427564568718672,9.899370318209934,15.22441358226655
713,na,32.34117445626061,35.76449013739454,34.09873218733213,34.38343887507767
714,e,10.299444346861604,15.211738075528904,18.963700278190156,19.679870639633197
715,na,13.063257238055517,14.043083033484203,8.210956782051758,65.67280025566419
716,na,88.86868881329971,88.86868881329971,13.941739068518617,14.866069414878748
717,na,88.86868881329971,88.86868881329971,65.67280025566419,65.67280025566419
718,e,88.86868881329971,88.86868881329971,65.67280025566419,65.67280025566419
719,na,88.86868881329971,88.86868881329971,19.676597355771396,20.202133346683127
720,na,0,2.0335656712993875,0,9.140638308587127
721,na,88.86868881329971,88.86868881329971,65.67280025566419,65.67280025566419
722,na,42.20842504745626,42.595723229607245,27.787192579039527,27.91032589517034
723,na,88.86868881329971,88.86868881329971,65.67280025566419,65.67280025566419
724,na,41.72794365823899,47.93814353159956,12.417096931398252,15.844837993578393
725,na,88.86868881329971,88.86868881329971,19.518781880335705,21.173809922632298
726,na,88.86868881329971,88.86868881329971,65.67280025566419,65.67280025566419
727,na,14.273462592475223,16.504206481588323,22.350175031681772,28.674953068645
728,na,88.86868881329971,88.86868881329971,13.145308740387,14.323510637583464
729,na,88.86868881329971,88.86868881329971,10.644557411191133,17.727851355725406
730,na,3.2206684974853306,6.240249583363795,22.36357580653886,23.48510277936351
731,na,26.583277742134232,39.75767772885461,65.67280025566419,65.67280025566419
732,na,-1,0,-1,0
733,na,88.86868881329971,88.86868881329971,13.13630310074523,17.785301961716833
734,na,43.427220433357945,43.53040910262101,7.704474903735596,12.485564111946658
735,na,30.359748722037597,41.60590743483867,16.574024649323874,22.656236408658717
736,na,88.86868881329971,88.86868881329971,65.67280025566419,65.67280025566419
737,e,31.524997613804018,36.37866918883959,8.938422746160201,10.097630303926902
738,na,88.86868881329971,88.86868881329971,8.963564787982513,9.203135579929809
739,na,24.432187281418734,25.469482209903244,3.8949543744245343,3.9872152531165046
740,na,88.86868881329971,88.86868881329971,65.67280025566419,65.67280025566419
741,na,88.86868881329971,88.86868881329971,13.068623245986087,15.176039828328612
742,na,3.2041770982048234,5.345437514215837,1.9030863228273371,10.91767190759113
743,na,20.316506060062764,21.97380089332541,65.67280025566419,65.67280025566419
744,na,88.86868881329971,88.86868881329971,65.67280025566419,65.67280025566419
745,na,20.321547650507544,22.105471787943966,65.67280025566419,65.67280025566419
746,na,66.21000786342093,88.86868881329971,65.67280025566419,65.67280025566419
747,na,61.54213568560515,62.911368296930036,65.67280025566419,65.67280025566419
748,na,30.861948147413607,32.77057374616449,32.731101387855276,33.66464431058975
749,na,88.86868881329971,88.86868881329971,28.25670122983257,32.553789241486236
750,na,10.29193990426583,11.312827325400495,25.068975654168415,36.56100536212635
751,na,12.357516602457242,18.603314187984164,22.34800132687646,23.08493614221353
752,na,88.86868881329971,88.86868881329971,65.67280025566419,65.67280025566419
753,na,19.6019301932939,21.81508139489321,65.67280025566419,65.67280025566419
754,na,18.393989705664506,19.36968577974658,65.67280025566419,65.67280025566419
755,na,88.86868881329971,88.86868881329971,41.18666967280642,46.70020938993707
756,na,12.376958879476435,30.315385800979545,15.978155639541317,32.14561056499085
757,na,88.86868881329971,88.86868881329971,15.843088356097399,24.568832348218276
758,na,28.03023992057239,28.110626410985848,11.849349266008062,12.034324317886124
759,na,12.163943723654837,15.549170715318443,6.028890371012998,8.246216882205005
760,na,28.565043729,28.816650497930432,12.699104027261635,16.159358423934037
761,na,30.839703748425066,36.338876547527576,65.67280025566419,65.67280025566419
762,na,48.24883142419334,52.67533075738541,10.701664292251111,14.050950643066571
763,na,17.780695970740712,20.397353244483863,4.967453256895736,7.471320456597992
764,na,34.470269563240564,35.416264966942485,65.67280025566419,65.67280025566419
765,na,3.5028487049597263,6.239205534371361,6.4838460607569095,7.662806488952562
766,na,8.018336902290399,9.83396676093581,5.7388776427169645,16.010335318789895
767,na,13.525370637911411,25.128017052321834,12.609206317479526,13.00087593811876
768,na,23.280272465306993,23.570949511079945,5.387088699703518,6.463781737855317
769,na,88.86868881329971,88.86868881329971,65.67280025566419,65.67280025566419
770,na,88.86868881329971,88.86868881329971,16.183460299581064,65.67280025566419
771,na,16.139576620133443,22.66917454318041,65.67280025566419,65.67280025566419
772,na,88.86868881329971,88.86868881329971,13.518331591142163,17.066695513009947
773,na,88.86868881329971,88.86868881329971,65.67280025566419,65.67280025566419
774,na,88.86868881329971,88.86868881329971,23.364881137760513,65.67280025566419
775,na,88.86868881329971,88.86868881329971,65.67280025566419,65.67280025566419
776,e,88.86868881329971,88.86868881329971,20.95438708988767,30.501668227186848
777,na,44.41819026355225,47.12147102779978,65.67280025566419,65.67280025566419
778,na,88.86868881329971,88.86868881329971,65.67280025566419,65.67280025566419
779,na,88.86868881329971,88.86868881329971,65.67280025566419,65.67280025566419
780,na,22.942151999838345,23.382750574184016,12.069483432313607,65.67280025566419
781,na,88.86868881329971,88.86868881329971,65.67280025566419,65.67280025566419
782,na,88.86868881329971,88.86868881329971,22.208881078928233,65.67280025566419
783,na,23.74405773329955,37.37446996701535,13.641815455824842,19.7437439212684
784,na,88.86868881329971,88.86868881329971,65.67280025566419,65.67280025566419
785,na,88.86868881329971,88.86868881329971,5.422365122132966,8.560198019121788
786,na,88.86868881329971,88.86868881329971,20.187342728357606,22.139925885371806
787,na,16.459097931545298,21.098283178442127,3.486914343617921,10.01717310052997
788,na,58.09734450991646,68.77489470672099,20.5492910129912,21.215894121689097
789,na,24.900405723345568,29.167540045621557,15.398160527141783,16.58860330470786
790,na,88.86868881329971,88.86868881329971,65.67280025566419,65.67280025566419
791,na,10.450180385308974,12.999685569332488,27.011469819407047,30.287997791953362
792,na,88.86868881329971,88.86868881329971,65.67280025566419,65.67280025566419
793,na,88.86868881329971,88.86868881329971,65.67280025566419,65.67280025566419
794,e,1.4089875979273754,2.2665406334528115,16.979255463854834,23.202416169941376
795,na,88.86868881329971,88.86868881329971,65.67280025566419,65.67280025566419
796,na,88.86868881329971,88.86868881329971,26.113672315924116,26.91385516199423
797,e,25.942890479836365,31.263075629346204,65.67280025566419,65.67280025566419
798,na,88.86868881329971,88.86868881329971,65.67280025566419,65.67280025566419
799,na,88.86868881329971,88.86868881329971,65.67280025566419,65.67280025566419
800,na,15.506765925681403,22.38248982646358,46.6852169194156,47.765000186706125
801,na,88.86868881329971,88.86868881329971,65.67280025566419,65.67280025566419
802,na,88.86868881329971,88.86868881329971,65.67280025566419,65.67280025566419
803,na,14.227520365846265,19.017013079275735,22.071930828002326,23.879439318753814
804,na,14.768781840675626,20.6513986372501,65.67280025566419,65.67280025566419
805,na,-1,0,-1,0
806,na,88.86868881329971,88.86868881329971,65.67280025566419,65.67280025566419
807,e,88.86868881329971,88.86868881329971,65.67280025566419,65.67280025566419
808,na,27.663395568243494,31.986552133619053,7.752866946073487,7.788923540574472
809,na,28.919050788390166,88.86868881329971,65.67280025566419,65.67280025566419
810,na,49.1202157867301,88.86868881329971,1.5362914241008407,10.652959518979234
811,na,0,1.2088554442515562,0,16.94567399447797
812,na,12.44708553150449,13.271532681892143,65.67280025566419,65.67280025566419
813,na,16.13525994185039,23.224132936117726,3.1248756673628493,4.2742365761796
814,na,88.86868881329971,88.86868881329971,65.67280025566419,65.67280025566419
815,e,23.76561400138856,24.537602933335084,25.947077088041866,27.5698725385263
816,na,25.62695015952283,27.328690196160576,18.977796397497055,19.854770553202197
817,na,88.86868881329971,88.86868881329971,65.67280025566419,65.67280025566419
818,na,88.86868881329971,88.86868881329971,65.67280025566419,65.67280025566419
819,na,88.86868881329971,88.86868881329971,65.67280025566419,65.67280025566419
820,na,8.844111424061001,9.801871524363616,20.61746380696249,25.157410074791365
821,e,88.86868881329971,88.86868881329971,16.335586424128113,25.215605893849823
822,na,24.860798035644226,31.103935307363777,30.138942904336748,30.536211292297676
823,na,88.86868881329971,88.86868881329971,24.804330220819182,26.797589420937
824,na,16.154236640968936,20.718872296539722,65.67280025566419,65.67280025566419
825,na,35.31044193942718,39.90774466639254,65.67280025566419,65.67280025566419
826,na,35.6958894132959,45.008475393513976,17.444782293985956,22.406070953466262
827,na,7.8818946169326365,9.694665859859153,3.460285974751085,5.070828386115757
828,na,88.86868881329971,88.86868881329971,65.67280025566419,65.67280025566419
829,na,46.64540297867651,47.33951537472093,31.780967701988693,32.88564529149025
830,na,88.86868881329971,88.86868881329971,13.657706535751196,65.67280025566419
831,na,88.86868881329971,88.86868881329971,65.67280025566419,65.67280025566419
832,na,10.997795013509213,15.093387399647538,3.572691627171707,4.2247614412830785
833,e,88.86868881329971,88.86868881329971,65.67280025566419,65.67280025566419
834,na,18.96948956088124,27.96007140875112,18.055909116715853,27.26679496219719
835,na,43.40420890239223,88.86868881329971,38.81559879979644,41.922558481519395
836,na,88.86868881329971,88.86868881329971,65.67280025566419,65.67280025566419
837,na,15.234977167121535,88.86868881329971,11.659212619429425,14.967327680804187
838,e,12.981506666096303,14.218552610319007,65.67280025566419,65.67280025566419
839,na,7.172047062730626,14.113938659784306,65.67280025566419,65.67280025566419
840,na,88.86868881329971,88.86868881329971,65.67280025566419,65.67280025566419
841,na,88.86868881329971,88.86868881329971,65.67280025566419,65.67280025566419
842,na,12.930717354148568,15.547449387323123,65.67280025566419,65.67280025566419
843,na,88.86868881329971,88.86868881329971,65.67280025566419,65.67280025566419
844,na,51.88692528314427,59.63875343794015,65.67280025566419,65.67280025566419
845,e,88.86868881329971,88.86868881329971,65.67280025566419,65.67280025566419
846,na,61.00363079881334,65.00035466319966,36.25014127826158,40.29706046421643
847,na,88.86868881329971,88.86868881329971,8.558727074423036,12.87734022307867
848,na,0,6.339871051686505,0,15.124542660420943
849,na,14.156924817954144,17.67987979668288,15.94920784050421,40.07891839490769
850,na,13.918157276198173,16.76092324740108,65.67280025566419,65.67280025566419
851,na,16.82718769737078,18.034704930812993,2.5282433270366353,3.0195642903893445
852,e,88.86868881329971,88.86868881329971,4.491763236670602,12.583897162329446
853,na,88.86868881329971,88.86868881329971,29.65793571853304,30.360855471450865
854,na,23.209065479228205,26.055940716186633,21.012701223830085,25.689885548683982
855,na,88.86868881329971,88.86868881329971,65.67280025566419,65.67280025566419
856,na,88.86868881329971,88.86868881329971,65.67280025566419,65.67280025566419
857,na,15.820999805082625,23.63426446622899,65.67280025566419,65.67280025566419
858,na,6.860283439529084,8.67233373589487,32.337198013744754,35.14723246950176
859,na,34.97417911587392,88.86868881329971,23.765520765410002,29.546837369947866
860,na,84.20461301999734,88.86868881329971,65.67280025566419,65.67280025566419
861,na,39.762875476940216,45.96349137728782,65.67280025566419,65.67280025566419
862,na,31.749620105474467,33.52198755012183,14.459369001542495,15.192901428165289
863,na,20.805374095830732,21.792386423753275,27.748785988730553,37.24657356290268
864,na,33.886120353368604,39.80837837216573,22.209606229241547,26.169111674958152
865,na,88.86868881329971,88.86868881329971,65.67280025566419,65.67280025566419
866,na,23.551597317984722,24.651694756839717,65.67280025566419,65.67280025566419
867,na,88.86868881329971,88.86868881329971,24.078828745071487,28.432692576258113
868,na,28.977395802242473,29.97815945978054,18.005588590883825,20.839428876942854
869,na,88.86868881329971,88.86868881329971,46.15370842755352,46.69343701285348
870,na,88.86868881329971,88.86868881329971,65.67280025566419,65.67280025566419
871,na,88.86868881329971,88.86868881329971,65.67280025566419,65.67280025566419
872,na,88.86868881329971,88.86868881329971,65.67280025566419,65.67280025566419
873,na,14.954925581030137,25.155434210321932,24.83386765476429,32.22765684961699
874,na,88.86868881329971,88.86868881329971,17.82899638415261,18.058675518822017
875,na,34.87224833498066,35.598788092182645,14.746192494857898,40.34981321746596
876,na,25.433678568196814,30.220258514866934,14.648480981198563,32.202938224320604
877,na,88.86868881329971,88.86868881329971,65.67280025566419,65.67280025566419
878,na,4.543784915284138,10.83641128502248,11.434914357754321,15.502348214671468
879,na,88.86868881329971,88.86868881329971,65.67280025566419,65.67280025566419
880,na,0,10.599967595093496,0,1.8764717899375083
881,na,88.86868881329971,88.86868881329971,5.703060706355172,9.228394878521998
882,e,39.95595018825264,41.129138658685584,10.663346554881297,14.258078092882451
883,na,21.256367680751215,27.539058530859645,20.419284503711637,21.192148274214112
884,na,51.06871609462378,88.86868881329971,5.933212841754172,13.021061049842016
885,na,88.86868881329971,88.86868881329971,65.67280025566419,65.67280025566419
886,na,88.86868881329971,88.86868881329971,22.46082548180953,22.54134883113036
887,na,88.86868881329971,88.86868881329971,12.177082552445846,15.40413738528497
888,na,15.678221352125268,16.834224824719307,11.877218630673442,19.39075149577964
889,na,24.791417596547124,24.943515421312522,65.67280025566419,65.67280025566419
890,na,88.86868881329971,88.86868881329971,65.67280025566419,65.67280025566419
891,na,88.86868881329971,88.86868881329971,65.67280025566419,65.67280025566419
892,na,88.86868881329971,88.86868881329971,5.575606502784062,65.67280025566419
893,na,88.86868881329971,88.86868881329971,11.162018793044354,11.93219763384382
894,e,22.14791049125052,23.261081041374077,22.418154406832123,23.110910759581234
895,na,10.303594160968123,11.788907207952033,11.877872868164093,14.049619660798154
896,e,4.0662896031335665,5.25353679665818,31.424557954653714,34.90729157264003
897,na,88.86868881329971,88.86868881329971,26.7192331912848,30.22939373963371
898,na,12.964496523534867,13.45351055955501,65.67280025566419,65.67280025566419
899,na,88.86868881329971,88.86868881329971,65.67280025566419,65.67280025566419
900,na,16.50321584882065,16.766663962866872,8.892338497314075,11.030618401392525
901,na,27.063501376620884,31.901397523856197,65.67280025566419,65.67280025566419
902,na,88.86868881329971,88.86868881329971,65.67280025566419,65.67280025566419
903,na,88.86868881329971,88.86868881329971,65.67280025566419,65.67280025566419
904,na,88.86868881329971,88.86868881329971,65.67280025566419,65.67280025566419
905,na,88.86868881329971,88.86868881329971,12.146558113775583,65.67280025566419
906,na,88.86868881329971,88.86868881329971,33.53252272693071,65.67280025566419
907,na,53.71200580031386,68.01168742548288,65.67280025566419,65.67280025566419
908,na,22.065115654689837,25.41128592755985,5.035024164078914,5.649610351921588
909,na,88.86868881329971,88.86868881329971,6.533360051566173,6.600670129539691
910,na,88.86868881329971,88.86868881329971,65.67280025566419,65.67280025566419
911,na,24.56073281537006,25.129860432128222,65.67280025566419,65.67280025566419
912,na,-1,0,-1,0
913,na,27.749349088776864,40.5890760773833,41.1607110618515,45.251104888194675
914,na,7.020244116582643,12.249691471862716,4.347297362684439,16.09657664521277
915,na,88.86868881329971,88.86868881329971,65.67280025566419,65.67280025566419
916,na,25.552408883847274,26.713966177470457,65.67280025566419,65.67280025566419
917,na,88.86868881329971,88.86868881329971,65.67280025566419,65.67280025566419
918,na,88.86868881329971,88.86868881329971,33.94541977816471,36.07089173477629
919,na,88.86868881329971,88.86868881329971,10.093601160277311,21.127707298719674
920,e,20.348817931013595,22.870319089337546,7.822880050447876,14.515969996897315
921,e,88.86868881329971,88.86868881329971,32.39083908552797,33.85809176397292
922,na,88.86868881329971,88.86868881329971,35.212667028302455,37.0064158878019
923,na,9.548978977001171,16.547549977422786,12.468439996798702,14.435970345939776
924,na,22.633062049386066,23.14623675344602,16.759901681897208,65.67280025566419
925,na,7.131182429547466,7.921503323893415,17.8557596328828,25.771927780155654
926,e,13.431454968246204,30.036301145974303,4.1076600510325925,4.593892444417404
927,na,88.86868881329971,88.86868881329971,65.67280025566419,65.67280025566419
928,na,24.29025917706543,31.111698519026262,12.956720912942405,13.32575697776752
929,e,88.86868881329971,88.86868881329971,27.412463129523754,28.366622148649466
930,na,7.863047295829319,16.696252223627503,65.67280025566419,65.67280025566419
931,na,23.01685844295206,24.257792733915927,10.851915882540657,65.67280025566419
932,na,41.72665028032482,88.86868881329971,65.67280025566419,65.67280025566419
933,na,88.86868881329971,88.86868881329971,21.892484062905126,34.23030099523451
934,na,88.86868881329971,88.86868881329971,65.67280025566419,65.67280025566419
935,na,18.36139703012571,26.98600000304168,65.67280025566419,65.67280025566419
936,na,14.241112629413248,14.476533291078434,21.20205709331854,26.23585670198245
937,na,88.86868881329971,88.86868881329971,65.67280025566419,65.67280025566419
938,na,42.87279623922362,53.516373007024015,19.322193277457224,26.83176906745078
939,e,16.61944707221965,88.86868881329971,18.803154301568,22.437157421424327
940,na,30.65665488393834,33.95273481589227,24.916596195534666,29.121832937552167
941,na,88.86868881329971,88.86868881329971,65.67280025566419,65.67280025566419
942,na,88.86868881329971,88.86868881329971,65.67280025566419,65.67280025566419
943,e,88.86868881329971,88.86868881329971,65.67280025566419,65.67280025566419
944,na,22.839509597440372,28.55101843711081,65.67280025566419,65.67280025566419
945,na,88.86868881329971,88.86868881329971,65.67280025566419,65.67280025566419
946,na,88.86868881329971,88.86868881329971,18.491240482369783,20.534143649442317
947,e,12.806791182473159,22.659566331910316,12.157123416413144,14.098292986204457
948,na,88.86868881329971,88.86868881329971,65.67280025566419,65.67280025566419
949,na,18.5831110766005,22.89278615566924,36.54086272330628,40.57155680551698
950,e,88.86868881329971,88.86868881329971,11.602795460048272,16.805347106811578
951,na,88.86868881329971,88.86868881329971,65.67280025566419,65.67280025566419
952,na,88.86868881329971,88.86868881329971,28.849215517485217,35.545883827089504
953,na,80.6650123888545,81.244031918034,27.71467301932326,40.568522618710325
954,na,-1,0,-1,0
955,na,13.14766203194259,13.832209704353252,65.67280025566419,65.67280025566419
956,na,88.86868881329971,88.86868881329971,65.67280025566419,65.67280025566419
957,na,9.177633569672352,11.249731765125015,16.357774620654745,17.142371522450187
958,e,88.86868881329971,88.86868881329971,21.727765599404293,22.23493621843585
959,na,88.86868881329971,88.86868881329971,13.992610118555797,19.476241524513828
960,na,88.86868881329971,88.86868881329971,65.67280025566419,65.67280025566419
961,na,43.22703715747895,52.3957824652722,17.02426460171776,28.78170038750919
962,na,3.1365904193354646,7.84499228641309,6.392670466300054,11.92032031463552
963,na,15.759075826027585,25.123413048906954,14.725501085103954,20.330513868579544
964,na,88.86868881329971,88.86868881329971,65.67280025566419,65.67280025566419
965,na,88.86868881329971,88.86868881329971,29.892630167476323,58.455764317728374
966,na,20.950169744590475,34.274780500531065,27.485080797144747,29.106459724081823
967,e,20.533782049512396,26.942331502539016,29.62618490869304,65.67280025566419
968,na,88.86868881329971,88.86868881329971,65.67280025566419,65.67280025566419
969,na,13.259492730702982,14.59637155101421,65.67280025566419,65.67280025566419
970,na,88.86868881329971,88.86868881329971,65.67280025566419,65.67280025566419
971,na,88.86868881329971,88.86868881329971,17.026237189252026,20.614133906468236
972,na,88.86868881329971,88.86868881329971,12.591455012548714,18.6638531057532
973,e,88.86868881329971,88.86868881329971,27.346043647677913,57.12207138253326
974,na,14.103682127362628,18.854256890262135,16.41268531826051,23.866588546730156
975,na,12.027000637053296,88.86868881329971,19.758088897788376,24.357394895416473
976,na,88.86868881329971,88.86868881329971,65.67280025566419,65.67280025566419
977,na,88.86868881329971,88.86868881329971,65.67280025566419,65.67280025566419
978,na,17.184127817321645,21.246971764009547,21.15481702445671,24.963110154375993
979,na,12.79167496477676,13.463208775057105,5.669107296497258,15.675962179049453
980,na,88.86868881329971,88.86868881329971,5.358485630615431,9.341115248014459
981,e,30.52722040362472,34.44840493149525,23.58485826182701,24.943520722099194
982,na,26.309670058903365,29.524424491607363,43.10313082965945,49.61521158861358
983,na,4.912083111398949,5.830760337869346,18.184239804070778,18.918700059683122
984,na,6.206160237692252,8.847306889612199,11.268181869829396,14.232485270961847
985,na,25.109239289955685,26.362802880532943,4.6813391350862625,4.929019493136923
986,na,4.281185693552635,8.623922755539382,20.971043600121302,24.449296387059295
987,na,12.567198167736594,18.836089325285375,48.725017611006606,51.98927972240183
988,na,17.445672851607135,19.632386619247363,65.67280025566419,65.67280025566419
989,na,2.1271645998888404,6.652674979590707,15.863536765772016,18.336511847062155
990,na,26.578861456997018,29.061553807632777,65.67280025566419,65.67280025566419
991,na,88.86868881329971,88.86868881329971,65.67280025566419,65.67280025566419
992,na,15.677281981641652,88.86868881329971,15.301576381546614,17.503041810420815
993,na,33.69713906282154,41.18783393418448,65.67280025566419,65.67280025566419
994,na,-1,0,-1,0
995,na,18.773980770995482,88.86868881329971,7.567455032358146,7.639975327101107
996,na,23.690638769538037,25.361503458392313,11.832995735100234,65.67280025566419
997,na,88.86868881329971,88.86868881329971,65.67280025566419,65.67280025566419
998,na,88.86868881329971,88.86868881329971,65.67280025566419,65.67280025566419
999,na,24.023946784502417,24.881320326812894,16.998614672621237,19.14260035706793
