node, assignment, time2inf_trt, time2inf_con,
0,na,234.5011416687998,1.7070179199099222
1,na,234.5011416687998,1.7070179199099222
2,na,234.5011416687998,1.7070179199099222
3,na,0,0
4,na,160.43538385238932,1.7070179199099222
5,na,123.64713384121126,1.7070179199099222
6,na,234.5011416687998,1.7070179199099222
7,na,131.44686225461837,1.7070179199099222
8,na,234.5011416687998,1.7070179199099222
9,e,234.5011416687998,1.7070179199099222
10,e,143.99517168282887,1.7070179199099222
11,na,234.5011416687998,1.7070179199099222
12,na,234.5011416687998,1.7070179199099222
13,na,234.5011416687998,1.7070179199099222
14,na,118.55087006114474,1.7070179199099222
15,na,234.5011416687998,1.7070179199099222
16,na,88.84294584837946,1.7070179199099222
17,e,39.80528963720382,1.7070179199099222
18,na,234.5011416687998,1.7070179199099222
19,na,234.5011416687998,1.7070179199099222
20,na,95.36397762519233,1.7070179199099222
21,na,121.26938688466328,1.7070179199099222
22,na,122.60292462147133,1.7070179199099222
23,na,108.52050103900977,1.7070179199099222
24,na,234.5011416687998,1.7070179199099222
25,na,135.80380281851646,1.7070179199099222
26,na,148.70495050726944,1.7070179199099222
27,na,117.0459911366609,1.7070179199099222
28,na,234.5011416687998,1.7070179199099222
29,na,81.13063983988131,1.7070179199099222
30,na,147.2740204404959,1.7070179199099222
31,na,234.5011416687998,1.7070179199099222
32,na,234.5011416687998,1.7070179199099222
33,na,234.5011416687998,1.7070179199099222
34,na,234.5011416687998,1.7070179199099222
35,na,234.5011416687998,1.7070179199099222
36,na,112.35026849217665,1.7070179199099222
37,na,133.5972272784923,1.7070179199099222
38,e,93.72993771964379,1.7070179199099222
39,na,234.5011416687998,1.7070179199099222
40,na,234.5011416687998,1.7070179199099222
41,e,234.5011416687998,1.7070179199099222
42,na,234.5011416687998,1.7070179199099222
43,na,234.5011416687998,1.7070179199099222
44,na,234.5011416687998,1.7070179199099222
45,na,132.62764032041193,1.7070179199099222
46,e,159.4810043214106,1.7070179199099222
47,na,234.5011416687998,1.7070179199099222
48,na,147.12229553869307,1.7070179199099222
49,na,80.330612393153,1.7070179199099222
50,na,234.5011416687998,1.7070179199099222
51,na,116.11404934019738,1.7070179199099222
52,e,161.17329138961773,1.7070179199099222
53,na,234.5011416687998,1.7070179199099222
54,na,130.05146735202194,1.7070179199099222
55,e,161.3646592937561,1.7070179199099222
56,e,171.28133082923372,1.7070179199099222
57,na,234.5011416687998,1.7070179199099222
58,na,128.16666460063328,1.7070179199099222
59,na,234.5011416687998,1.7070179199099222
60,na,234.5011416687998,1.7070179199099222
61,na,234.5011416687998,1.7070179199099222
62,na,234.5011416687998,1.7070179199099222
63,na,234.5011416687998,1.7070179199099222
64,e,184.12739000163455,1.7070179199099222
65,na,234.5011416687998,1.7070179199099222
66,na,109.52199330270764,1.7070179199099222
67,na,234.5011416687998,1.7070179199099222
68,na,234.5011416687998,1.7070179199099222
69,na,234.5011416687998,1.7070179199099222
70,na,161.6491791107423,1.7070179199099222
71,na,234.5011416687998,1.7070179199099222
72,e,141.3691036834302,1.7070179199099222
73,na,37.778522166495996,1.7070179199099222
74,na,157.0023047136551,1.7070179199099222
75,na,190.4250724372871,1.7070179199099222
76,na,113.73341518200053,1.7070179199099222
77,na,234.5011416687998,1.7070179199099222
78,e,234.5011416687998,1.7070179199099222
79,na,234.5011416687998,1.7070179199099222
80,na,124.07345621451203,1.7070179199099222
81,na,143.7403810721099,1.7070179199099222
82,na,158.3519038276487,1.7070179199099222
83,e,32.06672651198856,1.7070179199099222
84,na,234.5011416687998,1.7070179199099222
85,na,117.13325240575975,1.7070179199099222
86,na,217.42701757745527,1.7070179199099222
87,na,234.5011416687998,1.7070179199099222
88,e,234.5011416687998,1.7070179199099222
89,na,128.5192077498097,1.7070179199099222
90,na,68.0645605765182,1.7070179199099222
91,na,234.5011416687998,1.7070179199099222
92,e,234.5011416687998,1.7070179199099222
93,na,234.5011416687998,1.7070179199099222
94,na,234.5011416687998,1.7070179199099222
95,na,124.32454787241072,1.7070179199099222
96,na,107.11146912879973,1.7070179199099222
97,na,111.0632362032938,1.7070179199099222
98,na,234.5011416687998,1.7070179199099222
99,e,234.5011416687998,1.7070179199099222
100,na,234.5011416687998,1.7070179199099222
101,na,234.5011416687998,1.7070179199099222
102,na,234.5011416687998,1.7070179199099222
103,e,58.14283850212459,1.7070179199099222
104,na,234.5011416687998,1.7070179199099222
105,na,234.5011416687998,1.7070179199099222
106,na,120.33271472503594,1.7070179199099222
107,na,234.5011416687998,1.7070179199099222
108,na,234.5011416687998,1.7070179199099222
109,na,152.25387893040474,1.7070179199099222
110,na,21.26085247246098,1.7070179199099222
111,na,79.25730167252384,1.7070179199099222
112,na,234.5011416687998,1.7070179199099222
113,na,234.5011416687998,1.7070179199099222
114,na,70.10798527354619,1.7070179199099222
115,na,234.5011416687998,1.7070179199099222
116,na,46.98943757056979,1.7070179199099222
117,na,234.5011416687998,1.7070179199099222
118,na,234.5011416687998,1.7070179199099222
119,e,170.35034094481662,1.7070179199099222
120,na,234.5011416687998,1.7070179199099222
121,na,234.5011416687998,1.7070179199099222
122,e,234.5011416687998,1.7070179199099222
123,na,106.1601614994629,1.7070179199099222
124,na,118.85947759273057,1.7070179199099222
125,e,199.5228526396905,1.7070179199099222
126,na,178.37525696737885,1.7070179199099222
127,na,74.5124254053508,1.7070179199099222
128,e,234.5011416687998,1.7070179199099222
129,na,234.5011416687998,1.7070179199099222
130,e,109.99515472244074,1.7070179199099222
131,na,139.03430317854222,1.7070179199099222
132,e,234.5011416687998,1.7070179199099222
133,na,123.473046275331,1.7070179199099222
134,na,234.5011416687998,1.7070179199099222
135,na,234.5011416687998,1.7070179199099222
136,na,140.8800331944247,1.7070179199099222
137,na,234.5011416687998,1.7070179199099222
138,na,141.75034536106546,1.7070179199099222
139,na,234.5011416687998,1.7070179199099222
140,e,234.5011416687998,1.7070179199099222
141,na,234.5011416687998,1.7070179199099222
142,na,160.56992085719799,1.7070179199099222
143,na,234.5011416687998,1.7070179199099222
144,e,234.5011416687998,1.7070179199099222
145,na,234.5011416687998,1.7070179199099222
146,na,105.42885960962685,1.7070179199099222
147,e,234.5011416687998,1.7070179199099222
148,e,234.5011416687998,1.7070179199099222
149,na,149.9419492964397,1.7070179199099222
150,na,234.5011416687998,1.7070179199099222
151,na,234.5011416687998,1.7070179199099222
152,na,159.23588574307283,1.7070179199099222
153,na,143.91678116517934,1.7070179199099222
154,na,234.5011416687998,1.7070179199099222
155,na,234.5011416687998,1.7070179199099222
156,na,134.1532601269817,1.7070179199099222
157,na,234.5011416687998,1.7070179199099222
158,na,234.5011416687998,1.7070179199099222
159,na,234.5011416687998,1.7070179199099222
160,na,234.5011416687998,1.7070179199099222
161,na,234.5011416687998,1.7070179199099222
162,na,148.31615966016503,1.7070179199099222
163,na,234.5011416687998,1.7070179199099222
164,e,234.5011416687998,1.7070179199099222
165,na,122.3690745601496,1.7070179199099222
166,e,144.76365295448642,1.7070179199099222
167,na,234.5011416687998,1.7070179199099222
168,na,104.66046258923852,1.7070179199099222
169,na,234.5011416687998,1.7070179199099222
170,na,234.5011416687998,1.7070179199099222
171,na,223.9298220026121,1.7070179199099222
172,na,137.4076407086577,1.7070179199099222
173,na,234.5011416687998,1.7070179199099222
174,na,234.5011416687998,1.7070179199099222
175,na,161.07639310310807,1.7070179199099222
176,na,137.81168619298165,1.7070179199099222
177,na,166.445907311502,1.7070179199099222
178,e,234.5011416687998,1.7070179199099222
179,e,234.5011416687998,1.7070179199099222
180,e,234.5011416687998,1.7070179199099222
181,na,234.5011416687998,1.7070179199099222
182,na,234.5011416687998,1.7070179199099222
183,na,138.83145566027395,1.7070179199099222
184,na,234.5011416687998,1.7070179199099222
185,na,234.5011416687998,1.7070179199099222
186,na,234.5011416687998,1.7070179199099222
187,e,234.5011416687998,1.7070179199099222
188,na,131.56569549499963,1.7070179199099222
189,na,234.5011416687998,1.7070179199099222
190,na,146.1139651588108,1.7070179199099222
191,na,234.5011416687998,1.7070179199099222
192,na,63.08033609414581,1.7070179199099222
193,na,234.5011416687998,1.7070179199099222
194,na,116.34149970136743,1.7070179199099222
195,na,138.03139718515934,1.7070179199099222
196,na,158.0370667657404,1.7070179199099222
197,na,234.5011416687998,1.7070179199099222
198,e,234.5011416687998,1.7070179199099222
199,na,169.21435693854505,1.7070179199099222
200,na,108.05065289355986,1.7070179199099222
201,na,234.5011416687998,1.7070179199099222
202,na,234.5011416687998,1.7070179199099222
203,na,31.010685392694658,1.7070179199099222
204,na,143.46330590175353,1.7070179199099222
205,na,153.28685966990935,1.7070179199099222
206,e,107.51723816889474,1.7070179199099222
207,na,234.5011416687998,1.7070179199099222
208,na,234.5011416687998,1.7070179199099222
209,na,234.5011416687998,1.7070179199099222
210,na,114.67701672303137,1.7070179199099222
211,na,69.72076698384784,1.7070179199099222
212,e,234.5011416687998,1.7070179199099222
213,na,234.5011416687998,1.7070179199099222
214,e,140.8008092660592,1.7070179199099222
215,na,140.22049981917465,1.7070179199099222
216,na,138.47175905081923,1.7070179199099222
217,na,234.5011416687998,1.7070179199099222
218,na,126.3376675423459,1.7070179199099222
219,na,163.4063270304283,1.7070179199099222
220,na,161.4241420281672,1.7070179199099222
221,na,234.5011416687998,1.7070179199099222
222,na,234.5011416687998,1.7070179199099222
223,e,234.5011416687998,1.7070179199099222
224,e,133.0521181058027,1.7070179199099222
225,na,234.5011416687998,1.7070179199099222
226,na,234.5011416687998,1.7070179199099222
227,na,84.76125130435535,1.7070179199099222
228,na,145.06991581011872,1.7070179199099222
229,e,139.64040209002175,1.7070179199099222
230,na,166.3360238932194,1.7070179199099222
231,na,104.10864350418689,1.7070179199099222
232,na,101.9371747384947,1.7070179199099222
233,na,234.5011416687998,1.7070179199099222
234,e,129.121292665896,1.7070179199099222
235,na,85.63491714518753,1.7070179199099222
236,na,107.26572108839026,1.7070179199099222
237,na,234.5011416687998,1.7070179199099222
238,na,43.66681784852694,1.7070179199099222
239,na,234.5011416687998,1.7070179199099222
240,e,234.5011416687998,1.7070179199099222
241,na,234.5011416687998,1.7070179199099222
242,na,197.10939265239065,1.7070179199099222
243,na,234.5011416687998,1.7070179199099222
244,e,117.67522078850604,1.7070179199099222
245,na,110.58869333300524,1.7070179199099222
246,e,234.5011416687998,1.7070179199099222
247,e,234.5011416687998,1.7070179199099222
248,na,234.5011416687998,1.7070179199099222
249,na,234.5011416687998,1.7070179199099222
250,na,109.23297725582304,1.7070179199099222
251,e,129.41030617340982,1.7070179199099222
252,e,234.5011416687998,1.7070179199099222
253,e,234.5011416687998,1.7070179199099222
254,e,234.5011416687998,1.7070179199099222
255,na,173.7405786852796,1.7070179199099222
256,e,234.5011416687998,1.7070179199099222
257,na,234.5011416687998,1.7070179199099222
258,e,234.5011416687998,1.7070179199099222
259,na,234.5011416687998,1.7070179199099222
260,e,234.5011416687998,1.7070179199099222
261,e,234.5011416687998,1.7070179199099222
262,na,215.8639374479715,1.7070179199099222
263,na,234.5011416687998,1.7070179199099222
264,na,150.57701122103185,1.7070179199099222
265,na,42.14942687282908,1.7070179199099222
266,na,234.5011416687998,1.7070179199099222
267,na,121.16176306642137,1.7070179199099222
268,na,234.5011416687998,1.7070179199099222
269,na,234.5011416687998,1.7070179199099222
270,na,234.5011416687998,1.7070179199099222
271,na,125.60305257872466,1.7070179199099222
272,na,234.5011416687998,1.7070179199099222
273,na,234.5011416687998,1.7070179199099222
274,na,234.5011416687998,1.7070179199099222
275,na,234.5011416687998,1.7070179199099222
276,na,91.91168879120082,1.7070179199099222
277,na,234.5011416687998,1.7070179199099222
278,e,139.95521730859443,1.7070179199099222
279,e,234.5011416687998,1.7070179199099222
280,na,234.5011416687998,1.7070179199099222
281,na,234.5011416687998,1.7070179199099222
282,na,234.5011416687998,1.7070179199099222
283,na,234.5011416687998,1.7070179199099222
284,na,110.12539790599409,1.7070179199099222
285,na,145.48298847600108,1.7070179199099222
286,e,234.5011416687998,1.7070179199099222
287,na,234.5011416687998,1.7070179199099222
288,na,52.31459173189329,1.7070179199099222
289,na,234.5011416687998,1.7070179199099222
290,na,234.5011416687998,1.7070179199099222
291,na,234.5011416687998,1.7070179199099222
292,na,234.5011416687998,1.7070179199099222
293,na,104.33882136360427,1.7070179199099222
294,na,56.80685620031015,1.7070179199099222
295,e,117.81957725087568,1.7070179199099222
296,na,73.87765605789495,1.7070179199099222
297,na,162.63572649001887,1.7070179199099222
298,e,82.46938423403368,1.7070179199099222
299,e,218.99299965236898,1.7070179199099222
300,na,234.5011416687998,1.7070179199099222
301,e,157.87512657970214,1.7070179199099222
302,na,234.5011416687998,1.7070179199099222
303,na,97.6542527137251,1.7070179199099222
304,e,138.14423372257568,1.7070179199099222
305,na,234.5011416687998,1.7070179199099222
306,na,234.5011416687998,1.7070179199099222
307,na,164.71687679494053,1.7070179199099222
308,e,234.5011416687998,1.7070179199099222
309,na,162.71466543274298,1.7070179199099222
310,na,234.5011416687998,1.7070179199099222
311,na,234.5011416687998,1.7070179199099222
312,na,130.24488650171435,1.7070179199099222
313,na,234.5011416687998,1.7070179199099222
314,na,184.10437515312694,1.7070179199099222
315,e,234.5011416687998,1.7070179199099222
316,na,150.75549839058192,1.7070179199099222
317,na,234.5011416687998,1.7070179199099222
318,e,234.5011416687998,1.7070179199099222
319,na,71.58552883857993,1.7070179199099222
320,e,234.5011416687998,1.7070179199099222
321,na,234.5011416687998,1.7070179199099222
322,e,95.92850696998354,1.7070179199099222
323,na,108.83695034984655,1.7070179199099222
324,e,126.72923057231073,1.7070179199099222
325,na,100.81751740377165,1.7070179199099222
326,na,234.5011416687998,1.7070179199099222
327,na,113.99412998516435,1.7070179199099222
328,na,36.588192135438874,1.7070179199099222
329,na,234.5011416687998,1.7070179199099222
330,na,234.5011416687998,1.7070179199099222
331,e,234.5011416687998,1.7070179199099222
332,na,234.5011416687998,1.7070179199099222
333,e,143.1027968932312,1.7070179199099222
334,na,125.82540428559155,1.7070179199099222
335,na,234.5011416687998,1.7070179199099222
336,na,30.212256034048938,1.7070179199099222
337,na,234.5011416687998,1.7070179199099222
338,na,234.5011416687998,1.7070179199099222
339,na,69.50462618497531,1.7070179199099222
340,na,234.5011416687998,1.7070179199099222
341,na,234.5011416687998,1.7070179199099222
342,na,94.39756300850608,1.7070179199099222
343,na,125.54224140970928,1.7070179199099222
344,na,107.69535153771936,1.7070179199099222
345,na,234.5011416687998,1.7070179199099222
346,na,85.40683195680958,1.7070179199099222
347,na,234.5011416687998,1.7070179199099222
348,e,142.79502575874096,1.7070179199099222
349,na,98.65014531245583,1.7070179199099222
350,na,68.3520830884575,1.7070179199099222
351,na,152.5310625976632,1.7070179199099222
352,na,148.3142145117182,1.7070179199099222
353,na,234.5011416687998,1.7070179199099222
354,na,117.97983126481884,1.7070179199099222
355,e,108.97671885711051,1.7070179199099222
356,na,136.64554414230182,1.7070179199099222
357,na,234.5011416687998,1.7070179199099222
358,na,83.98957213507232,1.7070179199099222
359,na,117.49569629991373,1.7070179199099222
360,na,170.94576852186077,1.7070179199099222
361,e,234.5011416687998,1.7070179199099222
362,na,126.79507942485627,1.7070179199099222
363,na,234.5011416687998,1.7070179199099222
364,na,234.5011416687998,1.7070179199099222
365,e,136.72897334375577,1.7070179199099222
366,na,234.5011416687998,1.7070179199099222
367,na,234.5011416687998,1.7070179199099222
368,na,234.5011416687998,1.7070179199099222
369,na,133.68097479905043,1.7070179199099222
370,e,122.95425760635364,1.7070179199099222
371,na,135.9285501068269,1.7070179199099222
372,na,149.2362450415516,1.7070179199099222
373,e,234.5011416687998,1.7070179199099222
374,e,121.3197934280752,1.7070179199099222
375,na,149.38486441397873,1.7070179199099222
376,na,110.46115398266332,1.7070179199099222
377,e,234.5011416687998,1.7070179199099222
378,na,234.5011416687998,1.7070179199099222
379,na,234.5011416687998,1.7070179199099222
380,na,234.5011416687998,1.7070179199099222
381,e,182.40922806035857,1.7070179199099222
382,na,234.5011416687998,1.7070179199099222
383,na,234.5011416687998,1.7070179199099222
384,e,109.49745126353636,1.7070179199099222
385,na,234.5011416687998,1.7070179199099222
386,e,234.5011416687998,1.7070179199099222
387,na,234.5011416687998,1.7070179199099222
388,na,234.5011416687998,1.7070179199099222
389,na,91.68092087595673,1.7070179199099222
390,na,234.5011416687998,1.7070179199099222
391,e,234.5011416687998,1.7070179199099222
392,na,234.5011416687998,1.7070179199099222
393,na,74.90239353666607,1.7070179199099222
394,na,234.5011416687998,1.7070179199099222
395,na,58.35690918360362,1.7070179199099222
396,na,137.39469118374137,1.7070179199099222
397,na,234.5011416687998,1.7070179199099222
398,na,234.5011416687998,1.7070179199099222
399,na,234.5011416687998,1.7070179199099222
400,na,137.4675592903728,1.7070179199099222
401,e,124.38527739116134,1.7070179199099222
402,na,234.5011416687998,1.7070179199099222
403,na,108.19155403560237,1.7070179199099222
404,na,66.18692826928729,1.7070179199099222
405,na,145.5387221214084,1.7070179199099222
406,na,234.5011416687998,1.7070179199099222
407,na,127.44557089852638,1.7070179199099222
408,e,234.5011416687998,1.7070179199099222
409,na,234.5011416687998,1.7070179199099222
410,e,234.5011416687998,1.7070179199099222
411,na,234.5011416687998,1.7070179199099222
412,na,170.2756049649702,1.7070179199099222
413,na,161.63462257096236,1.7070179199099222
414,e,234.5011416687998,1.7070179199099222
415,na,111.35725331278276,1.7070179199099222
416,e,234.5011416687998,1.7070179199099222
417,na,122.92361624888657,1.7070179199099222
418,na,234.5011416687998,1.7070179199099222
419,na,234.5011416687998,1.7070179199099222
420,na,234.5011416687998,1.7070179199099222
421,na,29.24196701479367,1.7070179199099222
422,na,234.5011416687998,1.7070179199099222
423,na,234.5011416687998,1.7070179199099222
424,na,153.31240406320524,1.7070179199099222
425,na,234.5011416687998,1.7070179199099222
426,na,234.5011416687998,1.7070179199099222
427,na,234.5011416687998,1.7070179199099222
428,na,234.5011416687998,1.7070179199099222
429,e,234.5011416687998,1.7070179199099222
430,na,234.5011416687998,1.7070179199099222
431,e,234.5011416687998,1.7070179199099222
432,na,91.88368966202248,1.7070179199099222
433,na,152.19023342738956,1.7070179199099222
434,na,132.2249331651174,1.7070179199099222
435,na,234.5011416687998,1.7070179199099222
436,na,234.5011416687998,1.7070179199099222
437,na,234.5011416687998,1.7070179199099222
438,na,104.00181949880736,1.7070179199099222
439,na,40.06481447873314,1.7070179199099222
440,na,143.07732581299607,1.7070179199099222
441,e,108.89315815874221,1.7070179199099222
442,na,234.5011416687998,1.7070179199099222
443,na,234.5011416687998,1.7070179199099222
444,na,234.5011416687998,1.7070179199099222
445,na,234.5011416687998,1.7070179199099222
446,na,139.24393894417884,1.7070179199099222
447,e,234.5011416687998,1.7070179199099222
448,e,116.08235705893065,1.7070179199099222
449,na,134.99775144814464,1.7070179199099222
450,na,141.14981417777597,1.7070179199099222
451,e,234.5011416687998,1.7070179199099222
452,na,234.5011416687998,1.7070179199099222
453,na,234.5011416687998,1.7070179199099222
454,na,234.5011416687998,1.7070179199099222
455,na,234.5011416687998,1.7070179199099222
456,e,132.02004511762377,1.7070179199099222
457,na,101.96103260203779,1.7070179199099222
458,na,234.5011416687998,1.7070179199099222
459,na,118.67895253591058,1.7070179199099222
460,na,64.9933623003033,1.7070179199099222
461,na,234.5011416687998,1.7070179199099222
462,na,123.94437361009932,1.7070179199099222
463,na,67.82856360885195,1.7070179199099222
464,na,142.45805600124692,1.7070179199099222
465,na,202.73879389443027,1.7070179199099222
466,na,75.23874196503188,1.7070179199099222
467,na,234.5011416687998,1.7070179199099222
468,na,234.5011416687998,1.7070179199099222
469,na,234.5011416687998,1.7070179199099222
470,na,234.5011416687998,1.7070179199099222
471,e,234.5011416687998,1.7070179199099222
472,na,234.5011416687998,1.7070179199099222
473,na,234.5011416687998,1.7070179199099222
474,na,118.97805185721555,1.7070179199099222
475,na,234.5011416687998,1.7070179199099222
476,na,234.5011416687998,1.7070179199099222
477,na,234.5011416687998,1.7070179199099222
478,na,234.5011416687998,1.7070179199099222
479,na,234.5011416687998,1.7070179199099222
480,na,79.51801076910806,1.7070179199099222
481,na,234.5011416687998,1.7070179199099222
482,e,234.5011416687998,1.7070179199099222
483,e,234.5011416687998,1.7070179199099222
484,na,143.9056008016088,1.7070179199099222
485,na,234.5011416687998,1.7070179199099222
486,na,234.5011416687998,1.7070179199099222
487,na,234.5011416687998,1.7070179199099222
488,na,234.5011416687998,1.7070179199099222
489,na,234.5011416687998,1.7070179199099222
490,na,90.17665970870885,1.7070179199099222
491,e,125.29627569058819,1.7070179199099222
492,e,234.5011416687998,1.7070179199099222
493,na,234.5011416687998,1.7070179199099222
494,na,234.5011416687998,1.7070179199099222
495,na,234.5011416687998,1.7070179199099222
496,na,112.72963556293156,1.7070179199099222
497,na,234.5011416687998,1.7070179199099222
498,na,77.89040782228757,1.7070179199099222
499,na,234.5011416687998,1.7070179199099222
500,na,154.4533996957572,1.7070179199099222
501,na,120.77444110744403,1.7070179199099222
502,na,167.48442515703636,1.7070179199099222
503,na,133.05549316077418,1.7070179199099222
504,na,234.5011416687998,1.7070179199099222
505,na,95.81843087278439,1.7070179199099222
506,na,164.81469068491006,1.7070179199099222
507,na,234.5011416687998,1.7070179199099222
508,na,121.77758495321962,1.7070179199099222
509,na,139.1255264999335,1.7070179199099222
510,na,106.23789371204269,1.7070179199099222
511,na,234.5011416687998,1.7070179199099222
512,na,234.5011416687998,1.7070179199099222
513,na,234.5011416687998,1.7070179199099222
514,na,234.5011416687998,1.7070179199099222
515,na,234.5011416687998,1.7070179199099222
516,na,234.5011416687998,1.7070179199099222
517,na,112.00858228073064,1.7070179199099222
518,e,234.5011416687998,1.7070179199099222
519,e,234.5011416687998,1.7070179199099222
520,e,234.5011416687998,1.7070179199099222
521,na,234.5011416687998,1.7070179199099222
522,e,234.5011416687998,1.7070179199099222
523,na,234.5011416687998,1.7070179199099222
524,na,234.5011416687998,1.7070179199099222
525,na,106.67551351500445,1.7070179199099222
526,e,131.74332098047608,1.7070179199099222
527,na,104.35931722872142,1.7070179199099222
528,na,130.31913131129195,1.7070179199099222
529,na,122.19929940232119,1.7070179199099222
530,na,154.693509797858,1.7070179199099222
531,na,71.32809594878313,1.7070179199099222
532,na,234.5011416687998,1.7070179199099222
533,na,234.5011416687998,1.7070179199099222
534,na,234.5011416687998,1.7070179199099222
535,na,65.01064047969936,1.7070179199099222
536,e,234.5011416687998,1.7070179199099222
537,na,234.5011416687998,1.7070179199099222
538,na,199.55593022737668,1.7070179199099222
539,e,131.0114101435114,1.7070179199099222
540,na,234.5011416687998,1.7070179199099222
541,na,234.5011416687998,1.7070179199099222
542,na,234.5011416687998,1.7070179199099222
543,na,87.57842768059373,1.7070179199099222
544,na,158.96573221886067,1.7070179199099222
545,na,234.5011416687998,1.7070179199099222
546,na,138.01636863072326,1.7070179199099222
547,na,105.8274815599011,1.7070179199099222
548,na,164.22085639668265,1.7070179199099222
549,na,234.5011416687998,1.7070179199099222
550,na,234.5011416687998,1.7070179199099222
551,na,234.5011416687998,1.7070179199099222
552,na,234.5011416687998,1.7070179199099222
553,na,234.5011416687998,1.7070179199099222
554,na,234.5011416687998,1.7070179199099222
555,e,141.4434345214121,1.7070179199099222
556,na,97.03716349213971,1.7070179199099222
557,e,234.5011416687998,1.7070179199099222
558,na,118.01623455100967,1.7070179199099222
559,e,175.57938725830437,1.7070179199099222
560,na,234.5011416687998,1.7070179199099222
561,e,140.03547123174164,1.7070179199099222
562,na,224.3196884913768,1.7070179199099222
563,na,234.5011416687998,1.7070179199099222
564,na,234.5011416687998,1.7070179199099222
565,na,234.5011416687998,1.7070179199099222
566,na,142.92047201704298,1.7070179199099222
567,e,234.5011416687998,1.7070179199099222
568,na,16.022265278173567,1.7070179199099222
569,e,234.5011416687998,1.7070179199099222
570,na,162.0223434237349,1.7070179199099222
571,e,234.5011416687998,1.7070179199099222
572,na,74.51748851301343,1.7070179199099222
573,na,234.5011416687998,1.7070179199099222
574,na,119.41286040894994,1.7070179199099222
575,na,234.5011416687998,1.7070179199099222
576,na,234.5011416687998,1.7070179199099222
577,na,163.62206681465278,1.7070179199099222
578,e,234.5011416687998,1.7070179199099222
579,na,108.22128602800767,1.7070179199099222
580,na,234.5011416687998,1.7070179199099222
581,na,71.58793918090049,1.7070179199099222
582,na,234.5011416687998,1.7070179199099222
583,na,234.5011416687998,1.7070179199099222
584,na,138.40883491962003,1.7070179199099222
585,na,234.5011416687998,1.7070179199099222
586,e,234.5011416687998,1.7070179199099222
587,na,155.24136126745825,1.7070179199099222
588,na,234.5011416687998,1.7070179199099222
589,e,113.27427972329185,1.7070179199099222
590,na,234.5011416687998,1.7070179199099222
591,na,110.70369128870941,1.7070179199099222
592,na,234.5011416687998,1.7070179199099222
593,na,234.5011416687998,1.7070179199099222
594,e,176.470193026352,1.7070179199099222
595,na,102.45594454133727,1.7070179199099222
596,na,234.5011416687998,1.7070179199099222
597,na,123.91262487196141,1.7070179199099222
598,e,234.5011416687998,1.7070179199099222
599,na,234.5011416687998,1.7070179199099222
600,e,234.5011416687998,1.7070179199099222
601,na,234.5011416687998,1.7070179199099222
602,na,234.5011416687998,1.7070179199099222
603,e,65.50732553595527,1.7070179199099222
604,na,234.5011416687998,1.7070179199099222
605,na,234.5011416687998,1.7070179199099222
606,na,234.5011416687998,1.7070179199099222
607,e,234.5011416687998,1.7070179199099222
608,na,147.33403216007935,1.7070179199099222
609,na,234.5011416687998,1.7070179199099222
610,e,132.23320072933745,1.7070179199099222
611,e,234.5011416687998,1.7070179199099222
612,e,155.11287741141987,1.7070179199099222
613,na,107.7807305938678,1.7070179199099222
614,na,234.5011416687998,1.7070179199099222
615,na,234.5011416687998,1.7070179199099222
616,e,181.4883550262015,1.7070179199099222
617,na,80.00446019610357,1.7070179199099222
618,na,131.88491677342904,1.7070179199099222
619,na,20.379564412374766,1.7070179199099222
620,e,234.5011416687998,1.7070179199099222
621,na,141.20042457851739,1.7070179199099222
622,na,182.38497010074835,1.7070179199099222
623,e,234.5011416687998,1.7070179199099222
624,e,234.5011416687998,1.7070179199099222
625,na,234.5011416687998,1.7070179199099222
626,na,74.74184829012016,1.7070179199099222
627,na,66.57028954943623,1.7070179199099222
628,na,123.20788428299612,1.7070179199099222
629,na,111.13510655659651,1.7070179199099222
630,na,234.5011416687998,1.7070179199099222
631,na,148.93618109178394,1.7070179199099222
632,na,234.5011416687998,1.7070179199099222
633,na,107.22084557169747,1.7070179199099222
634,na,234.5011416687998,1.7070179199099222
635,na,51.9789299035031,1.7070179199099222
636,na,234.5011416687998,1.7070179199099222
637,na,156.35646658036543,1.7070179199099222
638,e,234.5011416687998,1.7070179199099222
639,na,234.5011416687998,1.7070179199099222
640,e,234.5011416687998,1.7070179199099222
641,na,132.60125683002443,1.7070179199099222
642,na,234.5011416687998,1.7070179199099222
643,na,153.13809328765134,1.7070179199099222
644,e,234.5011416687998,1.7070179199099222
645,na,234.5011416687998,1.7070179199099222
646,na,134.28838088326333,1.7070179199099222
647,na,122.0218438457499,1.7070179199099222
648,na,131.94566217802563,1.7070179199099222
649,na,134.91541055233492,1.7070179199099222
650,na,185.66465300051476,1.7070179199099222
651,na,136.67342601802463,1.7070179199099222
652,na,234.5011416687998,1.7070179199099222
653,na,53.25084979452122,1.7070179199099222
654,na,234.5011416687998,1.7070179199099222
655,na,139.848179143585,1.7070179199099222
656,na,234.5011416687998,1.7070179199099222
657,na,50.30794867800435,1.7070179199099222
658,e,234.5011416687998,1.7070179199099222
659,na,49.42981537061078,1.7070179199099222
660,na,104.38662582513605,1.7070179199099222
661,na,92.46105337362383,1.7070179199099222
662,na,108.47185990183435,1.7070179199099222
663,na,234.5011416687998,1.7070179199099222
664,na,136.0747986489392,1.7070179199099222
665,na,234.5011416687998,1.7070179199099222
666,na,234.5011416687998,1.7070179199099222
667,e,234.5011416687998,1.7070179199099222
668,e,234.5011416687998,1.7070179199099222
669,na,234.5011416687998,1.7070179199099222
670,na,118.21700340298126,1.7070179199099222
671,na,104.52598808017933,1.7070179199099222
672,na,234.5011416687998,1.7070179199099222
673,na,135.93075695412458,1.7070179199099222
674,na,217.45139253620977,1.7070179199099222
675,na,234.5011416687998,1.7070179199099222
676,na,120.54135399605609,1.7070179199099222
677,e,234.5011416687998,1.7070179199099222
678,e,134.49906701609984,1.7070179199099222
679,na,118.15229972003316,1.7070179199099222
680,na,234.5011416687998,1.7070179199099222
681,na,234.5011416687998,1.7070179199099222
682,na,138.51681488893976,1.7070179199099222
683,na,234.5011416687998,1.7070179199099222
684,na,154.98099395139604,1.7070179199099222
685,na,80.86026610927422,1.7070179199099222
686,e,187.8161267869521,1.7070179199099222
687,e,234.5011416687998,1.7070179199099222
688,na,146.47879599175903,1.7070179199099222
689,na,234.5011416687998,1.7070179199099222
690,na,234.5011416687998,1.7070179199099222
691,na,27.288735614436224,1.7070179199099222
692,na,234.5011416687998,1.7070179199099222
693,na,234.5011416687998,1.7070179199099222
694,na,234.5011416687998,1.7070179199099222
695,na,76.67968606407639,1.7070179199099222
696,na,234.5011416687998,1.7070179199099222
697,na,175.82651152620417,1.7070179199099222
698,na,234.5011416687998,1.7070179199099222
699,na,234.5011416687998,1.7070179199099222
700,na,234.5011416687998,1.7070179199099222
701,na,234.5011416687998,1.7070179199099222
702,e,104.16021231952793,1.7070179199099222
703,na,140.35728303142625,1.7070179199099222
704,na,234.5011416687998,1.7070179199099222
705,na,234.5011416687998,1.7070179199099222
706,na,234.5011416687998,1.7070179199099222
707,na,234.5011416687998,1.7070179199099222
708,na,234.5011416687998,1.7070179199099222
709,na,234.5011416687998,1.7070179199099222
710,na,234.5011416687998,1.7070179199099222
711,na,234.5011416687998,1.7070179199099222
712,e,234.5011416687998,1.7070179199099222
713,na,234.5011416687998,1.7070179199099222
714,na,179.96543054738427,1.7070179199099222
715,na,234.5011416687998,1.7070179199099222
716,na,234.5011416687998,1.7070179199099222
717,na,148.64606355910482,1.7070179199099222
718,na,68.95107928537445,1.7070179199099222
719,na,234.5011416687998,1.7070179199099222
720,e,234.5011416687998,1.7070179199099222
721,na,84.5270846136416,1.7070179199099222
722,na,234.5011416687998,1.7070179199099222
723,na,234.5011416687998,1.7070179199099222
724,na,234.5011416687998,1.7070179199099222
725,na,234.5011416687998,1.7070179199099222
726,na,109.68456930711653,1.7070179199099222
727,na,60.21952843260379,1.7070179199099222
728,e,234.5011416687998,1.7070179199099222
729,na,234.5011416687998,1.7070179199099222
730,na,56.74057514059171,1.7070179199099222
731,na,234.5011416687998,1.7070179199099222
732,na,234.5011416687998,1.7070179199099222
733,na,164.15464950417112,1.7070179199099222
734,e,234.5011416687998,1.7070179199099222
735,e,234.5011416687998,1.7070179199099222
736,na,118.78881190406692,1.7070179199099222
737,e,234.5011416687998,1.7070179199099222
738,na,234.5011416687998,1.7070179199099222
739,e,234.5011416687998,1.7070179199099222
740,na,156.78307188575704,1.7070179199099222
741,na,146.28264341108635,1.7070179199099222
742,na,134.73691955157187,1.7070179199099222
743,na,234.5011416687998,1.7070179199099222
744,na,156.46805688656497,1.7070179199099222
745,na,234.5011416687998,1.7070179199099222
746,na,234.5011416687998,1.7070179199099222
747,na,234.5011416687998,1.7070179199099222
748,na,96.95067620538974,1.7070179199099222
749,na,147.7468420395447,1.7070179199099222
750,na,115.80620820805808,1.7070179199099222
751,na,234.5011416687998,1.7070179199099222
752,e,234.5011416687998,1.7070179199099222
753,e,234.5011416687998,1.7070179199099222
754,e,234.5011416687998,1.7070179199099222
755,na,142.37168537001088,1.7070179199099222
756,na,234.5011416687998,1.7070179199099222
757,na,234.5011416687998,1.7070179199099222
758,e,234.5011416687998,1.7070179199099222
759,na,85.41018991735461,1.7070179199099222
760,na,234.5011416687998,1.7070179199099222
761,e,234.5011416687998,1.7070179199099222
762,na,152.77971380636515,1.7070179199099222
763,na,234.5011416687998,1.7070179199099222
764,e,158.46562844186883,1.7070179199099222
765,na,93.87244471247278,1.7070179199099222
766,na,94.93099415161521,1.7070179199099222
767,na,175.2265744691758,1.7070179199099222
768,e,234.5011416687998,1.7070179199099222
769,e,234.5011416687998,1.7070179199099222
770,e,130.87189557887936,1.7070179199099222
771,na,234.5011416687998,1.7070179199099222
772,e,234.5011416687998,1.7070179199099222
773,na,88.79525581049276,1.7070179199099222
774,na,234.5011416687998,1.7070179199099222
775,na,234.5011416687998,1.7070179199099222
776,e,234.5011416687998,1.7070179199099222
777,na,163.67382247945434,1.7070179199099222
778,na,73.957353514883,1.7070179199099222
779,na,234.5011416687998,1.7070179199099222
780,na,234.5011416687998,1.7070179199099222
781,na,234.5011416687998,1.7070179199099222
782,e,234.5011416687998,1.7070179199099222
783,na,234.5011416687998,1.7070179199099222
784,na,234.5011416687998,1.7070179199099222
785,e,234.5011416687998,1.7070179199099222
786,e,234.5011416687998,1.7070179199099222
787,e,234.5011416687998,1.7070179199099222
788,na,234.5011416687998,1.7070179199099222
789,na,234.5011416687998,1.7070179199099222
790,e,141.29246991743602,1.7070179199099222
791,na,190.34543275008934,1.7070179199099222
792,na,119.87867848393876,1.7070179199099222
793,na,234.5011416687998,1.7070179199099222
794,na,234.5011416687998,1.7070179199099222
795,na,234.5011416687998,1.7070179199099222
796,na,180.23895680537223,1.7070179199099222
797,e,203.86524895095857,1.7070179199099222
798,e,81.12422894115757,1.7070179199099222
799,e,86.56177674626882,1.7070179199099222
800,na,143.29876372469136,1.7070179199099222
801,e,234.5011416687998,1.7070179199099222
802,na,94.96961850501687,1.7070179199099222
803,na,234.5011416687998,1.7070179199099222
804,na,234.5011416687998,1.7070179199099222
805,na,121.03425614488815,1.7070179199099222
806,na,234.5011416687998,1.7070179199099222
807,na,136.57222290394677,1.7070179199099222
808,na,111.23774558126976,1.7070179199099222
809,e,145.23506449137744,1.7070179199099222
810,e,130.229634867427,1.7070179199099222
811,na,234.5011416687998,1.7070179199099222
812,e,234.5011416687998,1.7070179199099222
813,na,89.37083759803821,1.7070179199099222
814,na,74.40519307419784,1.7070179199099222
815,na,234.5011416687998,1.7070179199099222
816,na,234.5011416687998,1.7070179199099222
817,na,234.5011416687998,1.7070179199099222
818,na,234.5011416687998,1.7070179199099222
819,na,234.5011416687998,1.7070179199099222
820,na,112.1023117280152,1.7070179199099222
821,na,156.16612161018628,1.7070179199099222
822,e,191.00750001543375,1.7070179199099222
823,na,234.5011416687998,1.7070179199099222
824,na,234.5011416687998,1.7070179199099222
825,na,234.5011416687998,1.7070179199099222
826,na,234.5011416687998,1.7070179199099222
827,na,159.04918277658567,1.7070179199099222
828,na,86.21825132211363,1.7070179199099222
829,na,75.01657558513628,1.7070179199099222
830,na,234.5011416687998,1.7070179199099222
831,e,234.5011416687998,1.7070179199099222
832,na,112.66866901677697,1.7070179199099222
833,na,129.7255835218239,1.7070179199099222
834,na,234.5011416687998,1.7070179199099222
835,na,141.34762191861114,1.7070179199099222
836,e,152.22110031626562,1.7070179199099222
837,na,173.19757361389787,1.7070179199099222
838,na,158.01871355288134,1.7070179199099222
839,na,102.77963887751957,1.7070179199099222
840,na,149.54687238170135,1.7070179199099222
841,na,234.5011416687998,1.7070179199099222
842,na,234.5011416687998,1.7070179199099222
843,na,146.44954425340936,1.7070179199099222
844,na,69.54246316658447,1.7070179199099222
845,na,234.5011416687998,1.7070179199099222
846,na,234.5011416687998,1.7070179199099222
847,na,139.80386916653924,1.7070179199099222
848,na,112.6075178811217,1.7070179199099222
849,na,234.5011416687998,1.7070179199099222
850,na,234.5011416687998,1.7070179199099222
851,na,60.58193059443452,1.7070179199099222
852,na,234.5011416687998,1.7070179199099222
853,na,234.5011416687998,1.7070179199099222
854,e,234.5011416687998,1.7070179199099222
855,na,234.5011416687998,1.7070179199099222
856,na,189.06560254796062,1.7070179199099222
857,na,234.5011416687998,1.7070179199099222
858,na,234.5011416687998,1.7070179199099222
859,na,69.98083602627625,1.7070179199099222
860,na,162.67974636488398,1.7070179199099222
861,na,126.22599651254123,1.7070179199099222
862,na,131.69457935659347,1.7070179199099222
863,e,234.5011416687998,1.7070179199099222
864,na,234.5011416687998,1.7070179199099222
865,na,234.5011416687998,1.7070179199099222
866,na,234.5011416687998,1.7070179199099222
867,na,234.5011416687998,1.7070179199099222
868,na,112.2932961685669,1.7070179199099222
869,e,113.98333240796406,1.7070179199099222
870,e,234.5011416687998,1.7070179199099222
871,na,234.5011416687998,1.7070179199099222
872,na,234.5011416687998,1.7070179199099222
873,e,136.28874656052932,1.7070179199099222
874,na,110.04801401275172,1.7070179199099222
875,na,234.5011416687998,1.7070179199099222
876,na,31.331590935592654,1.7070179199099222
877,e,234.5011416687998,1.7070179199099222
878,e,234.5011416687998,1.7070179199099222
879,na,109.36389194130318,1.7070179199099222
880,na,234.5011416687998,1.7070179199099222
881,na,234.5011416687998,1.7070179199099222
882,na,116.28109287381609,1.7070179199099222
883,na,234.5011416687998,1.7070179199099222
884,na,152.21935036578537,1.7070179199099222
885,na,191.96040016138556,1.7070179199099222
886,e,234.5011416687998,1.7070179199099222
887,na,234.5011416687998,1.7070179199099222
888,e,234.5011416687998,1.7070179199099222
889,e,144.124964026558,1.7070179199099222
890,na,234.5011416687998,1.7070179199099222
891,na,123.65366724575686,1.7070179199099222
892,na,134.47240708662991,1.7070179199099222
893,na,234.5011416687998,1.7070179199099222
894,na,234.5011416687998,1.7070179199099222
895,e,234.5011416687998,1.7070179199099222
896,na,129.7076650295487,1.7070179199099222
897,na,234.5011416687998,1.7070179199099222
898,na,234.5011416687998,1.7070179199099222
899,e,234.5011416687998,1.7070179199099222
900,na,135.5459896169464,1.7070179199099222
901,na,123.57664399648098,1.7070179199099222
902,na,234.5011416687998,1.7070179199099222
903,na,234.5011416687998,1.7070179199099222
904,na,234.5011416687998,1.7070179199099222
905,na,234.5011416687998,1.7070179199099222
906,na,116.24384819315532,1.7070179199099222
907,na,97.2100514313127,1.7070179199099222
908,na,164.24693868187174,1.7070179199099222
909,na,133.75665084093913,1.7070179199099222
910,na,117.79061589145311,1.7070179199099222
911,na,234.5011416687998,1.7070179199099222
912,e,135.54943799861664,1.7070179199099222
913,na,234.5011416687998,1.7070179199099222
914,na,234.5011416687998,1.7070179199099222
915,e,234.5011416687998,1.7070179199099222
916,e,107.93930393349103,1.7070179199099222
917,na,234.5011416687998,1.7070179199099222
918,na,90.5623648821908,1.7070179199099222
919,na,234.5011416687998,1.7070179199099222
920,na,113.60466692076918,1.7070179199099222
921,na,164.22187199968835,1.7070179199099222
922,e,173.1356804927678,1.7070179199099222
923,na,105.36345764631103,1.7070179199099222
924,na,234.5011416687998,1.7070179199099222
925,na,85.69673031261266,1.7070179199099222
926,na,138.25477833033554,1.7070179199099222
927,e,234.5011416687998,1.7070179199099222
928,na,33.457487355955216,1.7070179199099222
929,na,234.5011416687998,1.7070179199099222
930,e,234.5011416687998,1.7070179199099222
931,na,105.95084164336738,1.7070179199099222
932,na,234.5011416687998,1.7070179199099222
933,na,234.5011416687998,1.7070179199099222
934,na,67.30654504237198,1.7070179199099222
935,e,140.8243117748845,1.7070179199099222
936,na,137.6375050993621,1.7070179199099222
937,na,122.71982266393954,1.7070179199099222
938,na,110.06880126421913,1.7070179199099222
939,na,234.5011416687998,1.7070179199099222
940,na,234.5011416687998,1.7070179199099222
941,na,100.65768814365762,1.7070179199099222
942,e,121.04254395653902,1.7070179199099222
943,na,127.21972953220248,1.7070179199099222
944,na,102.26581549953431,1.7070179199099222
945,na,234.5011416687998,1.7070179199099222
946,na,121.90577203664574,1.7070179199099222
947,na,156.97693429192014,1.7070179199099222
948,na,234.5011416687998,1.7070179199099222
949,na,234.5011416687998,1.7070179199099222
950,na,234.5011416687998,1.7070179199099222
951,na,197.1027187877538,1.7070179199099222
952,na,168.82668944081115,1.7070179199099222
953,na,234.5011416687998,1.7070179199099222
954,na,153.95013369117365,1.7070179199099222
955,e,234.5011416687998,1.7070179199099222
956,na,68.70495388014778,1.7070179199099222
957,na,73.3581568443828,1.7070179199099222
958,na,234.5011416687998,1.7070179199099222
959,e,128.50343215247608,1.7070179199099222
960,na,114.59480467508023,1.7070179199099222
961,na,234.5011416687998,1.7070179199099222
962,na,234.5011416687998,1.7070179199099222
963,na,234.5011416687998,1.7070179199099222
964,na,234.5011416687998,1.7070179199099222
965,e,129.39136578035732,1.7070179199099222
966,na,234.5011416687998,1.7070179199099222
967,na,234.5011416687998,1.7070179199099222
968,na,161.53669186464876,1.7070179199099222
969,na,234.5011416687998,1.7070179199099222
970,na,150.43646547507265,1.7070179199099222
971,na,234.5011416687998,1.7070179199099222
972,na,85.72034422808562,1.7070179199099222
973,na,66.73615810163251,1.7070179199099222
974,e,116.61083177500296,1.7070179199099222
975,na,234.5011416687998,1.7070179199099222
976,na,100.40999627448285,1.7070179199099222
977,na,234.5011416687998,1.7070179199099222
978,e,86.34842737259125,1.7070179199099222
979,na,234.5011416687998,1.7070179199099222
980,na,234.5011416687998,1.7070179199099222
981,na,69.30327191551929,1.7070179199099222
982,na,88.05729368572437,1.7070179199099222
983,na,73.83873146774121,1.7070179199099222
984,na,234.5011416687998,1.7070179199099222
985,na,234.5011416687998,1.7070179199099222
986,na,234.5011416687998,1.7070179199099222
987,na,234.5011416687998,1.7070179199099222
988,na,166.0776007592529,1.7070179199099222
989,e,234.5011416687998,1.7070179199099222
990,na,108.00549657481605,1.7070179199099222
991,e,234.5011416687998,1.7070179199099222
992,na,80.0711562057822,1.7070179199099222
993,na,234.5011416687998,1.7070179199099222
994,na,234.5011416687998,1.7070179199099222
995,na,234.5011416687998,1.7070179199099222
996,na,234.5011416687998,1.7070179199099222
997,na,234.5011416687998,1.7070179199099222
998,e,234.5011416687998,1.7070179199099222
999,e,120.03627109148795,1.7070179199099222
