node, assignment, time2inf_trt, time2inf_con
0,na,234.39211923469568,143.90863112477768
1,na,0,0
2,na,234.39211923469568,143.90863112477768
3,na,234.39211923469568,143.90863112477768
4,na,234.39211923469568,15.490157354992746
5,na,234.39211923469568,45.71013590262846
6,e,234.39211923469568,68.15660393239784
7,na,61.809490967783056,42.09584579011839
8,na,234.39211923469568,60.85732963927771
9,na,234.39211923469568,37.862713285130326
10,e,94.38734588593648,143.90863112477768
11,e,234.39211923469568,64.44848356277701
12,na,234.39211923469568,143.90863112477768
13,e,234.39211923469568,18.98003412386153
14,na,234.39211923469568,52.89020814904631
15,e,234.39211923469568,40.775670736953955
16,na,234.39211923469568,55.919429187592215
17,na,234.39211923469568,59.95015916686993
18,na,234.39211923469568,67.02031224427499
19,na,234.39211923469568,143.90863112477768
20,na,234.39211923469568,42.37646089289219
21,na,234.39211923469568,53.7433017100372
22,na,234.39211923469568,51.29782427047542
23,na,234.39211923469568,69.41642350341921
24,na,234.39211923469568,75.77519682651366
25,na,234.39211923469568,46.807320668917434
26,na,234.39211923469568,67.69824500434082
27,e,234.39211923469568,56.64844905247149
28,e,234.39211923469568,44.89259804825866
29,na,234.39211923469568,78.69700452093251
30,na,101.58177180567398,68.65750569271586
31,e,234.39211923469568,82.11054131434807
32,e,234.39211923469568,57.764370091891784
33,na,234.39211923469568,33.00462851027447
34,na,234.39211923469568,47.76023884655679
35,na,65.54205634640049,59.81484546011768
36,na,234.39211923469568,143.90863112477768
37,e,98.44142998091401,83.38466411286524
38,na,234.39211923469568,73.92067378197666
39,na,138.41710957506012,68.80996494573948
40,na,234.39211923469568,63.64613278787807
41,na,234.39211923469568,83.84331727974973
42,na,234.39211923469568,77.8222644014828
43,na,234.39211923469568,143.90863112477768
44,na,234.39211923469568,58.938390716195
45,e,234.39211923469568,32.118184239927494
46,na,234.39211923469568,75.717123051585
47,na,234.39211923469568,55.90631066635167
48,na,234.39211923469568,59.295294188522064
49,na,234.39211923469568,49.438104095097614
50,na,234.39211923469568,91.153543785972
51,na,234.39211923469568,43.06018337171358
52,na,234.39211923469568,57.65721242323569
53,na,234.39211923469568,82.73560337587755
54,na,234.39211923469568,143.90863112477768
55,e,234.39211923469568,24.610936619940503
56,na,234.39211923469568,105.54567190515894
57,na,234.39211923469568,60.2297474883926
58,na,234.39211923469568,46.40886296801061
59,na,234.39211923469568,44.13149866791935
60,na,186.54363739066156,73.49709799085701
61,e,234.39211923469568,24.74873310683187
62,e,234.39211923469568,49.026347401017446
63,na,234.39211923469568,68.34308768839769
64,e,234.39211923469568,70.33644051398566
65,e,234.39211923469568,58.98169535547712
66,na,234.39211923469568,51.21929065545799
67,na,50.431464767762456,53.21239894013133
68,na,106.43444048172404,54.77103410999938
69,na,114.28465910134649,19.245255703272292
70,na,234.39211923469568,21.461884940202307
71,na,234.39211923469568,143.90863112477768
72,e,234.39211923469568,73.42666990888847
73,na,16.172853073487897,76.39910786756043
74,na,234.39211923469568,59.20402007301346
75,na,96.06611894451119,84.75374859864121
76,na,234.39211923469568,47.09249354000928
77,na,234.39211923469568,50.639421996176736
78,na,110.46023568443131,61.8595070458754
79,na,234.39211923469568,60.76689777119112
80,na,7.724663577176274,5.654004718043179
81,na,234.39211923469568,83.69736798190698
82,na,36.27551251304589,121.73948721961577
83,na,234.39211923469568,66.08951505740774
84,na,234.39211923469568,68.80681403424087
85,na,234.39211923469568,54.701479834432874
86,na,234.39211923469568,74.5225359374072
87,na,234.39211923469568,81.92267013717093
88,e,104.3648981115037,34.878901696406096
89,e,234.39211923469568,69.57855670076847
90,e,234.39211923469568,68.31740293770108
91,e,234.39211923469568,60.63816636097129
92,na,234.39211923469568,61.60111461501229
93,na,234.39211923469568,80.64460619729027
94,na,234.39211923469568,143.90863112477768
95,na,234.39211923469568,81.2018735314035
96,na,234.39211923469568,67.34707388735396
97,na,234.39211923469568,143.90863112477768
98,na,234.39211923469568,69.6142061917383
99,e,234.39211923469568,69.45926667188266
100,na,234.39211923469568,55.03369145874675
101,na,234.39211923469568,143.90863112477768
102,na,234.39211923469568,47.573814254686155
103,na,234.39211923469568,67.98115985385606
104,na,234.39211923469568,65.57415689821066
105,e,234.39211923469568,48.04381446718888
106,na,234.39211923469568,53.05649280018123
107,e,234.39211923469568,73.04589815927169
108,na,234.39211923469568,39.98265260082394
109,na,234.39211923469568,58.607756160058884
110,na,234.39211923469568,95.88488364190411
111,na,234.39211923469568,70.90207736307518
112,na,234.39211923469568,55.892482158105
113,na,138.5533207948105,72.92912335316205
114,na,234.39211923469568,71.62201748033345
115,na,234.39211923469568,57.50407775244238
116,na,234.39211923469568,62.41825284601705
117,na,234.39211923469568,45.647619596444656
118,na,234.39211923469568,68.18316244408791
119,na,234.39211923469568,51.37992364497386
120,e,234.39211923469568,39.09981273941398
121,e,234.39211923469568,42.75726911170098
122,na,234.39211923469568,50.98351318565995
123,na,234.39211923469568,77.7866489022303
124,e,234.39211923469568,55.90614890384644
125,na,234.39211923469568,64.55950491685351
126,na,234.39211923469568,89.5919736917644
127,na,234.39211923469568,29.342220757110006
128,na,234.39211923469568,31.748890261666766
129,e,234.39211923469568,64.0113253444277
130,e,234.39211923469568,63.72727174733053
131,e,234.39211923469568,95.49239510825328
132,e,234.39211923469568,59.362242103226635
133,na,234.39211923469568,51.203804991893215
134,na,113.85008958584228,81.89351369184024
135,na,88.80580787237899,61.84252680211813
136,na,17.301725284462112,57.61029131474073
137,na,234.39211923469568,67.4718572381692
138,na,234.39211923469568,39.487997187658586
139,na,234.39211923469568,44.15813182883141
140,na,234.39211923469568,58.41457813436779
141,e,234.39211923469568,57.323626304998065
142,na,234.39211923469568,89.90271786601835
143,na,234.39211923469568,65.79281513575395
144,na,234.39211923469568,42.89041469172558
145,na,234.39211923469568,90.03491928255994
146,e,17.386761754198062,77.39593155254725
147,na,234.39211923469568,70.6623961747326
148,e,234.39211923469568,50.225010391516875
149,na,234.39211923469568,82.194145858507
150,na,234.39211923469568,91.32224049602242
151,na,234.39211923469568,41.68414558684207
152,e,234.39211923469568,61.40065553734418
153,e,234.39211923469568,143.90863112477768
154,na,105.47912311605202,143.90863112477768
155,na,234.39211923469568,143.90863112477768
156,e,103.0614527805071,42.326628081700115
157,na,234.39211923469568,38.7842443410119
158,na,234.39211923469568,70.99635753854696
159,na,234.39211923469568,71.95865805583048
160,na,234.39211923469568,81.95450954989889
161,na,144.62806339318192,95.66608170176052
162,e,234.39211923469568,80.25869115042755
163,na,234.39211923469568,87.38877979683258
164,na,234.39211923469568,99.05880419781764
165,na,234.39211923469568,41.40865327622146
166,na,234.39211923469568,72.25105231702602
167,na,234.39211923469568,51.652010670358045
168,na,234.39211923469568,143.90863112477768
169,na,234.39211923469568,72.97230784806501
170,na,234.39211923469568,61.45346200862639
171,na,234.39211923469568,58.59899628532252
172,na,234.39211923469568,11.743284498924297
173,e,234.39211923469568,70.87233068220539
174,na,234.39211923469568,82.73128000032636
175,na,234.39211923469568,143.90863112477768
176,e,234.39211923469568,48.91388785950952
177,na,234.39211923469568,41.26661238015279
178,na,234.39211923469568,75.42633826961342
179,na,234.39211923469568,74.52218201936982
180,e,234.39211923469568,60.81419902567624
181,e,50.64114581181356,52.218200893639064
182,na,234.39211923469568,92.9928892692273
183,na,234.39211923469568,47.24094483093052
184,e,234.39211923469568,37.41822301455455
185,na,234.39211923469568,46.263025965495785
186,na,234.39211923469568,37.912359915708976
187,na,234.39211923469568,40.66592829724213
188,na,234.39211923469568,87.11698314832039
189,na,234.39211923469568,58.17490657944923
190,na,135.5970104950744,78.39197358380166
191,na,113.2579931534665,30.356532560383346
192,na,234.39211923469568,12.100014607731113
193,na,234.39211923469568,52.65610126636076
194,na,234.39211923469568,75.17137408846732
195,na,234.39211923469568,91.38994785620703
196,na,234.39211923469568,91.12179798841716
197,na,43.709403730415275,56.09179848147261
198,na,234.39211923469568,59.83769573886879
199,e,187.980796485808,62.290567106664724
200,na,234.39211923469568,105.97315831179625
201,na,234.39211923469568,49.08708402449515
202,e,234.39211923469568,66.32840691703217
203,na,234.39211923469568,66.46050732975486
204,e,234.39211923469568,67.2679282629767
205,na,234.39211923469568,52.539410996415334
206,na,234.39211923469568,25.261039590720042
207,na,234.39211923469568,89.19927513591045
208,na,234.39211923469568,143.90863112477768
209,na,234.39211923469568,69.50209504679776
210,na,234.39211923469568,45.656206333401535
211,na,234.39211923469568,54.92797311683069
212,na,234.39211923469568,59.5116862482705
213,na,234.39211923469568,72.17106283322798
214,na,234.39211923469568,77.69457887584659
215,e,122.84701243260498,90.22480283448733
216,na,234.39211923469568,72.12404084434668
217,na,234.39211923469568,103.4067579592987
218,na,234.39211923469568,73.22949839956378
219,e,234.39211923469568,49.26789970240081
220,na,234.39211923469568,143.90863112477768
221,e,123.71842401364867,60.10689964403725
222,na,234.39211923469568,56.6534000358874
223,na,234.39211923469568,43.95047587237222
224,na,234.39211923469568,70.83183626391516
225,e,234.39211923469568,38.57842685390128
226,e,10.217270907908375,22.827922713201716
227,na,234.39211923469568,71.5588077852503
228,na,234.39211923469568,87.7647109717836
229,e,234.39211923469568,44.87432309338322
230,na,234.39211923469568,54.136368577380544
231,na,234.39211923469568,36.21854094277843
232,na,234.39211923469568,69.22381534716901
233,na,234.39211923469568,33.1172527281554
234,na,234.39211923469568,42.661491353357455
235,na,234.39211923469568,39.654978878459474
236,e,234.39211923469568,62.93521490871565
237,e,234.39211923469568,60.176615403265295
238,na,234.39211923469568,105.88851870551285
239,na,234.39211923469568,62.71059940242846
240,na,166.91151260917988,68.00011659194493
241,na,234.39211923469568,42.556293871911535
242,na,234.39211923469568,143.90863112477768
243,na,8.952547124419379,10.885947371404738
244,na,234.39211923469568,58.81411283444432
245,na,234.39211923469568,64.43129056377386
246,e,109.75445156564538,76.19856002656925
247,e,234.39211923469568,49.562692890290506
248,e,130.35920693441724,59.97127417773865
249,na,234.39211923469568,72.51367463480109
250,na,234.39211923469568,89.8871718959896
251,na,234.39211923469568,52.311419925411464
252,na,234.39211923469568,65.26138919953088
253,na,234.39211923469568,40.62825329026259
254,na,86.10993610210681,46.03830572882847
255,na,234.39211923469568,31.495672327206652
256,na,234.39211923469568,40.61003590483273
257,na,234.39211923469568,61.14509043185785
258,na,234.39211923469568,24.573682677471897
259,na,234.39211923469568,57.70251960506717
260,na,234.39211923469568,49.54825975091019
261,na,234.39211923469568,39.103228009260526
262,na,234.39211923469568,63.564024868736674
263,na,234.39211923469568,41.81890368869687
264,na,234.39211923469568,56.16751037896058
265,na,234.39211923469568,56.19736766445063
266,na,234.39211923469568,73.69437516901638
267,na,234.39211923469568,80.960848112484
268,na,234.39211923469568,67.64265669884215
269,e,234.39211923469568,52.1736957964491
270,e,234.39211923469568,36.99307416773274
271,na,234.39211923469568,40.65258296550769
272,na,234.39211923469568,143.90863112477768
273,na,234.39211923469568,80.23300787602557
274,na,234.39211923469568,67.23914392710681
275,na,234.39211923469568,57.210203974692554
276,na,234.39211923469568,31.163658430415396
277,na,234.39211923469568,143.90863112477768
278,na,187.8451067262654,57.269921605397656
279,na,234.39211923469568,143.90863112477768
280,na,234.39211923469568,39.83190786924754
281,na,234.39211923469568,90.45252262946923
282,e,234.39211923469568,95.5786970441717
283,na,234.39211923469568,143.90863112477768
284,na,234.39211923469568,71.52129109438005
285,na,234.39211923469568,65.98001395674588
286,na,234.39211923469568,88.1879955628252
287,na,234.39211923469568,37.505174689126406
288,na,234.39211923469568,52.3641304482951
289,e,234.39211923469568,70.55037421154103
290,e,234.39211923469568,64.98007976119338
291,na,234.39211923469568,64.17806543336637
292,e,234.39211923469568,87.06090284515585
293,na,234.39211923469568,42.1706739629165
294,na,137.6765270210879,54.423982290574806
295,na,234.39211923469568,27.769111266907526
296,na,234.39211923469568,55.156769782783044
297,na,137.69150885657203,18.72931887874777
298,na,234.39211923469568,143.90863112477768
299,na,82.41767669382848,65.84841758352786
300,na,234.39211923469568,67.69933097087751
301,na,234.39211923469568,51.04683790517056
302,e,234.39211923469568,34.61058329205498
303,na,234.39211923469568,53.5542557740573
304,na,234.39211923469568,69.15679326797661
305,na,234.39211923469568,57.10174324120891
306,na,234.39211923469568,50.53711056748824
307,na,234.39211923469568,57.462679699039846
308,na,234.39211923469568,44.261888351888665
309,na,234.39211923469568,86.95087358937114
310,na,234.39211923469568,33.415115740334464
311,na,234.39211923469568,51.85933705612579
312,na,102.94497635437621,42.75042061519499
313,na,234.39211923469568,60.679593139117735
314,na,234.39211923469568,55.841649742892656
315,na,234.39211923469568,54.008368092310526
316,na,234.39211923469568,143.90863112477768
317,e,234.39211923469568,42.044365287081966
318,na,234.39211923469568,25.60731650349241
319,na,234.39211923469568,81.13762434573245
320,na,234.39211923469568,73.02434244051696
321,na,234.39211923469568,65.53233194117462
322,na,65.7538289531428,59.257507080155385
323,na,234.39211923469568,41.74310124716447
324,na,234.39211923469568,70.23490888264395
325,na,188.36943740744078,143.90863112477768
326,na,234.39211923469568,66.59756074158851
327,na,15.908736975563851,86.16066773937146
328,na,234.39211923469568,87.11125081137692
329,na,91.35349267875655,93.27457998100162
330,e,234.39211923469568,35.18863497704195
331,na,183.9499055697456,68.56264713371756
332,na,234.39211923469568,18.83496413535424
333,na,234.39211923469568,77.66679313987247
334,na,234.39211923469568,41.02361685752343
335,na,234.39211923469568,50.42797893385576
336,na,234.39211923469568,40.4138371788997
337,na,234.39211923469568,76.67678794326818
338,na,234.39211923469568,61.21441495308769
339,na,234.39211923469568,36.55302136176479
340,na,234.39211923469568,80.83077469217666
341,e,234.39211923469568,68.94793151626112
342,e,234.39211923469568,91.8456366687156
343,na,234.39211923469568,47.41889367954373
344,na,234.39211923469568,45.53188224186443
345,na,234.39211923469568,80.09056373972366
346,na,26.128360811554465,48.615500038336734
347,e,234.39211923469568,96.48513850639152
348,e,234.39211923469568,77.94549136137917
349,na,234.39211923469568,68.8278830460483
350,na,234.39211923469568,65.38985458481359
351,na,234.39211923469568,46.17178878511533
352,na,234.39211923469568,143.90863112477768
353,na,234.39211923469568,62.11541368261285
354,e,234.39211923469568,30.825784122632268
355,na,234.39211923469568,71.39937629995325
356,na,234.39211923469568,73.00746483240961
357,na,234.39211923469568,58.47288593567901
358,na,119.80677728145213,60.625913085688644
359,na,234.39211923469568,57.8785254435689
360,e,234.39211923469568,66.22720819340077
361,e,118.11995008657037,49.47548189023693
362,na,39.2386275670411,52.47507482099583
363,na,234.39211923469568,26.94516107874284
364,na,234.39211923469568,59.11262287144164
365,na,234.39211923469568,64.72728600639529
366,na,234.39211923469568,84.34183307737082
367,na,234.39211923469568,19.81161567973678
368,na,234.39211923469568,49.53947520103644
369,na,234.39211923469568,58.35340905975182
370,e,234.39211923469568,21.45725899833987
371,na,234.39211923469568,27.034366768959543
372,na,234.39211923469568,39.562578638458675
373,na,234.39211923469568,77.51018480340963
374,na,234.39211923469568,56.83465216873766
375,na,88.51000665819299,69.02073921940124
376,na,234.39211923469568,59.11186580570554
377,na,44.732612902158934,68.01787142812468
378,na,29.21762119048817,36.798318189323254
379,na,51.6640110277951,63.71505525992723
380,e,234.39211923469568,49.058312298984504
381,e,234.39211923469568,97.10463657484354
382,na,234.39211923469568,22.103987883032516
383,na,234.39211923469568,18.980544758611703
384,na,28.581461883524078,37.13575070661905
385,e,234.39211923469568,73.46151435063511
386,na,234.39211923469568,47.966453343060714
387,na,188.00456495415511,58.81288241447504
388,na,234.39211923469568,107.78559431560679
389,na,234.39211923469568,24.022503173559553
390,na,234.39211923469568,47.85555444922294
391,na,234.39211923469568,61.4995645599876
392,na,18.87015012768531,83.38911776018317
393,na,234.39211923469568,84.9992031567973
394,na,234.39211923469568,63.94060082207209
395,na,234.39211923469568,55.67742859833035
396,e,234.39211923469568,60.486927664747775
397,na,234.39211923469568,41.96195271316474
398,na,234.39211923469568,49.636674335366806
399,na,234.39211923469568,70.73501127933925
400,na,234.39211923469568,56.95114657707721
401,na,234.39211923469568,64.2893729103348
402,na,234.39211923469568,18.493022140458333
403,na,234.39211923469568,52.034191449757024
404,na,234.39211923469568,92.31970344308743
405,e,32.91970520259245,69.94939564124194
406,e,234.39211923469568,70.66122123265643
407,e,234.39211923469568,46.7519198132987
408,e,122.0776959367377,45.604242826809184
409,e,98.51531601818085,16.83164592530479
410,na,139.8570179895259,62.81715380747522
411,na,234.39211923469568,97.87804393480607
412,na,234.39211923469568,62.71246773195135
413,na,234.39211923469568,46.237391423755334
414,na,234.39211923469568,71.56122036444337
415,na,234.39211923469568,50.56978530547718
416,na,234.39211923469568,42.13863045627683
417,e,234.39211923469568,77.81881712467096
418,na,234.39211923469568,61.9569004182359
419,na,234.39211923469568,73.63552327378225
420,e,234.39211923469568,42.753042680522505
421,na,234.39211923469568,52.91110715521379
422,e,234.39211923469568,84.74414447353145
423,na,42.902202372337335,37.52289414143905
424,e,139.5344921983256,83.34920982357255
425,na,234.39211923469568,60.746604239728256
426,na,234.39211923469568,50.78341989173252
427,na,187.79847435258054,61.01769043245135
428,na,234.39211923469568,93.8582421136723
429,na,234.39211923469568,39.08998939068801
430,na,234.39211923469568,52.167392016553464
431,na,234.39211923469568,13.885455496976473
432,na,234.39211923469568,74.78800754800521
433,e,234.39211923469568,86.89948466687696
434,na,234.39211923469568,43.43657264012275
435,na,234.39211923469568,32.074896915720515
436,na,116.50229772928485,43.50011159971259
437,e,234.39211923469568,76.34674924517647
438,na,234.39211923469568,105.55178435641156
439,e,234.39211923469568,17.863595216782922
440,na,107.81752851307846,57.731513659595386
441,na,234.39211923469568,67.7883420376574
442,na,64.62183947207824,67.19484379757691
443,na,30.1336250911883,20.348812051585686
444,na,234.39211923469568,22.940457170095627
445,na,234.39211923469568,47.99236013686539
446,na,234.39211923469568,91.00074178807868
447,na,234.39211923469568,68.32081062496775
448,na,234.39211923469568,62.198645836068124
449,na,234.39211923469568,40.53938034286634
450,na,31.44486092244636,75.54302235220818
451,na,234.39211923469568,46.650255006784576
452,na,234.39211923469568,66.85342789548827
453,e,234.39211923469568,48.234779716824754
454,e,234.39211923469568,39.15876154563814
455,na,234.39211923469568,77.1192022323719
456,na,68.37679317905793,65.15026465767822
457,e,234.39211923469568,38.19543140413142
458,na,234.39211923469568,61.12011510734006
459,na,234.39211923469568,62.81144360995841
460,na,234.39211923469568,66.93126367321221
461,e,234.39211923469568,32.52126295780387
462,na,234.39211923469568,81.0004685940855
463,e,234.39211923469568,81.9450892236179
464,na,234.39211923469568,89.25301761994507
465,na,234.39211923469568,67.05316115135007
466,na,234.39211923469568,73.40534007138984
467,na,18.39712482643765,76.2729312066758
468,e,234.39211923469568,60.49251955934044
469,na,50.37413808727873,143.90863112477768
470,na,234.39211923469568,48.30186762980657
471,na,234.39211923469568,38.910671602896755
472,na,234.39211923469568,89.98333573574457
473,na,234.39211923469568,61.020955148644376
474,na,130.42138402544063,54.52715534046305
475,na,234.39211923469568,36.08916230004932
476,na,234.39211923469568,84.79364259307873
477,e,132.80991896199998,47.82067118712343
478,na,234.39211923469568,50.55110023157407
479,na,234.39211923469568,73.98361189655004
480,na,234.39211923469568,81.4042028271615
481,na,234.39211923469568,55.1456546607484
482,na,234.39211923469568,5.423435441050236
483,na,234.39211923469568,60.541890820019205
484,na,234.39211923469568,75.37756293786128
485,e,234.39211923469568,34.22724847709708
486,na,234.39211923469568,46.183932103815295
487,na,234.39211923469568,30.942453594549168
488,na,234.39211923469568,65.36756436199522
489,na,224.2033121110425,82.78383288151703
490,na,234.39211923469568,55.41472656125829
491,e,234.39211923469568,91.79284446451669
492,na,234.39211923469568,84.20893073271506
493,na,234.39211923469568,143.90863112477768
494,na,234.39211923469568,59.768875736023965
495,na,234.39211923469568,56.57269056288944
496,e,234.39211923469568,77.7485022452435
497,na,44.509980160963565,51.78577741905957
498,na,234.39211923469568,143.90863112477768
499,na,234.39211923469568,143.90863112477768
500,e,234.39211923469568,62.4066348900639
501,na,234.39211923469568,74.41013712183005
502,e,234.39211923469568,72.6915803389559
503,na,71.67871948065196,36.33218527115624
504,na,111.08960845323836,50.24250132136592
505,na,234.39211923469568,54.07942156285905
506,na,234.39211923469568,16.530428797612867
507,e,234.39211923469568,71.72995327530943
508,na,116.5822166130714,54.40380996691471
509,na,234.39211923469568,65.3400500221719
510,na,234.39211923469568,48.51025364746215
511,na,234.39211923469568,72.18993826779388
512,e,146.41834204258862,12.280365432389889
513,na,234.39211923469568,27.55836950697519
514,na,234.39211923469568,97.77331628678854
515,na,234.39211923469568,62.011566940279515
516,na,24.124727028382438,57.07177963061898
517,na,234.39211923469568,72.30181089978896
518,na,31.767262500802143,75.98518082595835
519,e,234.39211923469568,46.600597807950585
520,na,234.39211923469568,20.53859328311036
521,na,234.39211923469568,68.09412169427473
522,na,124.27807553249737,42.54173362060768
523,na,234.39211923469568,65.48910623939379
524,e,234.39211923469568,81.56603882623672
525,na,234.39211923469568,69.22949947278003
526,na,234.39211923469568,73.19897712942034
527,na,39.25436495540668,59.302339836689924
528,na,124.77674945704403,77.28344442277371
529,na,93.33621426460287,52.814488692957994
530,na,234.39211923469568,46.867822337298904
531,na,234.39211923469568,86.04116584911534
532,na,234.39211923469568,31.428946735746063
533,na,234.39211923469568,43.28636986035055
534,na,84.41762184044681,87.71829465089739
535,e,234.39211923469568,143.90863112477768
536,na,234.39211923469568,36.52412496544919
537,na,234.39211923469568,64.68534063734963
538,e,234.39211923469568,36.60172087937817
539,e,234.39211923469568,77.63943903017072
540,na,234.39211923469568,79.18681777314357
541,na,234.39211923469568,58.02164440891253
542,na,234.39211923469568,63.967312638954986
543,na,234.39211923469568,60.13057155943455
544,na,234.39211923469568,54.61170644595854
545,na,234.39211923469568,95.79289215285517
546,na,234.39211923469568,62.70656396308318
547,na,234.39211923469568,143.90863112477768
548,na,234.39211923469568,38.81569459058744
549,na,234.39211923469568,92.45912654916806
550,na,234.39211923469568,55.61325544267681
551,na,234.39211923469568,88.59062911340467
552,na,234.39211923469568,27.10083401033724
553,na,234.39211923469568,56.4783350706491
554,na,234.39211923469568,82.41452550949776
555,na,234.39211923469568,65.12677040412825
556,na,146.5737664843099,65.65846436901488
557,na,158.46835044654586,64.26647373716386
558,na,234.39211923469568,143.90863112477768
559,na,234.39211923469568,54.12596780989122
560,na,234.39211923469568,65.37605685440195
561,na,234.39211923469568,87.43044752709278
562,e,179.5573968187576,73.04517575452854
563,e,234.39211923469568,42.99467097826427
564,na,234.39211923469568,43.914624332366344
565,na,50.82203197129783,64.14072243955076
566,na,234.39211923469568,52.98675994365516
567,na,234.39211923469568,47.49984741509777
568,na,234.39211923469568,54.07208679979407
569,na,234.39211923469568,64.57395100128436
570,e,234.39211923469568,81.4176771211605
571,na,234.39211923469568,73.31206884553796
572,na,112.79205827055335,55.94620807044772
573,na,234.39211923469568,58.47065882649276
574,na,234.39211923469568,64.68627785112913
575,e,234.39211923469568,59.06038849265975
576,na,234.39211923469568,45.53204176219064
577,na,234.39211923469568,143.90863112477768
578,na,234.39211923469568,85.23671612970364
579,na,234.39211923469568,92.85244186134584
580,na,234.39211923469568,63.28165916493044
581,na,234.39211923469568,47.30790666096927
582,na,234.39211923469568,65.15601381175114
583,na,112.11428710922014,143.90863112477768
584,na,234.39211923469568,74.76223965418961
585,na,234.39211923469568,69.60015557707965
586,e,234.39211923469568,66.12964758606483
587,na,234.39211923469568,56.50008319429996
588,e,234.39211923469568,62.6041517267115
589,na,16.418875930300803,38.0228642870214
590,na,234.39211923469568,143.90863112477768
591,na,234.39211923469568,62.03213349947587
592,na,234.39211923469568,26.90213076732075
593,na,234.39211923469568,88.07921195701138
594,na,234.39211923469568,79.47927353976067
595,na,234.39211923469568,50.01198830637213
596,na,99.53519360789115,65.62024749179426
597,e,234.39211923469568,61.14573452957446
598,na,234.39211923469568,52.105888667132874
599,na,133.9194553325811,62.03722370132249
600,na,234.39211923469568,40.333773002185886
601,e,234.39211923469568,78.39116490722907
602,e,234.39211923469568,69.57866232012223
603,na,234.39211923469568,70.16817611589674
604,na,234.39211923469568,58.064040646435785
605,na,234.39211923469568,53.655563324902964
606,na,234.39211923469568,67.67916414588596
607,na,234.39211923469568,72.80441622347398
608,na,234.39211923469568,77.62983914916607
609,na,234.39211923469568,39.92370798523776
610,na,234.39211923469568,53.491271853280246
611,na,234.39211923469568,77.67997577463294
612,na,234.39211923469568,12.769396234778773
613,e,234.39211923469568,53.67559270588701
614,na,234.39211923469568,59.00781019821602
615,na,234.39211923469568,76.66161008901378
616,e,234.39211923469568,33.9876351163325
617,na,234.39211923469568,143.90863112477768
618,na,234.39211923469568,71.0642918598266
619,na,11.693917274133982,91.41045093411941
620,na,234.39211923469568,5.5169387856616545
621,na,23.012478706880366,106.7066303148054
622,na,234.39211923469568,72.87350149477756
623,na,234.39211923469568,65.11720996716781
624,na,41.25721658721408,50.22337701627335
625,na,234.39211923469568,77.1574249340663
626,na,234.39211923469568,59.38940954774938
627,na,234.39211923469568,42.66432068337311
628,na,234.39211923469568,68.96411431504745
629,e,234.39211923469568,65.19716128867533
630,na,234.39211923469568,56.63517914144927
631,na,234.39211923469568,69.80044361163982
632,na,234.39211923469568,143.90863112477768
633,na,234.39211923469568,60.14479002791105
634,na,234.39211923469568,47.50592898142895
635,na,11.123891012747334,56.655990448146
636,na,234.39211923469568,39.80550665913189
637,na,208.2616807390502,143.90863112477768
638,e,234.39211923469568,53.4504575932385
639,na,234.39211923469568,57.27960556898509
640,na,234.39211923469568,71.98577698321641
641,e,234.39211923469568,82.11126467798974
642,na,28.366817164939683,58.37080573743799
643,na,234.39211923469568,42.768523118243394
644,na,234.39211923469568,79.9222761699993
645,e,234.39211923469568,82.55792842647217
646,na,234.39211923469568,49.33804269163644
647,na,234.39211923469568,62.459987600235834
648,na,234.39211923469568,52.8846096846493
649,e,234.39211923469568,53.30210748924723
650,e,234.39211923469568,37.64824799520025
651,na,234.39211923469568,24.073574931234987
652,na,234.39211923469568,61.63630068346637
653,na,234.39211923469568,143.90863112477768
654,na,234.39211923469568,19.098200586490904
655,na,71.46536725642001,64.88328030611896
656,na,234.39211923469568,80.37109850612832
657,na,234.39211923469568,143.90863112477768
658,na,234.39211923469568,48.69735079677836
659,na,135.32418969292905,59.59343972352852
660,na,234.39211923469568,73.87466527686821
661,na,234.39211923469568,41.8791905435171
662,na,114.05401812492377,84.00641515493537
663,na,234.39211923469568,143.90863112477768
664,e,234.39211923469568,23.94073705322884
665,e,127.30689892500894,62.12881206922279
666,na,234.39211923469568,69.77349703638659
667,na,234.39211923469568,70.84013615075276
668,na,234.39211923469568,103.4390347934548
669,na,38.47239862638754,36.55601184701445
670,na,234.39211923469568,85.17239405237694
671,e,234.39211923469568,70.1103140052273
672,na,234.39211923469568,31.774786628179786
673,na,234.39211923469568,56.26979988414138
674,na,234.39211923469568,36.58492785028322
675,na,234.39211923469568,85.79775026136095
676,e,234.39211923469568,72.29001650752613
677,na,55.80192725398813,57.92295167614656
678,na,234.39211923469568,51.94090157279702
679,na,234.39211923469568,75.19065880262676
680,na,234.39211923469568,61.51488642032571
681,na,234.39211923469568,58.047577931342914
682,na,234.39211923469568,68.70484527494473
683,na,234.39211923469568,143.90863112477768
684,e,234.39211923469568,56.82275549712115
685,na,234.39211923469568,63.217864656726725
686,na,234.39211923469568,54.65471284185613
687,na,234.39211923469568,73.71003703503013
688,na,234.39211923469568,34.95023532401909
689,na,79.13910779232828,90.19003437868716
690,na,201.26992780998296,58.82979272946329
691,na,234.39211923469568,56.93128085051713
692,na,234.39211923469568,34.19195825238458
693,na,19.340102083483256,54.044368023335224
694,na,44.573095878902876,56.87721729073654
695,na,234.39211923469568,62.513857621825444
696,na,41.023689496417575,18.573759162214138
697,e,122.21652920655505,79.93304448539047
698,na,234.39211923469568,38.573702044667336
699,na,234.39211923469568,64.61389519984574
700,na,157.34111461616746,29.903879610510597
701,na,234.39211923469568,41.1637508071157
702,na,234.39211923469568,66.02500666482304
703,na,227.7816194635906,69.22375494809839
704,na,234.39211923469568,64.57458501123908
705,e,168.39289571410995,61.36690955841209
706,na,234.39211923469568,143.90863112477768
707,e,234.39211923469568,65.45809995569091
708,e,234.39211923469568,79.89142831958392
709,e,234.39211923469568,59.99426867895931
710,na,234.39211923469568,36.651809803409435
711,na,234.39211923469568,75.07579021856439
712,e,234.39211923469568,72.73297055672677
713,na,234.39211923469568,68.50504453749512
714,na,234.39211923469568,143.90863112477768
715,e,234.39211923469568,35.69183161988804
716,e,234.39211923469568,143.90863112477768
717,na,234.39211923469568,62.20423382850418
718,na,16.746983746824085,47.02050446296616
719,na,51.35309321322049,54.24725535373159
720,e,234.39211923469568,68.86309510358915
721,na,234.39211923469568,52.34881803785663
722,na,234.39211923469568,71.45154450760106
723,na,234.39211923469568,51.33909204711843
724,na,234.39211923469568,143.90863112477768
725,na,234.39211923469568,29.779735564127797
726,e,234.39211923469568,43.08298071768794
727,e,168.26476973855796,57.269628461517264
728,na,15.86542349352334,86.01540255135644
729,na,234.39211923469568,65.11352031143159
730,na,234.39211923469568,57.06187195206422
731,na,234.39211923469568,78.73692513003293
732,na,234.39211923469568,45.106746836141575
733,na,234.39211923469568,87.73543157027902
734,na,234.39211923469568,75.33311225963567
735,na,234.39211923469568,19.983639838280954
736,na,234.39211923469568,54.4831958835091
737,na,234.39211923469568,52.73245858940425
738,na,234.39211923469568,52.31897713328171
739,na,234.39211923469568,110.14348953833819
740,na,234.39211923469568,81.44074371705176
741,na,234.39211923469568,52.081745554066494
742,na,234.39211923469568,90.59577228257446
743,na,234.39211923469568,54.66423099646928
744,e,234.39211923469568,76.66517147978882
745,na,234.39211923469568,76.89954004808412
746,na,234.39211923469568,44.290935154039275
747,na,138.1615219951834,59.17572852095521
748,e,234.39211923469568,66.2214031860969
749,na,234.39211923469568,43.97536323818034
750,na,234.39211923469568,74.96732098946407
751,na,234.39211923469568,143.90863112477768
752,na,234.39211923469568,143.90863112477768
753,na,95.29470616493563,36.91009351513274
754,na,234.39211923469568,99.74027050803765
755,na,234.39211923469568,143.90863112477768
756,na,234.39211923469568,34.01719724746928
757,e,234.39211923469568,72.35311486772258
758,na,234.39211923469568,78.22369523715281
759,na,234.39211923469568,49.07821237988916
760,na,234.39211923469568,70.31134693131247
761,na,234.39211923469568,75.1355616891999
762,na,234.39211923469568,143.90863112477768
763,na,234.39211923469568,58.56637548874652
764,na,234.39211923469568,33.68819622332094
765,na,102.05923558066756,143.90863112477768
766,e,234.39211923469568,77.18847509390724
767,na,234.39211923469568,14.885290464794842
768,e,234.39211923469568,19.893069104784782
769,na,234.39211923469568,73.2671184794675
770,e,54.82251906150642,143.90863112477768
771,na,234.39211923469568,36.737996165534376
772,e,234.39211923469568,73.8082365602201
773,na,234.39211923469568,46.7442029713603
774,na,234.39211923469568,23.190807313938212
775,na,234.39211923469568,54.31611280391818
776,na,234.39211923469568,59.11195030670936
777,na,234.39211923469568,61.16476746092636
778,e,234.39211923469568,143.90863112477768
779,na,234.39211923469568,45.39533060790743
780,na,234.39211923469568,57.76779695086619
781,na,234.39211923469568,49.010939350757866
782,na,234.39211923469568,77.17504184925578
783,na,234.39211923469568,88.99950010586011
784,na,234.39211923469568,72.97890939699653
785,na,234.39211923469568,59.544932203696604
786,e,234.39211923469568,48.62463003857194
787,e,234.39211923469568,53.38690895582138
788,na,234.39211923469568,88.93857544633426
789,e,234.39211923469568,38.031385437226696
790,e,139.54371684962874,68.32707119485752
791,na,234.39211923469568,53.27120417896202
792,na,234.39211923469568,69.20272197118135
793,e,234.39211923469568,59.28862791886994
794,na,39.59167303085416,89.07179631752615
795,e,234.39211923469568,86.91903810463924
796,na,234.39211923469568,31.092340968029994
797,na,234.39211923469568,77.35246207077992
798,na,234.39211923469568,88.22244048182475
799,na,234.39211923469568,74.0644915349131
800,na,234.39211923469568,88.06112447520957
801,na,234.39211923469568,143.90863112477768
802,na,234.39211923469568,22.185805736006284
803,na,37.33475173070917,54.99300172644624
804,na,29.615337316109976,70.38406717358212
805,na,112.26736669803286,41.83795728806705
806,na,234.39211923469568,89.02867793358632
807,na,111.79390861778774,70.52206888431994
808,e,234.39211923469568,37.470740840552644
809,na,0,0
810,na,234.39211923469568,73.22346056134629
811,na,234.39211923469568,66.12350153620262
812,e,234.39211923469568,71.32114363424459
813,na,234.39211923469568,56.232260050977835
814,na,51.44915058582871,93.18072016016218
815,na,234.39211923469568,32.645932493743736
816,na,234.39211923469568,85.53720164939206
817,na,234.39211923469568,72.2432851291424
818,na,234.39211923469568,92.0687200287052
819,na,234.39211923469568,66.31765105968046
820,e,234.39211923469568,38.101979777573135
821,e,234.39211923469568,87.05425953323113
822,na,234.39211923469568,51.15644646198639
823,na,234.39211923469568,69.42436539188999
824,na,234.39211923469568,68.30042146823173
825,e,41.121038946715046,36.031906146405525
826,na,160.80297601098962,57.01153613351879
827,na,234.39211923469568,72.27359575917173
828,na,234.39211923469568,82.23590129337131
829,na,234.39211923469568,95.67858460667858
830,na,85.95049328071845,74.24404473617219
831,e,234.39211923469568,143.90863112477768
832,na,234.39211923469568,82.41294012116816
833,na,234.39211923469568,53.583959399114796
834,na,29.948356460995775,72.10184131836446
835,e,234.39211923469568,50.897774381843725
836,na,234.39211923469568,98.85470934730508
837,e,189.8888177348837,84.51361138003655
838,na,234.39211923469568,54.132139172765186
839,na,74.53955723649939,47.93124405434787
840,e,234.39211923469568,61.33854155509478
841,e,234.39211923469568,65.02163663339618
842,na,234.39211923469568,79.09717843898433
843,na,234.39211923469568,58.58479600267018
844,na,234.39211923469568,50.7172327370943
845,e,234.39211923469568,65.56177408400835
846,na,234.39211923469568,58.92801017926582
847,na,120.78537335432118,41.088779226755385
848,na,234.39211923469568,55.96305432720539
849,na,234.39211923469568,44.10197666558165
850,na,124.09859468257676,53.815984045691756
851,e,234.39211923469568,83.33360895373943
852,na,15.434443082727462,48.72355108767325
853,na,234.39211923469568,53.784954765486155
854,na,172.59275135886057,69.09429560133206
855,na,234.39211923469568,77.07389962474281
856,na,234.39211923469568,42.03868240434471
857,na,234.39211923469568,82.62589781242465
858,na,234.39211923469568,143.90863112477768
859,e,34.876822786701204,44.42924192589832
860,na,234.39211923469568,49.761712333407395
861,e,234.39211923469568,39.87030578131044
862,na,234.39211923469568,54.83279653135439
863,na,234.39211923469568,56.94223681680226
864,na,234.39211923469568,57.478953272513415
865,e,234.39211923469568,55.467813943257845
866,na,234.39211923469568,66.19647712580675
867,na,234.39211923469568,62.5803330014954
868,e,234.39211923469568,87.84859522491993
869,na,234.39211923469568,66.43005217687826
870,e,234.39211923469568,90.62524569954354
871,e,234.39211923469568,69.55057371532727
872,na,234.39211923469568,32.70660015191293
873,na,234.39211923469568,50.43068766888272
874,na,234.39211923469568,51.74747361923061
875,na,234.39211923469568,85.1738092400164
876,e,234.39211923469568,33.75174360062081
877,na,34.8234113846551,143.90863112477768
878,na,114.14952740209137,57.763246795017075
879,na,20.540252526360085,51.60712895073111
880,na,234.39211923469568,70.20079545881438
881,e,234.39211923469568,38.02230605947436
882,na,234.39211923469568,57.81092165630625
883,na,234.39211923469568,42.49173680762138
884,e,234.39211923469568,65.0977192015698
885,na,234.39211923469568,46.2910693982561
886,na,234.39211923469568,11.395440419157975
887,e,234.39211923469568,46.527667092100096
888,na,234.39211923469568,77.96486303466007
889,na,234.39211923469568,28.189161878373795
890,na,234.39211923469568,143.90863112477768
891,na,234.39211923469568,56.78448907289331
892,na,234.39211923469568,57.24911473458128
893,na,234.39211923469568,49.5375269211098
894,na,234.39211923469568,43.8288361936124
895,na,234.39211923469568,64.3397641311949
896,na,49.58486411531321,63.85308698592602
897,e,234.39211923469568,52.01306998758567
898,e,234.39211923469568,33.88464824752916
899,na,234.39211923469568,41.62116625106518
900,na,234.39211923469568,71.29688793592598
901,e,234.39211923469568,54.11649994177177
902,e,234.39211923469568,76.13139913345644
903,na,234.39211923469568,53.44105118213771
904,e,234.39211923469568,49.932414018671125
905,na,234.39211923469568,51.65698804187326
906,na,234.39211923469568,59.57835203634686
907,na,234.39211923469568,63.148198934995854
908,na,234.39211923469568,83.33686690611606
909,e,234.39211923469568,143.90863112477768
910,e,127.853897149056,60.17322667061441
911,na,234.39211923469568,37.6641549468874
912,na,234.39211923469568,57.49602349399757
913,na,234.39211923469568,143.90863112477768
914,na,234.39211923469568,60.01800593564114
915,na,234.39211923469568,62.34112541741042
916,na,234.39211923469568,143.90863112477768
917,na,234.39211923469568,68.41721840423382
918,na,234.39211923469568,47.250540820236935
919,na,234.39211923469568,62.20996527733088
920,na,30.541794273227275,143.90863112477768
921,e,234.39211923469568,53.023786845022684
922,na,234.39211923469568,44.914277804206726
923,na,234.39211923469568,46.040023768269634
924,na,140.68691954439117,51.11318039534803
925,na,234.39211923469568,88.08939940847989
926,na,234.39211923469568,76.98310076898407
927,na,234.39211923469568,45.686492242373625
928,na,234.39211923469568,57.706555326309015
929,na,169.10684678427924,27.373929702370344
930,na,234.39211923469568,143.90863112477768
931,e,192.23020275336285,56.17343407898069
932,na,234.39211923469568,61.914528177612375
933,na,46.53921857376062,55.495684842644174
934,e,47.6034865037786,75.0309853614585
935,na,234.39211923469568,77.63018016664833
936,e,234.39211923469568,143.90863112477768
937,na,91.57395679141196,71.90595438028672
938,na,234.39211923469568,94.9052769009994
939,na,234.39211923469568,65.20857858790808
940,na,234.39211923469568,54.814856497527224
941,na,234.39211923469568,102.52921275235033
942,e,234.39211923469568,73.17711346784384
943,na,234.39211923469568,42.97833099151788
944,na,166.58177726813614,67.51617815356849
945,na,234.39211923469568,61.12628847628964
946,e,234.39211923469568,43.34378558633271
947,na,234.39211923469568,84.259906351383
948,na,234.39211923469568,57.49230511566129
949,na,234.39211923469568,31.360405600729678
950,e,234.39211923469568,71.15539764856845
951,na,138.08265219941273,75.20910481799787
952,na,118.04496455817284,100.527699019678
953,na,234.39211923469568,73.63814004237904
954,na,234.39211923469568,55.02541296660483
955,na,234.39211923469568,45.4864591541867
956,na,234.39211923469568,27.341716261140345
957,na,234.39211923469568,28.066718189901334
958,na,130.5607589486416,143.90863112477768
959,na,38.98876380381563,59.569497762851114
960,na,58.080229849208635,83.03088619085408
961,na,234.39211923469568,66.51566515813882
962,na,96.64594941732456,39.407766059513385
963,e,234.39211923469568,56.79053257291202
964,na,234.39211923469568,56.935190269719115
965,na,234.39211923469568,76.63884220559089
966,na,234.39211923469568,40.499869503900165
967,na,234.39211923469568,143.90863112477768
968,e,234.39211923469568,43.103062746788886
969,e,234.39211923469568,84.80378197951572
970,na,234.39211923469568,143.90863112477768
971,na,89.1498029346608,29.636389864035692
972,e,234.39211923469568,71.97610699161937
973,na,234.39211923469568,77.5912793906938
974,na,234.39211923469568,78.43914257105195
975,na,234.39211923469568,76.15496498037723
976,na,234.39211923469568,104.53459999140432
977,e,234.39211923469568,32.3558050948758
978,e,234.39211923469568,49.24990441653587
979,na,234.39211923469568,98.08794257491331
980,na,234.39211923469568,50.75310031815896
981,na,234.39211923469568,68.32442856184551
982,na,234.39211923469568,79.83894433797666
983,na,234.39211923469568,61.02817058175854
984,na,234.39211923469568,47.72196659796879
985,e,234.39211923469568,69.8281423632978
986,na,234.39211923469568,143.90863112477768
987,na,234.39211923469568,79.92152806589344
988,na,234.39211923469568,143.90863112477768
989,na,234.39211923469568,89.65473998755503
990,na,234.39211923469568,59.94369034089654
991,na,234.39211923469568,63.08047145822899
992,na,234.39211923469568,21.592145581747516
993,na,234.39211923469568,53.13010374835835
994,na,234.39211923469568,64.55695263759338
995,na,234.39211923469568,31.311934946956157
996,na,234.39211923469568,32.11090889393078
997,na,234.39211923469568,84.84847513489194
998,na,23.555163268787073,66.57641412356323
999,na,32.73107285720397,143.90863112477768
