node, assignment, time2inf_trt, time2inf_con,
0,na,51.87099002061441,149.20535027475316
1,na,0,0
2,na,51.87099002061441,149.20535027475316
3,na,51.87099002061441,149.20535027475316
4,na,51.87099002061441,149.20535027475316
5,na,51.87099002061441,149.20535027475316
6,e,51.87099002061441,149.20535027475316
7,e,51.87099002061441,51.80303673282496
8,na,51.87099002061441,33.826222424823754
9,na,51.87099002061441,149.20535027475316
10,na,51.87099002061441,47.87674469644125
11,na,51.87099002061441,51.44016606777345
12,e,51.87099002061441,60.63307033026222
13,na,51.87099002061441,149.20535027475316
14,na,51.87099002061441,149.20535027475316
15,na,51.87099002061441,74.33423897288831
16,na,51.87099002061441,55.25891113438636
17,na,51.87099002061441,48.24958146283956
18,na,51.87099002061441,45.33963155310456
19,na,51.87099002061441,44.183170561498635
20,na,51.87099002061441,46.83135178788695
21,na,51.87099002061441,41.254052250423946
22,na,51.87099002061441,24.981602513990016
23,na,51.87099002061441,28.321932336023863
24,e,51.87099002061441,46.26147009421401
25,na,51.87099002061441,149.20535027475316
26,e,51.87099002061441,94.34009772982597
27,na,51.87099002061441,39.93228890093026
28,na,51.87099002061441,48.00217071363164
29,na,51.87099002061441,44.481878003868296
30,na,51.87099002061441,58.53369360932122
31,e,51.87099002061441,149.20535027475316
32,na,51.87099002061441,52.48924963599452
33,na,51.87099002061441,15.43924204789272
34,na,51.87099002061441,149.20535027475316
35,na,51.87099002061441,149.20535027475316
36,na,51.87099002061441,149.20535027475316
37,na,51.87099002061441,149.20535027475316
38,na,51.87099002061441,149.20535027475316
39,e,51.87099002061441,38.221995155604745
40,na,51.87099002061441,149.20535027475316
41,na,51.87099002061441,149.20535027475316
42,e,51.87099002061441,30.53545044862955
43,na,51.87099002061441,149.20535027475316
44,na,51.87099002061441,149.20535027475316
45,na,51.87099002061441,149.20535027475316
46,na,51.87099002061441,48.95175298521897
47,na,51.87099002061441,31.721002102247603
48,na,51.87099002061441,149.20535027475316
49,na,51.87099002061441,149.20535027475316
50,na,51.87099002061441,26.43535415684426
51,na,51.87099002061441,58.18872686381007
52,e,51.87099002061441,149.20535027475316
53,na,51.87099002061441,54.68597804051913
54,na,51.87099002061441,149.20535027475316
55,na,51.87099002061441,42.56150869830162
56,e,51.87099002061441,66.36297403264803
57,e,51.87099002061441,25.682849308992758
58,e,51.87099002061441,149.20535027475316
59,na,51.87099002061441,149.20535027475316
60,e,51.87099002061441,89.22695264930816
61,e,51.87099002061441,149.20535027475316
62,na,51.87099002061441,149.20535027475316
63,na,51.87099002061441,33.54922499714118
64,na,51.87099002061441,149.20535027475316
65,na,51.87099002061441,29.435260034178246
66,na,51.87099002061441,45.983979137057865
67,na,51.87099002061441,149.20535027475316
68,na,51.87099002061441,149.20535027475316
69,e,51.87099002061441,149.20535027475316
70,na,51.87099002061441,62.58942577141536
71,na,51.87099002061441,53.900647426838425
72,na,51.87099002061441,51.965498545969425
73,na,51.87099002061441,149.20535027475316
74,na,51.87099002061441,54.02190689447751
75,e,51.87099002061441,38.97648250744321
76,na,51.87099002061441,149.20535027475316
77,e,51.87099002061441,149.20535027475316
78,na,51.87099002061441,63.193827590943314
79,na,51.87099002061441,43.62265083925393
80,na,51.87099002061441,149.20535027475316
81,na,51.87099002061441,149.20535027475316
82,na,51.87099002061441,50.89116833599742
83,na,51.87099002061441,80.4620774673854
84,na,51.87099002061441,47.50913782199677
85,e,51.87099002061441,45.08180923995321
86,e,51.87099002061441,32.432014186903515
87,na,51.87099002061441,149.20535027475316
88,na,51.87099002061441,149.20535027475316
89,na,51.87099002061441,46.75237263641746
90,na,51.87099002061441,29.948635476850324
91,e,51.87099002061441,149.20535027475316
92,e,51.87099002061441,149.20535027475316
93,e,51.87099002061441,149.20535027475316
94,na,51.87099002061441,56.86781888708515
95,na,51.87099002061441,54.70022769034986
96,e,51.87099002061441,49.20072227550764
97,na,51.87099002061441,54.78387224651781
98,na,51.87099002061441,149.20535027475316
99,na,51.87099002061441,55.36222835013079
100,na,51.87099002061441,149.20535027475316
101,na,51.87099002061441,35.00388271638423
102,na,51.87099002061441,149.20535027475316
103,na,51.87099002061441,47.91108710860097
104,e,51.87099002061441,149.20535027475316
105,na,51.87099002061441,149.20535027475316
106,na,51.87099002061441,149.20535027475316
107,na,51.87099002061441,149.20535027475316
108,e,51.87099002061441,56.74567271731406
109,na,51.87099002061441,57.666890227378104
110,na,51.87099002061441,21.107147048866366
111,na,51.87099002061441,43.764577789054094
112,na,51.87099002061441,149.20535027475316
113,na,51.87099002061441,149.20535027475316
114,e,51.87099002061441,49.542694878001065
115,na,51.87099002061441,24.727599777687402
116,na,51.87099002061441,35.39479501355352
117,e,51.87099002061441,63.01273239832517
118,e,51.87099002061441,25.419674180338156
119,na,51.87099002061441,41.230943369141194
120,na,51.87099002061441,149.20535027475316
121,na,51.87099002061441,50.68564378232498
122,e,51.87099002061441,149.20535027475316
123,na,51.87099002061441,30.80101171583567
124,e,51.87099002061441,149.20535027475316
125,na,51.87099002061441,149.20535027475316
126,na,51.87099002061441,39.444062637881004
127,na,51.87099002061441,45.215781382635704
128,na,51.87099002061441,149.20535027475316
129,e,51.87099002061441,37.73900662503198
130,na,51.87099002061441,41.42424431763331
131,na,51.87099002061441,149.20535027475316
132,na,51.87099002061441,149.20535027475316
133,na,51.87099002061441,59.34135735483662
134,na,51.87099002061441,68.68032560128881
135,e,51.87099002061441,149.20535027475316
136,na,51.87099002061441,40.496569458102535
137,e,51.87099002061441,149.20535027475316
138,na,51.87099002061441,75.76101059961793
139,na,51.87099002061441,54.31100361048079
140,na,51.87099002061441,46.335272121860186
141,na,51.87099002061441,149.20535027475316
142,na,51.87099002061441,55.29200862142499
143,e,51.87099002061441,19.53018775244235
144,na,51.87099002061441,149.20535027475316
145,na,51.87099002061441,55.644869222245774
146,na,51.87099002061441,149.20535027475316
147,na,51.87099002061441,56.683601682369925
148,na,51.87099002061441,41.489125840783714
149,na,51.87099002061441,149.20535027475316
150,na,51.87099002061441,149.20535027475316
151,e,51.87099002061441,149.20535027475316
152,e,51.87099002061441,149.20535027475316
153,na,51.87099002061441,41.006258531062294
154,na,51.87099002061441,50.489618123346794
155,na,51.87099002061441,19.507559683532556
156,na,51.87099002061441,149.20535027475316
157,na,51.87099002061441,149.20535027475316
158,na,51.87099002061441,87.07998733193816
159,e,51.87099002061441,91.75410342763838
160,na,51.87099002061441,27.023811492063324
161,na,51.87099002061441,82.33923993121495
162,na,51.87099002061441,149.20535027475316
163,na,51.87099002061441,149.20535027475316
164,na,51.87099002061441,42.19020133271327
165,na,51.87099002061441,50.305017266436025
166,na,51.87099002061441,45.10937388225125
167,na,51.87099002061441,149.20535027475316
168,na,51.87099002061441,149.20535027475316
169,na,51.87099002061441,56.36752284685698
170,na,51.87099002061441,149.20535027475316
171,na,51.87099002061441,33.374613145256305
172,na,51.87099002061441,58.50882529741979
173,na,51.87099002061441,40.37222591583595
174,e,51.87099002061441,41.27304081610945
175,na,51.87099002061441,87.42702889375657
176,na,51.87099002061441,32.46903464896814
177,na,51.87099002061441,149.20535027475316
178,na,51.87099002061441,77.94696023804251
179,na,51.87099002061441,105.54122657078265
180,e,51.87099002061441,149.20535027475316
181,na,51.87099002061441,149.20535027475316
182,e,51.87099002061441,149.20535027475316
183,na,51.87099002061441,149.20535027475316
184,na,51.87099002061441,29.03167707889049
185,na,51.87099002061441,149.20535027475316
186,na,51.87099002061441,149.20535027475316
187,na,51.87099002061441,139.16279561456892
188,na,51.87099002061441,115.36957439496742
189,na,51.87099002061441,62.38631488625352
190,na,51.87099002061441,149.20535027475316
191,e,51.87099002061441,50.15145076979641
192,na,51.87099002061441,149.20535027475316
193,e,51.87099002061441,40.1693409023008
194,na,51.87099002061441,49.46268639079309
195,e,51.87099002061441,46.204833230811175
196,na,51.87099002061441,149.20535027475316
197,na,51.87099002061441,36.523658408602756
198,na,51.87099002061441,67.08631572770528
199,e,51.87099002061441,32.15622316225919
200,na,51.87099002061441,63.01332609427761
201,na,51.87099002061441,12.639050733643987
202,na,51.87099002061441,56.58874244378101
203,na,51.87099002061441,37.08618918218459
204,na,10.045359251324347,21.300609158874124
205,na,51.87099002061441,71.84301220724213
206,na,51.87099002061441,44.48753228594009
207,na,51.87099002061441,45.213206913545
208,na,51.87099002061441,149.20535027475316
209,e,51.87099002061441,62.95080002025072
210,e,51.87099002061441,149.20535027475316
211,na,51.87099002061441,39.606878365689994
212,na,51.87099002061441,149.20535027475316
213,na,51.87099002061441,47.56527160205334
214,na,51.87099002061441,37.16463879578914
215,na,51.87099002061441,42.82592999189481
216,na,51.87099002061441,95.09507113524865
217,na,51.87099002061441,103.73068298622411
218,na,51.87099002061441,149.20535027475316
219,na,51.87099002061441,149.20535027475316
220,na,51.87099002061441,149.20535027475316
221,na,51.87099002061441,3.126923180192549
222,na,51.87099002061441,84.26461502652744
223,na,51.87099002061441,149.20535027475316
224,na,51.87099002061441,21.25763619346127
225,na,51.87099002061441,149.20535027475316
226,na,51.87099002061441,42.88989047589101
227,na,51.87099002061441,149.20535027475316
228,e,51.87099002061441,149.20535027475316
229,na,51.87099002061441,95.81627094598502
230,na,51.87099002061441,25.628687506454533
231,na,51.87099002061441,60.772251773261864
232,e,51.87099002061441,149.20535027475316
233,na,51.87099002061441,55.47579176845721
234,na,51.87099002061441,46.23825970263028
235,na,51.87099002061441,42.45559553037465
236,na,51.87099002061441,51.504889872171326
237,na,51.87099002061441,149.20535027475316
238,na,51.87099002061441,149.20535027475316
239,na,51.87099002061441,149.20535027475316
240,na,51.87099002061441,149.20535027475316
241,e,51.87099002061441,149.20535027475316
242,e,51.87099002061441,50.76482722049121
243,na,51.87099002061441,39.53156463297689
244,na,51.87099002061441,61.1733764252306
245,na,51.87099002061441,149.20535027475316
246,na,51.87099002061441,25.07099647161396
247,na,51.87099002061441,54.7398597209267
248,na,51.87099002061441,149.20535027475316
249,na,51.87099002061441,62.070044980352115
250,na,51.87099002061441,149.20535027475316
251,na,51.87099002061441,149.20535027475316
252,na,51.87099002061441,58.68067757977189
253,e,51.87099002061441,149.20535027475316
254,e,51.87099002061441,23.396063642192708
255,na,51.87099002061441,43.287540224457786
256,na,51.87099002061441,19.503545118746693
257,e,51.87099002061441,51.78122630671157
258,na,51.87099002061441,149.20535027475316
259,na,51.87099002061441,80.61880706372003
260,na,51.87099002061441,149.20535027475316
261,na,51.87099002061441,46.60968721800043
262,na,51.87099002061441,149.20535027475316
263,na,51.87099002061441,12.760798001728292
264,na,51.87099002061441,46.76333820166997
265,e,51.87099002061441,37.12044724374171
266,e,51.87099002061441,41.61839580183368
267,na,51.87099002061441,73.44912334774146
268,na,51.87099002061441,149.20535027475316
269,na,51.87099002061441,89.7095057234474
270,e,51.87099002061441,149.20535027475316
271,na,51.87099002061441,46.431647499603656
272,na,51.87099002061441,47.07007911305089
273,e,51.87099002061441,52.662069055429406
274,e,51.87099002061441,59.05619758267783
275,na,51.87099002061441,59.03184655158727
276,na,51.87099002061441,22.359363041746047
277,na,51.87099002061441,44.39438064910867
278,na,51.87099002061441,65.38734146430183
279,na,51.87099002061441,33.96448772671462
280,na,51.87099002061441,41.89270953679452
281,na,51.87099002061441,149.20535027475316
282,na,51.87099002061441,149.20535027475316
283,na,51.87099002061441,149.20535027475316
284,na,51.87099002061441,149.20535027475316
285,e,51.87099002061441,52.47826344887634
286,na,51.87099002061441,46.45709025296625
287,na,51.87099002061441,40.138268570805806
288,na,51.87099002061441,149.20535027475316
289,e,51.87099002061441,21.084106293837692
290,e,51.87099002061441,149.20535027475316
291,e,51.87099002061441,41.632841258163744
292,e,51.87099002061441,54.15958929149168
293,na,51.87099002061441,0.4582918504730635
294,na,51.87099002061441,23.327720673110218
295,na,51.87099002061441,149.20535027475316
296,na,51.87099002061441,149.20535027475316
297,e,51.87099002061441,149.20535027475316
298,na,51.87099002061441,35.36640387870319
299,na,51.87099002061441,149.20535027475316
300,na,51.87099002061441,61.391151840766426
301,na,51.87099002061441,149.20535027475316
302,na,18.089801542116366,149.20535027475316
303,na,51.87099002061441,149.20535027475316
304,na,51.87099002061441,149.20535027475316
305,na,1.7249923144437356,8.268191993165173
306,na,51.87099002061441,149.20535027475316
307,na,51.87099002061441,39.030654916606586
308,na,51.87099002061441,149.20535027475316
309,na,51.87099002061441,47.18614594808871
310,na,51.87099002061441,149.20535027475316
311,na,51.87099002061441,43.7999811579463
312,na,51.87099002061441,149.20535027475316
313,na,51.87099002061441,69.72057978651561
314,na,51.87099002061441,89.37366702447807
315,na,51.87099002061441,36.42487930316121
316,na,51.87099002061441,74.19938281810055
317,e,51.87099002061441,149.20535027475316
318,e,51.87099002061441,149.20535027475316
319,na,51.87099002061441,40.948892235919224
320,na,51.87099002061441,149.20535027475316
321,e,51.87099002061441,149.20535027475316
322,na,51.87099002061441,61.24348254450593
323,na,51.87099002061441,79.31880779587475
324,e,51.87099002061441,17.092188375060196
325,na,51.87099002061441,149.20535027475316
326,na,51.87099002061441,33.53468089122954
327,na,51.87099002061441,73.93517782187712
328,e,51.87099002061441,44.252471746362815
329,na,51.87099002061441,149.20535027475316
330,na,51.87099002061441,57.08595547122547
331,na,51.87099002061441,149.20535027475316
332,na,51.87099002061441,37.75972754843102
333,na,51.87099002061441,56.944000018606566
334,na,51.87099002061441,111.31720840318471
335,na,51.87099002061441,51.17575266442463
336,na,51.87099002061441,35.682150925766884
337,na,51.87099002061441,149.20535027475316
338,na,51.87099002061441,34.93074479027515
339,e,51.87099002061441,15.578082392760475
340,na,51.87099002061441,24.435611989588818
341,na,51.87099002061441,149.20535027475316
342,e,51.87099002061441,149.20535027475316
343,na,51.87099002061441,149.20535027475316
344,e,51.87099002061441,69.85136096170898
345,na,51.87099002061441,20.839466990205658
346,na,51.87099002061441,79.14028432409583
347,na,51.87099002061441,18.14427955106945
348,na,51.87099002061441,149.20535027475316
349,na,51.87099002061441,39.00454478291931
350,na,51.87099002061441,49.52444839606271
351,na,51.87099002061441,32.518715514838355
352,na,51.87099002061441,149.20535027475316
353,e,51.87099002061441,19.160697401790507
354,e,51.87099002061441,149.20535027475316
355,na,51.87099002061441,149.20535027475316
356,na,51.87099002061441,149.20535027475316
357,na,51.87099002061441,149.20535027475316
358,na,51.87099002061441,149.20535027475316
359,na,51.87099002061441,149.20535027475316
360,na,51.87099002061441,47.36878256735962
361,na,51.87099002061441,149.20535027475316
362,na,51.87099002061441,69.62749073713063
363,na,51.87099002061441,149.20535027475316
364,e,51.87099002061441,44.69588745313259
365,e,51.87099002061441,48.35153198312365
366,na,51.87099002061441,36.44998844312674
367,na,51.87099002061441,149.20535027475316
368,e,51.87099002061441,149.20535027475316
369,na,51.87099002061441,40.70661699180039
370,na,51.87099002061441,149.20535027475316
371,na,51.87099002061441,44.35686146375038
372,na,51.87099002061441,149.20535027475316
373,na,51.87099002061441,73.71498184331928
374,na,51.87099002061441,31.04440031275498
375,na,51.87099002061441,149.20535027475316
376,e,51.87099002061441,77.88746095359632
377,na,51.87099002061441,31.086006661765875
378,na,51.87099002061441,149.20535027475316
379,na,51.87099002061441,39.77470994421114
380,na,51.87099002061441,74.66034841534606
381,na,14.157989489869852,149.20535027475316
382,na,51.87099002061441,35.51410845193142
383,e,51.87099002061441,2.509312730169792
384,na,51.87099002061441,149.20535027475316
385,na,51.87099002061441,149.20535027475316
386,na,51.87099002061441,149.20535027475316
387,na,51.87099002061441,25.34978977350649
388,na,51.87099002061441,149.20535027475316
389,na,51.87099002061441,53.13379104199205
390,na,51.87099002061441,149.20535027475316
391,na,51.87099002061441,59.480155758893254
392,na,51.87099002061441,149.20535027475316
393,na,7.597241683614445,149.20535027475316
394,na,51.87099002061441,37.24376917406548
395,na,51.87099002061441,149.20535027475316
396,na,51.87099002061441,54.400075820088155
397,na,51.87099002061441,59.411824516165275
398,na,51.87099002061441,91.66197762584031
399,na,51.87099002061441,91.4490812556999
400,na,51.87099002061441,149.20535027475316
401,na,51.87099002061441,20.550713819613257
402,na,51.87099002061441,40.39965581104493
403,e,51.87099002061441,41.349915824160746
404,na,51.87099002061441,1.8538438677572868
405,na,51.87099002061441,149.20535027475316
406,na,51.87099002061441,56.4343731099451
407,na,51.87099002061441,149.20535027475316
408,e,51.87099002061441,149.20535027475316
409,na,51.87099002061441,51.68079680066573
410,na,51.87099002061441,56.57678113294971
411,e,51.87099002061441,149.20535027475316
412,e,51.87099002061441,34.535831657257404
413,na,51.87099002061441,8.381838648847863
414,na,51.87099002061441,43.23858484698712
415,na,51.87099002061441,50.432740547433625
416,e,51.87099002061441,44.321205472238326
417,na,51.87099002061441,41.59954429111346
418,na,51.87099002061441,50.21633049542461
419,na,51.87099002061441,149.20535027475316
420,na,51.87099002061441,149.20535027475316
421,e,51.87099002061441,85.77654127853444
422,e,51.87099002061441,40.611674903238814
423,na,51.87099002061441,149.20535027475316
424,na,51.87099002061441,149.20535027475316
425,na,51.87099002061441,28.762146430302664
426,na,51.87099002061441,149.20535027475316
427,na,51.87099002061441,17.526965207020993
428,na,51.87099002061441,43.59040398957468
429,na,51.87099002061441,149.20535027475316
430,na,51.87099002061441,56.29818103374456
431,e,51.87099002061441,52.034782817170594
432,na,51.87099002061441,18.93232931134466
433,na,51.87099002061441,149.20535027475316
434,e,51.87099002061441,149.20535027475316
435,na,51.87099002061441,68.67139325700477
436,na,51.87099002061441,23.039927942501627
437,e,51.87099002061441,80.27853213776243
438,e,51.87099002061441,18.916112076239404
439,na,51.87099002061441,82.29389255415485
440,na,51.87099002061441,149.20535027475316
441,e,51.87099002061441,149.20535027475316
442,na,51.87099002061441,76.73801890434933
443,na,51.87099002061441,41.97217471680817
444,e,51.87099002061441,149.20535027475316
445,e,51.87099002061441,54.534932398773805
446,na,51.87099002061441,149.20535027475316
447,e,51.87099002061441,149.20535027475316
448,na,51.87099002061441,149.20535027475316
449,na,51.87099002061441,149.20535027475316
450,na,51.87099002061441,149.20535027475316
451,na,51.87099002061441,32.2969423888374
452,na,51.87099002061441,149.20535027475316
453,na,51.87099002061441,149.20535027475316
454,na,51.87099002061441,149.20535027475316
455,e,51.87099002061441,35.21715909445755
456,na,51.87099002061441,67.5816798531026
457,na,51.87099002061441,56.77533483612576
458,na,51.87099002061441,72.55634996874015
459,na,51.87099002061441,149.20535027475316
460,e,51.87099002061441,149.20535027475316
461,na,51.87099002061441,31.161868538603233
462,e,51.87099002061441,149.20535027475316
463,e,51.87099002061441,149.20535027475316
464,na,51.87099002061441,116.28234755246325
465,na,51.87099002061441,149.20535027475316
466,na,51.87099002061441,53.53942868839395
467,na,51.87099002061441,149.20535027475316
468,na,51.87099002061441,149.20535027475316
469,e,6.646854728891232,149.20535027475316
470,na,51.87099002061441,149.20535027475316
471,na,51.87099002061441,43.5787705960845
472,na,51.87099002061441,149.20535027475316
473,e,51.87099002061441,149.20535027475316
474,na,51.87099002061441,149.20535027475316
475,na,51.87099002061441,28.186428666115656
476,na,51.87099002061441,149.20535027475316
477,na,51.87099002061441,38.03009177758872
478,na,51.87099002061441,72.158121328129
479,na,51.87099002061441,65.43858822032108
480,na,51.87099002061441,149.20535027475316
481,na,51.87099002061441,37.821261837143346
482,e,51.87099002061441,149.20535027475316
483,na,51.87099002061441,149.20535027475316
484,e,51.87099002061441,149.20535027475316
485,e,51.87099002061441,149.20535027475316
486,e,51.87099002061441,22.9000961791964
487,na,51.87099002061441,61.803722805301085
488,na,51.87099002061441,149.20535027475316
489,na,51.87099002061441,17.541440262549212
490,na,51.87099002061441,28.939882292526388
491,na,51.87099002061441,128.08816805646921
492,na,51.87099002061441,35.77883484754023
493,na,51.87099002061441,149.20535027475316
494,na,51.87099002061441,59.77803036890212
495,na,51.87099002061441,51.773902124766565
496,na,51.87099002061441,84.8784692457396
497,na,51.87099002061441,71.2885320610275
498,e,51.87099002061441,32.759846989371326
499,na,51.87099002061441,51.33592219363843
500,na,51.87099002061441,149.20535027475316
501,e,51.87099002061441,149.20535027475316
502,na,51.87099002061441,149.20535027475316
503,e,51.87099002061441,19.38125928218407
504,na,51.87099002061441,149.20535027475316
505,na,51.87099002061441,32.115289682917435
506,na,51.87099002061441,149.20535027475316
507,na,51.87099002061441,149.20535027475316
508,na,51.87099002061441,55.09481574182546
509,e,51.87099002061441,56.164331853364075
510,na,51.87099002061441,149.20535027475316
511,na,51.87099002061441,108.44898037398904
512,na,51.87099002061441,53.16723808498149
513,na,51.87099002061441,149.20535027475316
514,e,51.87099002061441,46.495067368291416
515,na,51.87099002061441,149.20535027475316
516,e,51.87099002061441,52.0706703908217
517,na,51.87099002061441,80.81478682223957
518,na,51.87099002061441,149.20535027475316
519,na,51.87099002061441,149.20535027475316
520,na,51.87099002061441,37.00194465828692
521,na,51.87099002061441,73.93843898987443
522,na,51.87099002061441,149.20535027475316
523,na,51.87099002061441,149.20535027475316
524,na,51.87099002061441,149.20535027475316
525,na,51.87099002061441,54.82603600692096
526,na,0.07942754590682066,7.709848895917815
527,na,51.87099002061441,39.34262109396004
528,na,51.87099002061441,69.30750017895468
529,na,51.87099002061441,149.20535027475316
530,e,51.87099002061441,34.4332476734894
531,na,51.87099002061441,149.20535027475316
532,na,51.87099002061441,41.47946914114113
533,e,51.87099002061441,149.20535027475316
534,na,51.87099002061441,149.20535027475316
535,na,51.87099002061441,149.20535027475316
536,na,51.87099002061441,63.77570814312928
537,e,51.87099002061441,61.540895343887925
538,na,28.819579643100326,50.55231110244677
539,na,51.87099002061441,149.20535027475316
540,na,51.87099002061441,73.94734404144616
541,na,51.87099002061441,39.90473681424947
542,na,51.87099002061441,80.03839262862762
543,na,51.87099002061441,59.09396639784835
544,e,51.87099002061441,149.20535027475316
545,na,51.87099002061441,48.92500013270218
546,na,51.87099002061441,32.6738045019584
547,na,51.87099002061441,51.419328227232825
548,na,51.87099002061441,15.239046982423321
549,na,51.87099002061441,149.20535027475316
550,na,51.87099002061441,14.418895771590106
551,na,51.87099002061441,44.419194272489555
552,na,51.87099002061441,149.20535027475316
553,na,51.87099002061441,149.20535027475316
554,na,51.87099002061441,93.10076818333386
555,na,51.87099002061441,149.20535027475316
556,na,51.87099002061441,46.882954830112986
557,na,51.87099002061441,44.01459173172583
558,na,51.87099002061441,149.20535027475316
559,na,51.87099002061441,41.36969774646801
560,na,51.87099002061441,39.6002911212936
561,e,51.87099002061441,39.62320733239658
562,na,51.87099002061441,39.98815175198696
563,na,51.87099002061441,149.20535027475316
564,na,51.87099002061441,46.876136001240624
565,na,24.03066314470275,149.20535027475316
566,na,51.87099002061441,149.20535027475316
567,na,51.87099002061441,149.20535027475316
568,na,51.87099002061441,34.606390729008766
569,na,51.87099002061441,149.20535027475316
570,na,51.87099002061441,29.030238636829473
571,na,51.87099002061441,41.91076093640289
572,e,51.87099002061441,149.20535027475316
573,na,51.87099002061441,149.20535027475316
574,na,51.87099002061441,149.20535027475316
575,na,51.87099002061441,47.19861134714564
576,e,51.87099002061441,149.20535027475316
577,na,51.87099002061441,21.504342815253246
578,e,51.87099002061441,56.608856046919364
579,na,51.87099002061441,149.20535027475316
580,na,51.87099002061441,27.590758371988763
581,e,51.87099002061441,149.20535027475316
582,na,51.87099002061441,149.20535027475316
583,na,51.87099002061441,18.720572476289842
584,na,51.87099002061441,149.20535027475316
585,na,51.87099002061441,149.20535027475316
586,na,51.87099002061441,149.20535027475316
587,na,51.87099002061441,59.03900694657311
588,na,51.87099002061441,25.768026304938925
589,na,51.87099002061441,88.62680862894409
590,na,51.87099002061441,149.20535027475316
591,e,51.87099002061441,149.20535027475316
592,na,51.87099002061441,149.20535027475316
593,na,51.87099002061441,46.04212836313805
594,e,51.87099002061441,61.664090583743594
595,e,51.87099002061441,49.02208439122319
596,na,51.87099002061441,149.20535027475316
597,na,51.87099002061441,149.20535027475316
598,na,51.87099002061441,70.98367346867018
599,e,51.87099002061441,149.20535027475316
600,na,51.87099002061441,149.20535027475316
601,e,51.87099002061441,60.53718019349733
602,na,51.87099002061441,149.20535027475316
603,na,51.87099002061441,97.95555555635165
604,na,51.87099002061441,33.91787944901597
605,na,51.87099002061441,48.5210155243682
606,na,51.87099002061441,52.29885780003592
607,na,51.87099002061441,5.148346556015008
608,e,51.87099002061441,149.20535027475316
609,na,51.87099002061441,149.20535027475316
610,na,51.87099002061441,46.27124628036728
611,e,51.87099002061441,53.80470365538285
612,na,51.87099002061441,149.20535027475316
613,na,51.87099002061441,149.20535027475316
614,na,51.87099002061441,60.72986990084328
615,na,51.87099002061441,47.446874035849994
616,na,51.87099002061441,34.12996409860425
617,na,51.87099002061441,26.239084870362465
618,na,51.87099002061441,149.20535027475316
619,e,51.87099002061441,149.20535027475316
620,na,51.87099002061441,149.20535027475316
621,e,51.87099002061441,56.70919795344623
622,na,51.87099002061441,26.170375217125734
623,na,51.87099002061441,59.130311161979286
624,na,51.87099002061441,149.20535027475316
625,na,51.87099002061441,72.04253928562628
626,na,51.87099002061441,107.08566906779718
627,na,51.87099002061441,61.29706991650759
628,na,51.87099002061441,149.20535027475316
629,e,17.225695570372746,32.42163020579429
630,na,51.87099002061441,149.20535027475316
631,na,51.87099002061441,149.20535027475316
632,na,51.87099002061441,149.20535027475316
633,na,51.87099002061441,38.252941698620134
634,na,51.87099002061441,149.20535027475316
635,e,51.87099002061441,50.19356386159417
636,na,51.87099002061441,42.06045169147071
637,e,51.87099002061441,17.558924326459007
638,na,51.87099002061441,39.71193251488399
639,na,51.87099002061441,45.492362713744384
640,na,51.87099002061441,52.636402861194426
641,na,51.87099002061441,149.20535027475316
642,na,51.87099002061441,149.20535027475316
643,na,51.87099002061441,32.72616213948922
644,na,51.87099002061441,149.20535027475316
645,na,51.87099002061441,42.69463660096028
646,na,51.87099002061441,149.20535027475316
647,na,51.87099002061441,31.7197463867427
648,na,51.87099002061441,149.20535027475316
649,na,51.87099002061441,58.274114658097155
650,e,51.87099002061441,149.20535027475316
651,na,51.87099002061441,47.72035618850768
652,na,51.87099002061441,44.767756832788116
653,na,51.87099002061441,34.19812183529592
654,na,51.87099002061441,149.20535027475316
655,e,51.87099002061441,149.20535027475316
656,na,51.87099002061441,149.20535027475316
657,na,51.87099002061441,18.53316179348208
658,na,51.87099002061441,149.20535027475316
659,na,51.87099002061441,149.20535027475316
660,e,51.87099002061441,149.20535027475316
661,e,51.87099002061441,27.08106799228604
662,na,51.87099002061441,149.20535027475316
663,na,51.87099002061441,149.20535027475316
664,na,51.87099002061441,47.485458766085365
665,e,51.87099002061441,13.400920276041154
666,na,51.87099002061441,149.20535027475316
667,na,51.87099002061441,73.54409115783989
668,na,51.87099002061441,149.20535027475316
669,e,51.87099002061441,149.20535027475316
670,e,51.87099002061441,45.89320758750487
671,na,51.87099002061441,25.545099086861047
672,na,51.87099002061441,24.6922371720904
673,na,51.87099002061441,58.4851720936692
674,na,51.87099002061441,149.20535027475316
675,na,51.87099002061441,43.87631403717631
676,na,51.87099002061441,80.66771955323358
677,na,51.87099002061441,62.91099920376696
678,na,51.87099002061441,149.20535027475316
679,na,51.87099002061441,77.45434391312632
680,na,51.87099002061441,45.94862334335413
681,na,51.87099002061441,103.39137750508338
682,na,51.87099002061441,149.20535027475316
683,na,51.87099002061441,149.20535027475316
684,na,51.87099002061441,129.17723531785703
685,na,51.87099002061441,149.20535027475316
686,na,51.87099002061441,149.20535027475316
687,e,51.87099002061441,44.31530821775463
688,na,51.87099002061441,149.20535027475316
689,na,51.87099002061441,86.12710433504112
690,na,51.87099002061441,149.20535027475316
691,e,51.87099002061441,149.20535027475316
692,na,51.87099002061441,149.20535027475316
693,na,51.87099002061441,64.11094368400354
694,e,51.87099002061441,149.20535027475316
695,na,51.87099002061441,42.82084721799465
696,na,51.87099002061441,19.24381131061104
697,na,24.072323685839923,10.313631285113258
698,na,51.87099002061441,149.20535027475316
699,na,51.87099002061441,149.20535027475316
700,na,51.87099002061441,149.20535027475316
701,e,51.87099002061441,149.20535027475316
702,na,51.87099002061441,71.74723468999792
703,na,51.87099002061441,51.780949129864915
704,na,51.87099002061441,54.207563134671
705,e,51.87099002061441,149.20535027475316
706,na,51.87099002061441,40.67862582623122
707,na,51.87099002061441,25.551842267642364
708,na,51.87099002061441,18.349816748887953
709,na,51.87099002061441,149.20535027475316
710,e,51.87099002061441,34.727444429057485
711,e,51.87099002061441,149.20535027475316
712,na,51.87099002061441,53.732505257635765
713,na,51.87099002061441,149.20535027475316
714,na,51.87099002061441,43.12645643724812
715,na,51.87099002061441,149.20535027475316
716,na,51.87099002061441,72.76047878174612
717,na,51.87099002061441,29.610785425578705
718,na,51.87099002061441,27.382033757106626
719,na,51.87099002061441,149.20535027475316
720,na,51.87099002061441,28.761838833683615
721,na,51.87099002061441,53.877311944660036
722,na,51.87099002061441,46.47928434001329
723,e,51.87099002061441,52.1770766371261
724,na,51.87099002061441,149.20535027475316
725,na,51.87099002061441,149.20535027475316
726,e,51.87099002061441,59.40076714599875
727,na,51.87099002061441,54.46837622808068
728,na,51.87099002061441,49.480510784108574
729,na,51.87099002061441,149.20535027475316
730,e,51.87099002061441,36.149544242966726
731,na,51.87099002061441,149.20535027475316
732,na,51.87099002061441,4.1411922420765706
733,na,51.87099002061441,149.20535027475316
734,na,51.87099002061441,43.14948720170424
735,na,51.87099002061441,48.99458130228851
736,na,51.87099002061441,149.20535027475316
737,e,51.87099002061441,149.20535027475316
738,e,51.87099002061441,149.20535027475316
739,e,51.87099002061441,35.929866883015706
740,na,51.87099002061441,149.20535027475316
741,na,51.87099002061441,79.69910811339835
742,na,51.87099002061441,6.661362875737419
743,na,51.87099002061441,27.147061997181638
744,na,51.87099002061441,149.20535027475316
745,na,51.87099002061441,67.26123221595397
746,na,51.87099002061441,52.573644824673586
747,na,5.127807966926975,45.76274308770364
748,na,51.87099002061441,36.40838452539135
749,e,51.87099002061441,42.87858841988238
750,na,51.87099002061441,56.10307358659493
751,na,51.87099002061441,149.20535027475316
752,na,51.87099002061441,149.20535027475316
753,na,51.87099002061441,149.20535027475316
754,na,51.87099002061441,29.54632368324855
755,na,51.87099002061441,149.20535027475316
756,na,51.87099002061441,29.126775857730927
757,na,51.87099002061441,50.74426124289324
758,na,51.87099002061441,37.54206004550069
759,na,51.87099002061441,149.20535027475316
760,na,51.87099002061441,149.20535027475316
761,na,51.87099002061441,26.70359673581721
762,na,51.87099002061441,14.015944926203954
763,na,51.87099002061441,64.32115540461152
764,na,51.87099002061441,149.20535027475316
765,e,51.87099002061441,36.85116726836786
766,na,51.87099002061441,149.20535027475316
767,e,51.87099002061441,35.28120631780927
768,na,51.87099002061441,149.20535027475316
769,e,51.87099002061441,149.20535027475316
770,na,51.87099002061441,149.20535027475316
771,na,51.87099002061441,54.13092154586039
772,na,51.87099002061441,40.87070273785373
773,na,51.87099002061441,149.20535027475316
774,e,51.87099002061441,31.909473231719037
775,na,51.87099002061441,50.176726485366395
776,na,51.87099002061441,149.20535027475316
777,na,0,0
778,na,51.87099002061441,149.20535027475316
779,na,51.87099002061441,31.383454795613133
780,na,51.87099002061441,49.652674805395876
781,na,51.87099002061441,149.20535027475316
782,na,51.87099002061441,62.74314772604864
783,na,51.87099002061441,17.133250220963017
784,e,51.87099002061441,149.20535027475316
785,na,51.87099002061441,149.20535027475316
786,na,51.87099002061441,149.20535027475316
787,na,51.87099002061441,100.13940458643295
788,na,51.87099002061441,35.286234842631714
789,na,51.87099002061441,37.87972939566802
790,na,51.87099002061441,51.81574855633805
791,na,51.87099002061441,149.20535027475316
792,na,51.87099002061441,149.20535027475316
793,na,51.87099002061441,149.20535027475316
794,na,51.87099002061441,149.20535027475316
795,na,51.87099002061441,149.20535027475316
796,na,51.87099002061441,51.598078217846876
797,na,51.87099002061441,41.32423084105499
798,na,51.87099002061441,44.39422294476711
799,na,51.87099002061441,21.449425179826253
800,na,51.87099002061441,22.797916521705712
801,na,51.87099002061441,46.69632368032724
802,na,51.87099002061441,62.60878242557164
803,e,51.87099002061441,149.20535027475316
804,e,51.87099002061441,149.20535027475316
805,na,51.87099002061441,149.20535027475316
806,na,51.87099002061441,48.76878147728339
807,e,51.87099002061441,149.20535027475316
808,na,51.87099002061441,45.17440523994118
809,na,51.87099002061441,149.20535027475316
810,e,51.87099002061441,149.20535027475316
811,na,51.87099002061441,149.20535027475316
812,na,15.442858727380472,149.20535027475316
813,na,51.87099002061441,61.116791427905895
814,na,26.87571133318412,29.57090984849897
815,na,51.87099002061441,74.1265664616815
816,na,51.87099002061441,40.77759321853644
817,e,51.87099002061441,149.20535027475316
818,na,51.87099002061441,149.20535027475316
819,na,51.87099002061441,149.20535027475316
820,e,51.87099002061441,67.74839118157655
821,na,51.87099002061441,149.20535027475316
822,na,51.87099002061441,50.555613574138974
823,na,51.87099002061441,140.96494287512607
824,na,8.193084403507989,1.9199272874424222
825,na,51.87099002061441,22.76892537678455
826,na,5.030547023664666,21.647516592240464
827,na,51.87099002061441,52.30587043496596
828,e,51.87099002061441,149.20535027475316
829,e,51.87099002061441,149.20535027475316
830,na,51.87099002061441,45.75044023352959
831,na,51.87099002061441,17.926661384014306
832,e,51.87099002061441,149.20535027475316
833,na,51.87099002061441,51.16853227389588
834,na,51.87099002061441,45.10739491591012
835,e,51.87099002061441,80.30842779130069
836,na,51.87099002061441,45.71319640898453
837,na,51.87099002061441,149.20535027475316
838,na,51.87099002061441,149.20535027475316
839,na,51.87099002061441,23.899935779621085
840,na,51.87099002061441,36.15606609482766
841,e,51.87099002061441,69.68454539341384
842,na,51.87099002061441,29.438600522548693
843,na,51.87099002061441,10.157175976472088
844,na,51.87099002061441,21.81882931397051
845,na,51.87099002061441,96.96415362352441
846,na,51.87099002061441,64.85155713217279
847,na,51.87099002061441,53.59309274513711
848,e,51.87099002061441,149.20535027475316
849,na,51.87099002061441,149.20535027475316
850,na,51.87099002061441,149.20535027475316
851,na,16.025868918029314,149.20535027475316
852,na,51.87099002061441,149.20535027475316
853,na,51.87099002061441,12.974695119923506
854,e,51.87099002061441,149.20535027475316
855,na,51.87099002061441,40.97303397797513
856,na,51.87099002061441,149.20535027475316
857,na,51.87099002061441,149.20535027475316
858,na,51.87099002061441,149.20535027475316
859,e,51.87099002061441,64.55280046044368
860,e,51.87099002061441,40.81709448518301
861,na,51.87099002061441,149.20535027475316
862,e,51.87099002061441,88.10527294960498
863,e,51.87099002061441,149.20535027475316
864,na,51.87099002061441,149.20535027475316
865,na,51.87099002061441,149.20535027475316
866,na,51.87099002061441,149.20535027475316
867,na,51.87099002061441,97.85331767784857
868,na,51.87099002061441,72.69413572320666
869,na,51.87099002061441,149.20535027475316
870,na,51.87099002061441,149.20535027475316
871,e,51.87099002061441,69.4261295954744
872,na,51.87099002061441,149.20535027475316
873,na,51.87099002061441,25.056694005367703
874,na,51.87099002061441,67.62113246333843
875,na,51.87099002061441,149.20535027475316
876,e,51.87099002061441,149.20535027475316
877,na,51.87099002061441,149.20535027475316
878,na,51.87099002061441,19.823131171968864
879,na,51.87099002061441,36.37490092748169
880,na,51.87099002061441,149.20535027475316
881,na,51.87099002061441,149.20535027475316
882,e,51.87099002061441,149.20535027475316
883,na,51.87099002061441,68.66152368174275
884,na,51.87099002061441,28.767717128296866
885,na,51.87099002061441,44.75384513002127
886,na,51.87099002061441,149.20535027475316
887,e,51.87099002061441,41.0372703240385
888,na,51.87099002061441,42.397677380758445
889,na,51.87099002061441,24.90451429984674
890,na,51.87099002061441,149.20535027475316
891,na,51.87099002061441,31.39141857658334
892,e,51.87099002061441,46.35127109366639
893,e,51.87099002061441,48.25739020726832
894,na,51.87099002061441,49.82388008447074
895,na,51.87099002061441,22.130911514633272
896,na,2.6269328021642044,35.61917074102892
897,na,51.87099002061441,149.20535027475316
898,na,51.87099002061441,149.20535027475316
899,na,51.87099002061441,56.77895358309158
900,na,51.87099002061441,10.223720079266261
901,na,51.87099002061441,149.20535027475316
902,na,51.87099002061441,57.08859962325664
903,na,51.87099002061441,149.20535027475316
904,na,51.87099002061441,149.20535027475316
905,na,51.87099002061441,61.90297178018161
906,e,51.87099002061441,149.20535027475316
907,na,51.87099002061441,149.20535027475316
908,na,51.87099002061441,149.20535027475316
909,na,51.87099002061441,34.17044931236974
910,na,51.87099002061441,149.20535027475316
911,na,51.87099002061441,149.20535027475316
912,na,51.87099002061441,54.79710761142651
913,na,0,0
914,na,51.87099002061441,149.20535027475316
915,na,51.87099002061441,37.5042850006355
916,e,51.87099002061441,2.3552777083000764
917,na,51.87099002061441,10.56766039814096
918,na,51.87099002061441,149.20535027475316
919,e,51.87099002061441,53.99671215703941
920,na,51.87099002061441,149.20535027475316
921,na,51.87099002061441,51.006638776152265
922,na,51.87099002061441,78.59838389405759
923,na,51.87099002061441,149.20535027475316
924,na,51.87099002061441,53.9286835329352
925,na,51.87099002061441,42.90066014989504
926,na,51.87099002061441,149.20535027475316
927,e,51.87099002061441,149.20535027475316
928,e,51.87099002061441,56.771523540607134
929,na,51.87099002061441,24.713458875190284
930,na,51.87099002061441,149.20535027475316
931,na,51.87099002061441,50.738120886008254
932,na,51.87099002061441,42.91488150160282
933,e,51.87099002061441,149.20535027475316
934,e,51.87099002061441,54.570638314183526
935,e,51.87099002061441,82.02519887737233
936,na,51.87099002061441,27.100314612278304
937,na,51.87099002061441,14.279245887959133
938,na,51.87099002061441,149.20535027475316
939,na,51.87099002061441,50.600153587709016
940,e,51.87099002061441,42.23824174803378
941,na,51.87099002061441,149.20535027475316
942,e,51.87099002061441,62.83511105391243
943,na,51.87099002061441,72.52315831410765
944,na,51.87099002061441,149.20535027475316
945,na,51.87099002061441,149.20535027475316
946,na,51.87099002061441,45.42783145834392
947,na,51.87099002061441,54.067947444028924
948,na,51.87099002061441,2.7087150993375895
949,na,51.87099002061441,149.20535027475316
950,na,51.87099002061441,149.20535027475316
951,e,51.87099002061441,42.60875676362813
952,na,51.87099002061441,149.20535027475316
953,na,51.87099002061441,149.20535027475316
954,na,51.87099002061441,51.56639943336354
955,na,51.87099002061441,71.33024410926849
956,na,51.87099002061441,33.33703507360802
957,e,51.87099002061441,149.20535027475316
958,na,51.87099002061441,149.20535027475316
959,na,51.87099002061441,149.20535027475316
960,na,51.87099002061441,53.37004758335725
961,na,51.87099002061441,8.709935131105151
962,na,51.87099002061441,55.686414941323974
963,na,51.87099002061441,54.31100133187079
964,na,51.87099002061441,149.20535027475316
965,na,51.87099002061441,72.33957874567729
966,na,51.87099002061441,149.20535027475316
967,na,51.87099002061441,40.64770801860627
968,na,51.87099002061441,149.20535027475316
969,e,51.87099002061441,149.20535027475316
970,e,51.87099002061441,149.20535027475316
971,na,51.87099002061441,149.20535027475316
972,na,51.87099002061441,11.620071897912698
973,na,51.87099002061441,27.699411348276296
974,na,51.87099002061441,149.20535027475316
975,na,51.87099002061441,60.79575269474766
976,na,51.87099002061441,16.501854753973614
977,na,51.87099002061441,149.20535027475316
978,na,51.87099002061441,149.20535027475316
979,na,51.87099002061441,149.20535027475316
980,na,51.87099002061441,31.975891991309688
981,e,51.87099002061441,149.20535027475316
982,na,51.87099002061441,31.84700986413399
983,na,51.87099002061441,58.11207048545764
984,na,51.87099002061441,30.01687644566203
985,na,51.87099002061441,149.20535027475316
986,e,51.87099002061441,149.20535027475316
987,na,51.87099002061441,149.20535027475316
988,na,51.87099002061441,149.20535027475316
989,na,19.60863497559356,149.20535027475316
990,na,51.87099002061441,22.766656628357158
991,na,51.87099002061441,149.20535027475316
992,e,51.87099002061441,49.87388533309917
993,e,51.87099002061441,82.19258739884953
994,na,51.87099002061441,149.20535027475316
995,na,51.87099002061441,64.99938233939619
996,na,51.87099002061441,24.254020026277853
997,na,51.87099002061441,48.68745677895999
998,na,51.87099002061441,37.76847298652679
999,na,51.87099002061441,64.88755577673483
