node, assignment, time2inf_trt, time2death_trt, time2inf_con, time2death_con
0,na,-1,0,-1,0
1,na,303.9437132296126,9.91597278796117,763.839845556018,14.958789204762217
2,na,-1,0,-1,0
3,na,-1,0,-1,0
4,na,303.9437132296126,303.9437132296126,591.1667276250777,594.5605213858179
5,na,303.9437132296126,303.9437132296126,763.839845556018,763.839845556018
6,na,303.9437132296126,303.9437132296126,763.839845556018,763.839845556018
7,na,303.9437132296126,303.9437132296126,763.839845556018,763.839845556018
8,na,303.9437132296126,303.9437132296126,763.839845556018,763.839845556018
9,na,64.97729124489464,73.76382390116413,132.4733140178549,137.5163862448684
10,na,303.9437132296126,303.9437132296126,683.4181767568117,689.0526704813296
11,na,69.26497781613885,80.82312282556519,763.839845556018,763.839845556018
12,na,303.9437132296126,303.9437132296126,763.839845556018,763.839845556018
13,na,303.9437132296126,303.9437132296126,763.839845556018,763.839845556018
14,na,303.9437132296126,303.9437132296126,763.839845556018,763.839845556018
15,na,303.9437132296126,303.9437132296126,763.839845556018,763.839845556018
16,na,303.9437132296126,303.9437132296126,763.839845556018,763.839845556018
17,na,28.819820019367654,48.18399181182568,763.839845556018,763.839845556018
18,na,303.9437132296126,303.9437132296126,763.839845556018,763.839845556018
19,na,303.9437132296126,303.9437132296126,763.839845556018,763.839845556018
20,na,303.9437132296126,303.9437132296126,763.839845556018,763.839845556018
21,na,303.9437132296126,303.9437132296126,763.839845556018,763.839845556018
22,na,303.9437132296126,303.9437132296126,763.839845556018,763.839845556018
23,na,303.9437132296126,303.9437132296126,652.2907439712067,693.0723068972571
24,na,303.9437132296126,303.9437132296126,763.839845556018,763.839845556018
25,na,303.9437132296126,303.9437132296126,763.839845556018,763.839845556018
26,na,303.9437132296126,303.9437132296126,252.35405222525367,257.8591635664002
27,na,303.9437132296126,303.9437132296126,763.839845556018,763.839845556018
28,na,303.9437132296126,303.9437132296126,763.839845556018,763.839845556018
29,na,17.9126627728615,21.16370528411438,763.839845556018,763.839845556018
30,na,303.9437132296126,303.9437132296126,763.839845556018,763.839845556018
31,na,303.9437132296126,303.9437132296126,763.839845556018,763.839845556018
32,na,303.9437132296126,303.9437132296126,763.839845556018,763.839845556018
33,na,303.9437132296126,303.9437132296126,763.839845556018,763.839845556018
34,na,303.9437132296126,303.9437132296126,763.839845556018,763.839845556018
35,na,303.9437132296126,303.9437132296126,763.839845556018,763.839845556018
36,na,303.9437132296126,303.9437132296126,3.1779586744168746,25.154288608154136
37,na,303.9437132296126,303.9437132296126,763.839845556018,763.839845556018
38,na,303.9437132296126,303.9437132296126,763.839845556018,763.839845556018
39,na,303.9437132296126,303.9437132296126,763.839845556018,763.839845556018
40,na,303.9437132296126,303.9437132296126,763.839845556018,763.839845556018
41,na,303.9437132296126,303.9437132296126,451.78944425435697,454.944916533091
42,na,211.69860605674256,228.18641680096962,763.839845556018,763.839845556018
43,na,303.9437132296126,303.9437132296126,763.839845556018,763.839845556018
44,na,303.9437132296126,303.9437132296126,254.87527585492268,272.8142793144903
45,na,303.9437132296126,303.9437132296126,763.839845556018,763.839845556018
46,na,303.9437132296126,303.9437132296126,763.839845556018,763.839845556018
47,na,303.9437132296126,303.9437132296126,763.839845556018,763.839845556018
48,na,303.9437132296126,303.9437132296126,763.839845556018,763.839845556018
49,na,303.9437132296126,303.9437132296126,763.839845556018,763.839845556018
50,na,303.9437132296126,303.9437132296126,763.839845556018,763.839845556018
51,na,303.9437132296126,303.9437132296126,763.839845556018,763.839845556018
52,na,303.9437132296126,303.9437132296126,763.839845556018,763.839845556018
53,na,303.9437132296126,303.9437132296126,763.839845556018,763.839845556018
54,na,303.9437132296126,303.9437132296126,763.839845556018,763.839845556018
55,na,303.9437132296126,303.9437132296126,763.839845556018,763.839845556018
56,na,303.9437132296126,303.9437132296126,763.839845556018,763.839845556018
57,na,303.9437132296126,303.9437132296126,218.02555476488885,224.4278346430441
58,na,303.9437132296126,303.9437132296126,449.50193065147573,454.3665722752087
59,na,303.9437132296126,303.9437132296126,763.839845556018,763.839845556018
60,na,303.9437132296126,303.9437132296126,763.839845556018,763.839845556018
61,na,303.9437132296126,303.9437132296126,763.839845556018,763.839845556018
62,na,303.9437132296126,303.9437132296126,763.839845556018,763.839845556018
63,na,168.1377134428555,173.60141735706765,763.839845556018,763.839845556018
64,na,303.9437132296126,303.9437132296126,472.83476218618415,479.34086100783225
65,na,303.9437132296126,303.9437132296126,763.839845556018,763.839845556018
66,na,303.9437132296126,303.9437132296126,763.839845556018,763.839845556018
67,na,303.9437132296126,303.9437132296126,763.839845556018,763.839845556018
68,na,303.9437132296126,303.9437132296126,763.839845556018,763.839845556018
69,na,303.9437132296126,303.9437132296126,560.4893292025594,571.8684187359213
70,na,303.9437132296126,303.9437132296126,763.839845556018,763.839845556018
71,na,303.9437132296126,303.9437132296126,763.839845556018,763.839845556018
72,na,303.9437132296126,303.9437132296126,763.839845556018,763.839845556018
73,na,59.19603853854118,63.16784816045457,763.839845556018,763.839845556018
74,na,303.9437132296126,303.9437132296126,763.839845556018,763.839845556018
75,na,30.385058953018536,59.64698038650918,763.839845556018,763.839845556018
76,na,303.9437132296126,303.9437132296126,763.839845556018,763.839845556018
77,na,48.631019681076076,54.36022671371616,763.839845556018,763.839845556018
78,na,303.9437132296126,303.9437132296126,763.839845556018,763.839845556018
79,na,303.9437132296126,303.9437132296126,763.839845556018,763.839845556018
80,na,303.9437132296126,303.9437132296126,763.839845556018,763.839845556018
81,na,59.627045511615925,72.68682109166845,763.839845556018,763.839845556018
82,na,303.9437132296126,303.9437132296126,763.839845556018,763.839845556018
83,na,303.9437132296126,303.9437132296126,763.839845556018,763.839845556018
84,na,303.9437132296126,303.9437132296126,763.839845556018,763.839845556018
85,na,303.9437132296126,303.9437132296126,763.839845556018,763.839845556018
86,na,303.9437132296126,303.9437132296126,763.839845556018,763.839845556018
87,na,303.9437132296126,303.9437132296126,763.839845556018,763.839845556018
88,na,303.9437132296126,303.9437132296126,763.839845556018,763.839845556018
89,na,303.9437132296126,303.9437132296126,763.839845556018,763.839845556018
90,na,303.9437132296126,303.9437132296126,763.839845556018,763.839845556018
91,na,303.9437132296126,303.9437132296126,57.38415929773616,60.03630269977569
92,na,303.9437132296126,303.9437132296126,763.839845556018,763.839845556018
93,na,303.9437132296126,303.9437132296126,763.839845556018,763.839845556018
94,na,303.9437132296126,303.9437132296126,763.839845556018,763.839845556018
95,na,303.9437132296126,303.9437132296126,763.839845556018,763.839845556018
96,na,303.9437132296126,303.9437132296126,482.1835772689638,508.3313669558282
97,na,303.9437132296126,303.9437132296126,231.28783042209434,237.81637002498147
98,na,303.9437132296126,303.9437132296126,763.839845556018,763.839845556018
99,na,303.9437132296126,303.9437132296126,763.839845556018,763.839845556018
100,na,303.9437132296126,303.9437132296126,763.839845556018,763.839845556018
101,na,303.9437132296126,303.9437132296126,763.839845556018,763.839845556018
102,na,303.9437132296126,303.9437132296126,763.839845556018,763.839845556018
103,na,303.9437132296126,303.9437132296126,763.839845556018,763.839845556018
104,na,303.9437132296126,303.9437132296126,198.23437212072866,206.85887364026277
105,na,303.9437132296126,303.9437132296126,342.93901911403725,351.84531834979634
106,na,303.9437132296126,303.9437132296126,763.839845556018,763.839845556018
107,na,303.9437132296126,303.9437132296126,763.839845556018,763.839845556018
108,na,21.050795433380287,37.595961266841414,763.839845556018,763.839845556018
109,na,303.9437132296126,303.9437132296126,763.839845556018,763.839845556018
110,na,303.9437132296126,303.9437132296126,763.839845556018,763.839845556018
111,na,303.9437132296126,303.9437132296126,763.839845556018,763.839845556018
112,na,303.9437132296126,303.9437132296126,763.839845556018,763.839845556018
113,na,303.9437132296126,303.9437132296126,244.06720989812868,283.07667485320593
114,na,303.9437132296126,303.9437132296126,763.839845556018,763.839845556018
115,na,303.9437132296126,303.9437132296126,213.3089827248798,217.02920272777257
116,na,123.77195898105585,126.75500618884692,763.839845556018,763.839845556018
117,na,303.9437132296126,303.9437132296126,763.839845556018,763.839845556018
118,na,303.9437132296126,303.9437132296126,763.839845556018,763.839845556018
119,na,303.9437132296126,303.9437132296126,763.839845556018,763.839845556018
120,na,303.9437132296126,303.9437132296126,763.839845556018,763.839845556018
121,na,303.9437132296126,303.9437132296126,712.801688200713,731.5581499081586
122,na,303.9437132296126,303.9437132296126,763.839845556018,763.839845556018
123,na,303.9437132296126,303.9437132296126,763.839845556018,763.839845556018
124,na,303.9437132296126,303.9437132296126,763.839845556018,763.839845556018
125,na,303.9437132296126,303.9437132296126,763.839845556018,763.839845556018
126,na,303.9437132296126,303.9437132296126,763.839845556018,763.839845556018
127,na,303.9437132296126,303.9437132296126,763.839845556018,763.839845556018
128,na,303.9437132296126,303.9437132296126,763.839845556018,763.839845556018
129,na,303.9437132296126,303.9437132296126,763.839845556018,763.839845556018
130,na,18.847002626705937,28.283962311098787,763.839845556018,763.839845556018
131,na,303.9437132296126,303.9437132296126,763.839845556018,763.839845556018
132,na,303.9437132296126,303.9437132296126,763.839845556018,763.839845556018
133,na,303.9437132296126,303.9437132296126,763.839845556018,763.839845556018
134,na,303.9437132296126,303.9437132296126,763.839845556018,763.839845556018
135,na,303.9437132296126,303.9437132296126,763.839845556018,763.839845556018
136,na,303.9437132296126,303.9437132296126,763.839845556018,763.839845556018
137,na,303.9437132296126,303.9437132296126,763.839845556018,763.839845556018
138,na,303.9437132296126,303.9437132296126,763.839845556018,763.839845556018
139,na,303.9437132296126,303.9437132296126,763.839845556018,763.839845556018
140,na,303.9437132296126,303.9437132296126,763.839845556018,763.839845556018
141,na,303.9437132296126,303.9437132296126,763.839845556018,763.839845556018
142,na,303.9437132296126,303.9437132296126,763.839845556018,763.839845556018
143,na,303.9437132296126,303.9437132296126,485.31271433206354,492.1449620015958
144,na,303.9437132296126,303.9437132296126,763.839845556018,763.839845556018
145,na,303.9437132296126,303.9437132296126,651.099290193428,671.4349851411461
146,na,303.9437132296126,303.9437132296126,763.839845556018,763.839845556018
147,na,303.9437132296126,303.9437132296126,763.839845556018,763.839845556018
148,na,303.9437132296126,303.9437132296126,763.839845556018,763.839845556018
149,na,303.9437132296126,303.9437132296126,763.839845556018,763.839845556018
150,na,303.9437132296126,303.9437132296126,763.839845556018,763.839845556018
151,na,303.9437132296126,303.9437132296126,763.839845556018,763.839845556018
152,na,133.5059674414399,147.18192790936146,487.7574156618299,497.46404281024786
153,na,303.9437132296126,303.9437132296126,763.839845556018,763.839845556018
154,na,303.9437132296126,303.9437132296126,763.839845556018,763.839845556018
155,na,303.9437132296126,303.9437132296126,763.839845556018,763.839845556018
156,na,303.9437132296126,303.9437132296126,763.839845556018,763.839845556018
157,na,303.9437132296126,303.9437132296126,763.839845556018,763.839845556018
158,na,303.9437132296126,303.9437132296126,466.6322361838111,469.6403305320194
159,na,303.9437132296126,303.9437132296126,763.839845556018,763.839845556018
160,na,303.9437132296126,303.9437132296126,763.839845556018,763.839845556018
161,na,303.9437132296126,303.9437132296126,763.839845556018,763.839845556018
162,na,303.9437132296126,303.9437132296126,763.839845556018,763.839845556018
163,na,303.9437132296126,303.9437132296126,763.839845556018,763.839845556018
164,na,303.9437132296126,303.9437132296126,763.839845556018,763.839845556018
165,na,303.9437132296126,303.9437132296126,763.839845556018,763.839845556018
166,na,303.9437132296126,303.9437132296126,763.839845556018,763.839845556018
167,na,303.9437132296126,303.9437132296126,763.839845556018,763.839845556018
168,na,303.9437132296126,303.9437132296126,763.839845556018,763.839845556018
169,na,303.9437132296126,303.9437132296126,763.839845556018,763.839845556018
170,na,15.624964895726695,18.8860058850033,763.839845556018,763.839845556018
171,na,303.9437132296126,303.9437132296126,763.839845556018,763.839845556018
172,na,138.37317347006578,166.65638051726046,763.839845556018,763.839845556018
173,na,303.9437132296126,303.9437132296126,763.839845556018,763.839845556018
174,na,303.9437132296126,303.9437132296126,763.839845556018,763.839845556018
175,na,303.9437132296126,303.9437132296126,763.839845556018,763.839845556018
176,na,303.9437132296126,303.9437132296126,763.839845556018,763.839845556018
177,na,303.9437132296126,303.9437132296126,763.839845556018,763.839845556018
178,na,303.9437132296126,303.9437132296126,763.839845556018,763.839845556018
179,na,303.9437132296126,303.9437132296126,763.839845556018,763.839845556018
180,na,303.9437132296126,303.9437132296126,763.839845556018,763.839845556018
181,na,303.9437132296126,303.9437132296126,763.839845556018,763.839845556018
182,na,303.9437132296126,303.9437132296126,763.839845556018,763.839845556018
183,na,303.9437132296126,303.9437132296126,763.839845556018,763.839845556018
184,na,303.9437132296126,303.9437132296126,763.839845556018,763.839845556018
185,na,303.9437132296126,303.9437132296126,763.839845556018,763.839845556018
186,na,303.9437132296126,303.9437132296126,555.2759186594263,561.8242146982087
187,na,303.9437132296126,303.9437132296126,763.839845556018,763.839845556018
188,na,303.9437132296126,303.9437132296126,763.839845556018,763.839845556018
189,na,303.9437132296126,303.9437132296126,763.839845556018,763.839845556018
190,na,303.9437132296126,303.9437132296126,763.839845556018,763.839845556018
191,na,303.9437132296126,303.9437132296126,763.839845556018,763.839845556018
192,na,303.9437132296126,303.9437132296126,763.839845556018,763.839845556018
193,na,303.9437132296126,303.9437132296126,547.5247999578193,557.9437511534439
194,na,303.9437132296126,303.9437132296126,497.08823185811826,507.6593579673865
195,na,303.9437132296126,303.9437132296126,763.839845556018,763.839845556018
196,na,303.9437132296126,303.9437132296126,763.839845556018,763.839845556018
197,na,303.9437132296126,303.9437132296126,763.839845556018,763.839845556018
198,na,303.9437132296126,303.9437132296126,763.839845556018,763.839845556018
199,na,303.9437132296126,303.9437132296126,763.839845556018,763.839845556018
200,na,303.9437132296126,303.9437132296126,763.839845556018,763.839845556018
201,na,303.9437132296126,303.9437132296126,763.839845556018,763.839845556018
202,na,303.9437132296126,303.9437132296126,763.839845556018,763.839845556018
203,na,303.9437132296126,303.9437132296126,763.839845556018,763.839845556018
204,na,49.98222216564688,55.6687220992038,763.839845556018,763.839845556018
205,na,303.9437132296126,303.9437132296126,763.839845556018,763.839845556018
206,na,303.9437132296126,303.9437132296126,763.839845556018,763.839845556018
207,na,303.9437132296126,303.9437132296126,763.839845556018,763.839845556018
208,na,303.9437132296126,303.9437132296126,763.839845556018,763.839845556018
209,na,303.9437132296126,303.9437132296126,763.839845556018,763.839845556018
210,na,303.9437132296126,303.9437132296126,763.839845556018,763.839845556018
211,na,303.9437132296126,303.9437132296126,763.839845556018,763.839845556018
212,na,8.596833110575522,15.159292973495546,763.839845556018,763.839845556018
213,na,303.9437132296126,303.9437132296126,763.839845556018,763.839845556018
214,na,303.9437132296126,303.9437132296126,763.839845556018,763.839845556018
215,na,303.9437132296126,303.9437132296126,763.839845556018,763.839845556018
216,na,303.9437132296126,303.9437132296126,763.839845556018,763.839845556018
217,na,303.9437132296126,303.9437132296126,763.839845556018,763.839845556018
218,na,303.9437132296126,303.9437132296126,763.839845556018,763.839845556018
219,na,303.9437132296126,303.9437132296126,763.839845556018,763.839845556018
220,na,303.9437132296126,303.9437132296126,763.839845556018,763.839845556018
221,na,303.9437132296126,303.9437132296126,763.839845556018,763.839845556018
222,na,55.51340607325805,73.66235441304829,763.839845556018,763.839845556018
223,na,303.9437132296126,303.9437132296126,763.839845556018,763.839845556018
224,na,303.9437132296126,303.9437132296126,763.839845556018,763.839845556018
225,na,303.9437132296126,303.9437132296126,763.839845556018,763.839845556018
226,na,303.9437132296126,303.9437132296126,226.32850242488013,236.44647747272657
227,na,303.9437132296126,303.9437132296126,763.839845556018,763.839845556018
228,na,303.9437132296126,303.9437132296126,763.839845556018,763.839845556018
229,na,6.469010442039646,11.767211872866083,763.839845556018,763.839845556018
230,na,303.9437132296126,303.9437132296126,763.839845556018,763.839845556018
231,na,303.9437132296126,303.9437132296126,714.4901834562421,733.9116992613986
232,na,303.9437132296126,303.9437132296126,763.839845556018,763.839845556018
233,na,303.9437132296126,303.9437132296126,574.5444035984606,586.9043185954321
234,na,303.9437132296126,303.9437132296126,763.839845556018,763.839845556018
235,na,303.9437132296126,303.9437132296126,763.839845556018,763.839845556018
236,na,303.9437132296126,303.9437132296126,763.839845556018,763.839845556018
237,na,4.922303312451433,17.187411558647387,763.839845556018,763.839845556018
238,na,303.9437132296126,303.9437132296126,763.839845556018,763.839845556018
239,na,303.9437132296126,303.9437132296126,763.839845556018,763.839845556018
240,na,303.9437132296126,303.9437132296126,763.839845556018,763.839845556018
241,na,303.9437132296126,303.9437132296126,170.4829714717341,174.04128166884564
242,na,303.9437132296126,303.9437132296126,763.839845556018,763.839845556018
243,na,303.9437132296126,303.9437132296126,763.839845556018,763.839845556018
244,na,303.9437132296126,303.9437132296126,763.839845556018,763.839845556018
245,na,303.9437132296126,303.9437132296126,763.839845556018,763.839845556018
246,na,103.21572078666689,117.90845607596482,763.839845556018,763.839845556018
247,na,303.9437132296126,303.9437132296126,763.839845556018,763.839845556018
248,na,303.9437132296126,303.9437132296126,763.839845556018,763.839845556018
249,na,303.9437132296126,303.9437132296126,763.839845556018,763.839845556018
250,na,303.9437132296126,303.9437132296126,763.839845556018,763.839845556018
251,na,303.9437132296126,303.9437132296126,763.839845556018,763.839845556018
252,na,303.9437132296126,303.9437132296126,763.839845556018,763.839845556018
253,na,303.9437132296126,303.9437132296126,763.839845556018,763.839845556018
254,na,303.9437132296126,303.9437132296126,763.839845556018,763.839845556018
255,na,303.9437132296126,303.9437132296126,763.839845556018,763.839845556018
256,na,303.9437132296126,303.9437132296126,763.839845556018,763.839845556018
257,na,303.9437132296126,303.9437132296126,468.09326900706355,469.9866575497381
258,na,303.9437132296126,303.9437132296126,449.02069659745746,469.5611805083984
259,na,303.9437132296126,303.9437132296126,763.839845556018,763.839845556018
260,na,303.9437132296126,303.9437132296126,593.1737410486938,603.0157126414742
261,na,303.9437132296126,303.9437132296126,763.839845556018,763.839845556018
262,na,303.9437132296126,303.9437132296126,229.5483265364162,238.82461325526415
263,na,303.9437132296126,303.9437132296126,763.839845556018,763.839845556018
264,na,303.9437132296126,303.9437132296126,763.839845556018,763.839845556018
265,na,303.9437132296126,303.9437132296126,763.839845556018,763.839845556018
266,na,303.9437132296126,303.9437132296126,763.839845556018,763.839845556018
267,na,303.9437132296126,303.9437132296126,54.13519969110138,71.81353290501947
268,na,303.9437132296126,303.9437132296126,763.839845556018,763.839845556018
269,na,303.9437132296126,303.9437132296126,763.839845556018,763.839845556018
270,na,303.9437132296126,303.9437132296126,763.839845556018,763.839845556018
271,na,303.9437132296126,303.9437132296126,12.433259713922357,33.22263413215633
272,na,303.9437132296126,303.9437132296126,763.839845556018,763.839845556018
273,na,303.9437132296126,303.9437132296126,763.839845556018,763.839845556018
274,na,303.9437132296126,303.9437132296126,31.48758493688436,39.808526711385234
275,na,303.9437132296126,303.9437132296126,763.839845556018,763.839845556018
276,na,303.9437132296126,303.9437132296126,763.839845556018,763.839845556018
277,na,303.9437132296126,303.9437132296126,478.0697319591713,512.6307650383751
278,na,303.9437132296126,303.9437132296126,763.839845556018,763.839845556018
279,na,303.9437132296126,303.9437132296126,223.2254482546691,229.18893707522432
280,na,303.9437132296126,303.9437132296126,763.839845556018,763.839845556018
281,na,303.9437132296126,303.9437132296126,763.839845556018,763.839845556018
282,na,303.9437132296126,303.9437132296126,763.839845556018,763.839845556018
283,na,303.9437132296126,303.9437132296126,763.839845556018,763.839845556018
284,na,303.9437132296126,303.9437132296126,763.839845556018,763.839845556018
285,na,303.9437132296126,303.9437132296126,763.839845556018,763.839845556018
286,na,303.9437132296126,303.9437132296126,256.3763997355405,272.99313712062576
287,na,303.9437132296126,303.9437132296126,196.99312910278522,198.40562076653623
288,na,303.9437132296126,303.9437132296126,763.839845556018,763.839845556018
289,na,303.9437132296126,303.9437132296126,763.839845556018,763.839845556018
290,na,303.9437132296126,303.9437132296126,341.2293401918551,349.20097868432237
291,na,303.9437132296126,303.9437132296126,763.839845556018,763.839845556018
292,na,303.9437132296126,303.9437132296126,763.839845556018,763.839845556018
293,na,303.9437132296126,303.9437132296126,763.839845556018,763.839845556018
294,na,60.50058750760589,75.66508602363214,145.9881999112687,184.03608305640074
295,na,303.9437132296126,303.9437132296126,267.04983923702105,293.20569404823743
296,na,303.9437132296126,303.9437132296126,763.839845556018,763.839845556018
297,na,303.9437132296126,303.9437132296126,763.839845556018,763.839845556018
298,na,303.9437132296126,303.9437132296126,435.5909697922378,444.03542722492887
299,na,303.9437132296126,303.9437132296126,523.8008697346817,548.1246111201149
300,na,55.347947036343854,70.85351608901378,36.863094984913516,65.31268455671632
301,na,303.9437132296126,303.9437132296126,763.839845556018,763.839845556018
302,na,303.9437132296126,303.9437132296126,763.839845556018,763.839845556018
303,na,303.9437132296126,303.9437132296126,763.839845556018,763.839845556018
304,na,303.9437132296126,303.9437132296126,763.839845556018,763.839845556018
305,na,303.9437132296126,303.9437132296126,763.839845556018,763.839845556018
306,na,49.02987566797441,71.07183512661165,763.839845556018,763.839845556018
307,na,303.9437132296126,303.9437132296126,763.839845556018,763.839845556018
308,na,303.9437132296126,303.9437132296126,763.839845556018,763.839845556018
309,na,303.9437132296126,303.9437132296126,763.839845556018,763.839845556018
310,na,303.9437132296126,303.9437132296126,14.381066733226506,38.94612820934361
311,na,303.9437132296126,303.9437132296126,763.839845556018,763.839845556018
312,na,303.9437132296126,303.9437132296126,763.839845556018,763.839845556018
313,na,303.9437132296126,303.9437132296126,763.839845556018,763.839845556018
314,na,303.9437132296126,303.9437132296126,763.839845556018,763.839845556018
315,na,303.9437132296126,303.9437132296126,763.839845556018,763.839845556018
316,na,303.9437132296126,303.9437132296126,763.839845556018,763.839845556018
317,na,303.9437132296126,303.9437132296126,763.839845556018,763.839845556018
318,na,38.93481073766188,51.016813349048796,763.839845556018,763.839845556018
319,na,303.9437132296126,303.9437132296126,763.839845556018,763.839845556018
320,na,303.9437132296126,303.9437132296126,763.839845556018,763.839845556018
321,na,158.23764730365804,175.89734758586633,763.839845556018,763.839845556018
322,na,303.9437132296126,303.9437132296126,227.06721261231718,234.5760754474857
323,na,303.9437132296126,303.9437132296126,763.839845556018,763.839845556018
324,na,303.9437132296126,303.9437132296126,528.950247509316,533.673066714246
325,na,303.9437132296126,303.9437132296126,763.839845556018,763.839845556018
326,na,303.9437132296126,303.9437132296126,763.839845556018,763.839845556018
327,na,303.9437132296126,303.9437132296126,763.839845556018,763.839845556018
328,na,303.9437132296126,303.9437132296126,763.839845556018,763.839845556018
329,na,303.9437132296126,303.9437132296126,575.1777578011785,594.4045171396576
330,na,303.9437132296126,303.9437132296126,763.839845556018,763.839845556018
331,na,303.9437132296126,303.9437132296126,763.839845556018,763.839845556018
332,na,303.9437132296126,303.9437132296126,763.839845556018,763.839845556018
333,na,23.533103021075082,47.54098207123907,763.839845556018,763.839845556018
334,na,303.9437132296126,303.9437132296126,763.839845556018,763.839845556018
335,na,303.9437132296126,303.9437132296126,763.839845556018,763.839845556018
336,na,303.9437132296126,303.9437132296126,763.839845556018,763.839845556018
337,na,303.9437132296126,303.9437132296126,763.839845556018,763.839845556018
338,na,303.9437132296126,303.9437132296126,763.839845556018,763.839845556018
339,na,303.9437132296126,303.9437132296126,763.839845556018,763.839845556018
340,na,303.9437132296126,303.9437132296126,763.839845556018,763.839845556018
341,na,303.9437132296126,303.9437132296126,763.839845556018,763.839845556018
342,na,303.9437132296126,303.9437132296126,316.25054764144414,320.1426817154207
343,na,303.9437132296126,303.9437132296126,763.839845556018,763.839845556018
344,na,303.9437132296126,303.9437132296126,763.839845556018,763.839845556018
345,na,303.9437132296126,303.9437132296126,763.839845556018,763.839845556018
346,na,49.45191799104652,67.35052553881945,763.839845556018,763.839845556018
347,na,303.9437132296126,303.9437132296126,763.839845556018,763.839845556018
348,na,303.9437132296126,303.9437132296126,763.839845556018,763.839845556018
349,na,303.9437132296126,303.9437132296126,763.839845556018,763.839845556018
350,na,303.9437132296126,303.9437132296126,621.9170327589388,625.086138936847
351,na,303.9437132296126,303.9437132296126,763.839845556018,763.839845556018
352,na,303.9437132296126,303.9437132296126,763.839845556018,763.839845556018
353,na,303.9437132296126,303.9437132296126,763.839845556018,763.839845556018
354,na,303.9437132296126,303.9437132296126,220.24978284512446,224.27255438136535
355,na,303.9437132296126,303.9437132296126,763.839845556018,763.839845556018
356,na,303.9437132296126,303.9437132296126,763.839845556018,763.839845556018
357,na,303.9437132296126,303.9437132296126,453.47993700189136,455.6132652077086
358,na,303.9437132296126,303.9437132296126,528.3406834933124,534.4160266714842
359,na,303.9437132296126,303.9437132296126,763.839845556018,763.839845556018
360,na,303.9437132296126,303.9437132296126,763.839845556018,763.839845556018
361,na,303.9437132296126,303.9437132296126,763.839845556018,763.839845556018
362,na,303.9437132296126,303.9437132296126,523.3036819481172,536.7633238455709
363,na,303.9437132296126,303.9437132296126,763.839845556018,763.839845556018
364,na,303.9437132296126,303.9437132296126,763.839845556018,763.839845556018
365,na,303.9437132296126,303.9437132296126,763.839845556018,763.839845556018
366,na,303.9437132296126,303.9437132296126,468.2815196907697,470.5460968077296
367,na,303.9437132296126,303.9437132296126,763.839845556018,763.839845556018
368,na,303.9437132296126,303.9437132296126,25.39859754744728,48.39598349589958
369,na,303.9437132296126,303.9437132296126,763.839845556018,763.839845556018
370,na,303.9437132296126,303.9437132296126,763.839845556018,763.839845556018
371,na,303.9437132296126,303.9437132296126,763.839845556018,763.839845556018
372,na,303.9437132296126,303.9437132296126,763.839845556018,763.839845556018
373,na,75.54755729237772,79.04014035770693,763.839845556018,763.839845556018
374,na,303.9437132296126,303.9437132296126,763.839845556018,763.839845556018
375,na,303.9437132296126,303.9437132296126,763.839845556018,763.839845556018
376,na,303.9437132296126,303.9437132296126,763.839845556018,763.839845556018
377,na,303.9437132296126,303.9437132296126,763.839845556018,763.839845556018
378,na,303.9437132296126,303.9437132296126,763.839845556018,763.839845556018
379,na,303.9437132296126,303.9437132296126,763.839845556018,763.839845556018
380,na,303.9437132296126,303.9437132296126,555.3576977399873,571.2994802092062
381,na,303.9437132296126,303.9437132296126,763.839845556018,763.839845556018
382,na,303.9437132296126,303.9437132296126,148.31335871461874,158.619444598866
383,na,303.9437132296126,303.9437132296126,763.839845556018,763.839845556018
384,na,73.11435893291913,102.26548514909163,763.839845556018,763.839845556018
385,na,303.9437132296126,303.9437132296126,36.331313396619144,44.80402939313054
386,na,303.9437132296126,303.9437132296126,763.839845556018,763.839845556018
387,na,303.9437132296126,303.9437132296126,763.839845556018,763.839845556018
388,na,303.9437132296126,303.9437132296126,763.839845556018,763.839845556018
389,na,303.9437132296126,303.9437132296126,763.839845556018,763.839845556018
390,na,303.9437132296126,303.9437132296126,763.839845556018,763.839845556018
391,na,303.9437132296126,303.9437132296126,763.839845556018,763.839845556018
392,na,303.9437132296126,303.9437132296126,763.839845556018,763.839845556018
393,na,303.9437132296126,303.9437132296126,763.839845556018,763.839845556018
394,na,303.9437132296126,303.9437132296126,224.45139713113815,238.35887612569576
395,na,303.9437132296126,303.9437132296126,763.839845556018,763.839845556018
396,na,303.9437132296126,303.9437132296126,763.839845556018,763.839845556018
397,na,303.9437132296126,303.9437132296126,763.839845556018,763.839845556018
398,na,303.9437132296126,303.9437132296126,533.269828533643,542.8450481898192
399,na,303.9437132296126,303.9437132296126,763.839845556018,763.839845556018
400,na,303.9437132296126,303.9437132296126,219.23845538014388,231.65273348403753
401,na,303.9437132296126,303.9437132296126,763.839845556018,763.839845556018
402,na,303.9437132296126,303.9437132296126,763.839845556018,763.839845556018
403,na,303.9437132296126,303.9437132296126,763.839845556018,763.839845556018
404,na,303.9437132296126,303.9437132296126,763.839845556018,763.839845556018
405,na,303.9437132296126,303.9437132296126,763.839845556018,763.839845556018
406,na,303.9437132296126,303.9437132296126,763.839845556018,763.839845556018
407,na,303.9437132296126,303.9437132296126,763.839845556018,763.839845556018
408,na,303.9437132296126,303.9437132296126,763.839845556018,763.839845556018
409,na,303.9437132296126,303.9437132296126,763.839845556018,763.839845556018
410,na,303.9437132296126,303.9437132296126,763.839845556018,763.839845556018
411,na,303.9437132296126,303.9437132296126,763.839845556018,763.839845556018
412,na,303.9437132296126,303.9437132296126,763.839845556018,763.839845556018
413,na,303.9437132296126,303.9437132296126,763.839845556018,763.839845556018
414,na,303.9437132296126,303.9437132296126,763.839845556018,763.839845556018
415,na,303.9437132296126,303.9437132296126,763.839845556018,763.839845556018
416,na,303.9437132296126,303.9437132296126,763.839845556018,763.839845556018
417,na,303.9437132296126,303.9437132296126,763.839845556018,763.839845556018
418,na,303.9437132296126,303.9437132296126,255.62985720569174,271.8691783150225
419,na,303.9437132296126,303.9437132296126,763.839845556018,763.839845556018
420,na,303.9437132296126,303.9437132296126,763.839845556018,763.839845556018
421,na,303.9437132296126,303.9437132296126,763.839845556018,763.839845556018
422,na,303.9437132296126,303.9437132296126,763.839845556018,763.839845556018
423,na,303.9437132296126,303.9437132296126,763.839845556018,763.839845556018
424,na,303.9437132296126,303.9437132296126,763.839845556018,763.839845556018
425,na,303.9437132296126,303.9437132296126,763.839845556018,763.839845556018
426,na,303.9437132296126,303.9437132296126,763.839845556018,763.839845556018
427,na,179.18805441462823,201.96075117168456,763.839845556018,763.839845556018
428,na,18.515253424390146,31.633380708821857,221.57414180933696,226.04231627317597
429,na,303.9437132296126,303.9437132296126,763.839845556018,763.839845556018
430,na,303.9437132296126,303.9437132296126,763.839845556018,763.839845556018
431,na,303.9437132296126,303.9437132296126,763.839845556018,763.839845556018
432,na,303.9437132296126,303.9437132296126,17.34699527991213,38.63729185329605
433,na,303.9437132296126,303.9437132296126,763.839845556018,763.839845556018
434,na,303.9437132296126,303.9437132296126,763.839845556018,763.839845556018
435,na,303.9437132296126,303.9437132296126,763.839845556018,763.839845556018
436,na,303.9437132296126,303.9437132296126,763.839845556018,763.839845556018
437,na,303.9437132296126,303.9437132296126,763.839845556018,763.839845556018
438,na,303.9437132296126,303.9437132296126,71.79147084356488,89.3723726084834
439,na,49.59366147745137,74.41295360550552,11.10878024979367,19.897154535955963
440,na,303.9437132296126,303.9437132296126,763.839845556018,763.839845556018
441,na,303.9437132296126,303.9437132296126,763.839845556018,763.839845556018
442,na,303.9437132296126,303.9437132296126,763.839845556018,763.839845556018
443,na,303.9437132296126,303.9437132296126,763.839845556018,763.839845556018
444,na,303.9437132296126,303.9437132296126,763.839845556018,763.839845556018
445,na,303.9437132296126,303.9437132296126,763.839845556018,763.839845556018
446,na,303.9437132296126,303.9437132296126,763.839845556018,763.839845556018
447,na,303.9437132296126,303.9437132296126,28.107141787045578,39.69353083170699
448,na,222.82892988285585,228.44518328131034,763.839845556018,763.839845556018
449,na,303.9437132296126,303.9437132296126,763.839845556018,763.839845556018
450,na,303.9437132296126,303.9437132296126,763.839845556018,763.839845556018
451,na,303.9437132296126,303.9437132296126,763.839845556018,763.839845556018
452,na,303.9437132296126,303.9437132296126,272.2348443454276,273.87873247873694
453,na,303.9437132296126,303.9437132296126,763.839845556018,763.839845556018
454,na,303.9437132296126,303.9437132296126,196.92433361686568,201.4967656735514
455,na,303.9437132296126,303.9437132296126,763.839845556018,763.839845556018
456,na,303.9437132296126,303.9437132296126,763.839845556018,763.839845556018
457,na,303.9437132296126,303.9437132296126,763.839845556018,763.839845556018
458,na,303.9437132296126,303.9437132296126,763.839845556018,763.839845556018
459,na,303.9437132296126,303.9437132296126,763.839845556018,763.839845556018
460,na,303.9437132296126,303.9437132296126,763.839845556018,763.839845556018
461,na,68.72813304614965,86.92428929630876,493.72682004951304,502.22261512987524
462,na,303.9437132296126,303.9437132296126,763.839845556018,763.839845556018
463,na,303.9437132296126,303.9437132296126,763.839845556018,763.839845556018
464,na,303.9437132296126,303.9437132296126,763.839845556018,763.839845556018
465,na,303.9437132296126,303.9437132296126,763.839845556018,763.839845556018
466,na,303.9437132296126,303.9437132296126,578.3990432538227,597.3684204640515
467,na,303.9437132296126,303.9437132296126,763.839845556018,763.839845556018
468,na,303.9437132296126,303.9437132296126,763.839845556018,763.839845556018
469,na,303.9437132296126,303.9437132296126,763.839845556018,763.839845556018
470,na,303.9437132296126,303.9437132296126,763.839845556018,763.839845556018
471,na,303.9437132296126,303.9437132296126,763.839845556018,763.839845556018
472,na,303.9437132296126,303.9437132296126,763.839845556018,763.839845556018
473,na,303.9437132296126,303.9437132296126,763.839845556018,763.839845556018
474,na,33.370697462215645,76.41260231407097,763.839845556018,763.839845556018
475,na,303.9437132296126,303.9437132296126,763.839845556018,763.839845556018
476,na,303.9437132296126,303.9437132296126,763.839845556018,763.839845556018
477,na,303.9437132296126,303.9437132296126,75.82637286533692,109.42482019186136
478,na,303.9437132296126,303.9437132296126,763.839845556018,763.839845556018
479,na,303.9437132296126,303.9437132296126,10.573998674070157,19.45633544245141
480,na,303.9437132296126,303.9437132296126,763.839845556018,763.839845556018
481,na,45.854257876459414,65.43079879051558,763.839845556018,763.839845556018
482,na,303.9437132296126,303.9437132296126,763.839845556018,763.839845556018
483,na,303.9437132296126,303.9437132296126,33.349507011096605,41.01783036662658
484,na,303.9437132296126,303.9437132296126,763.839845556018,763.839845556018
485,na,303.9437132296126,303.9437132296126,763.839845556018,763.839845556018
486,na,303.9437132296126,303.9437132296126,763.839845556018,763.839845556018
487,na,303.9437132296126,303.9437132296126,763.839845556018,763.839845556018
488,na,303.9437132296126,303.9437132296126,114.86495582548062,122.70574770473117
489,na,303.9437132296126,303.9437132296126,763.839845556018,763.839845556018
490,na,303.9437132296126,303.9437132296126,763.839845556018,763.839845556018
491,na,75.12696284742218,95.90293658376942,763.839845556018,763.839845556018
492,na,303.9437132296126,303.9437132296126,763.839845556018,763.839845556018
493,na,303.9437132296126,303.9437132296126,763.839845556018,763.839845556018
494,na,303.9437132296126,303.9437132296126,315.5779541551415,333.2427841679044
495,na,303.9437132296126,303.9437132296126,265.1794141222463,281.03843685501425
496,na,69.67081373102975,76.1993116471337,763.839845556018,763.839845556018
497,na,303.9437132296126,303.9437132296126,763.839845556018,763.839845556018
498,na,303.9437132296126,303.9437132296126,763.839845556018,763.839845556018
499,na,43.86581749617099,55.72055690802762,763.839845556018,763.839845556018
500,na,303.9437132296126,303.9437132296126,763.839845556018,763.839845556018
501,na,303.9437132296126,303.9437132296126,763.839845556018,763.839845556018
502,na,303.9437132296126,303.9437132296126,763.839845556018,763.839845556018
503,na,303.9437132296126,303.9437132296126,763.839845556018,763.839845556018
504,na,303.9437132296126,303.9437132296126,763.839845556018,763.839845556018
505,na,303.9437132296126,303.9437132296126,763.839845556018,763.839845556018
506,na,303.9437132296126,303.9437132296126,763.839845556018,763.839845556018
507,na,303.9437132296126,303.9437132296126,692.549727487724,703.528929194381
508,na,303.9437132296126,303.9437132296126,763.839845556018,763.839845556018
509,na,303.9437132296126,303.9437132296126,461.48505672200844,472.1283264785545
510,na,303.9437132296126,303.9437132296126,763.839845556018,763.839845556018
511,na,303.9437132296126,303.9437132296126,763.839845556018,763.839845556018
512,na,303.9437132296126,303.9437132296126,763.839845556018,763.839845556018
513,na,303.9437132296126,303.9437132296126,763.839845556018,763.839845556018
514,na,303.9437132296126,303.9437132296126,763.839845556018,763.839845556018
515,na,303.9437132296126,303.9437132296126,763.839845556018,763.839845556018
516,na,303.9437132296126,303.9437132296126,763.839845556018,763.839845556018
517,na,303.9437132296126,303.9437132296126,763.839845556018,763.839845556018
518,na,303.9437132296126,303.9437132296126,763.839845556018,763.839845556018
519,na,65.83499012769008,68.83269451409795,763.839845556018,763.839845556018
520,na,303.9437132296126,303.9437132296126,763.839845556018,763.839845556018
521,na,303.9437132296126,303.9437132296126,24.596313136752645,61.43803532396591
522,na,303.9437132296126,303.9437132296126,763.839845556018,763.839845556018
523,na,303.9437132296126,303.9437132296126,22.0595619741536,23.233605092002684
524,na,303.9437132296126,303.9437132296126,763.839845556018,763.839845556018
525,na,303.9437132296126,303.9437132296126,763.839845556018,763.839845556018
526,na,303.9437132296126,303.9437132296126,763.839845556018,763.839845556018
527,na,303.9437132296126,303.9437132296126,763.839845556018,763.839845556018
528,na,303.9437132296126,303.9437132296126,763.839845556018,763.839845556018
529,na,303.9437132296126,303.9437132296126,763.839845556018,763.839845556018
530,na,303.9437132296126,303.9437132296126,763.839845556018,763.839845556018
531,na,32.96482742576098,54.28514903186779,763.839845556018,763.839845556018
532,na,303.9437132296126,303.9437132296126,64.8950146628198,70.38963508304595
533,na,303.9437132296126,303.9437132296126,763.839845556018,763.839845556018
534,na,303.9437132296126,303.9437132296126,763.839845556018,763.839845556018
535,na,303.9437132296126,303.9437132296126,763.839845556018,763.839845556018
536,na,303.9437132296126,303.9437132296126,48.091081099193936,61.40837485604646
537,na,303.9437132296126,303.9437132296126,763.839845556018,763.839845556018
538,na,147.8852113641339,157.74674825824127,763.839845556018,763.839845556018
539,na,303.9437132296126,303.9437132296126,583.729477140554,587.4269360253736
540,na,303.9437132296126,303.9437132296126,763.839845556018,763.839845556018
541,na,303.9437132296126,303.9437132296126,763.839845556018,763.839845556018
542,na,303.9437132296126,303.9437132296126,763.839845556018,763.839845556018
543,na,303.9437132296126,303.9437132296126,763.839845556018,763.839845556018
544,na,303.9437132296126,303.9437132296126,763.839845556018,763.839845556018
545,na,303.9437132296126,303.9437132296126,763.839845556018,763.839845556018
546,na,303.9437132296126,303.9437132296126,763.839845556018,763.839845556018
547,na,303.9437132296126,303.9437132296126,763.839845556018,763.839845556018
548,na,303.9437132296126,303.9437132296126,763.839845556018,763.839845556018
549,na,303.9437132296126,303.9437132296126,763.839845556018,763.839845556018
550,na,303.9437132296126,303.9437132296126,763.839845556018,763.839845556018
551,na,303.9437132296126,303.9437132296126,763.839845556018,763.839845556018
552,na,303.9437132296126,303.9437132296126,763.839845556018,763.839845556018
553,na,303.9437132296126,303.9437132296126,763.839845556018,763.839845556018
554,na,303.9437132296126,303.9437132296126,763.839845556018,763.839845556018
555,na,303.9437132296126,303.9437132296126,763.839845556018,763.839845556018
556,na,139.50447731195803,164.91210383420423,763.839845556018,763.839845556018
557,na,303.9437132296126,303.9437132296126,33.706133767422926,56.41683770284643
558,na,303.9437132296126,303.9437132296126,763.839845556018,763.839845556018
559,na,303.9437132296126,303.9437132296126,66.04536674423395,67.7230638391052
560,na,303.9437132296126,303.9437132296126,194.1142893139825,216.03273346369383
561,na,303.9437132296126,303.9437132296126,763.839845556018,763.839845556018
562,na,303.9437132296126,303.9437132296126,763.839845556018,763.839845556018
563,na,303.9437132296126,303.9437132296126,763.839845556018,763.839845556018
564,na,303.9437132296126,303.9437132296126,763.839845556018,763.839845556018
565,na,303.9437132296126,303.9437132296126,763.839845556018,763.839845556018
566,na,303.9437132296126,303.9437132296126,763.839845556018,763.839845556018
567,na,303.9437132296126,303.9437132296126,763.839845556018,763.839845556018
568,na,26.903340018655,50.76191977226661,433.7642602392257,451.7234908705461
569,na,303.9437132296126,303.9437132296126,763.839845556018,763.839845556018
570,na,303.9437132296126,303.9437132296126,763.839845556018,763.839845556018
571,na,303.9437132296126,303.9437132296126,763.839845556018,763.839845556018
572,na,303.9437132296126,303.9437132296126,708.26935561085,730.0978097095849
573,na,303.9437132296126,303.9437132296126,763.839845556018,763.839845556018
574,na,26.741113515115398,33.05835785606713,763.839845556018,763.839845556018
575,na,303.9437132296126,303.9437132296126,592.0609129054957,596.460048096394
576,na,38.91275951268218,48.881077066930864,763.839845556018,763.839845556018
577,na,303.9437132296126,303.9437132296126,763.839845556018,763.839845556018
578,na,303.9437132296126,303.9437132296126,763.839845556018,763.839845556018
579,na,303.9437132296126,303.9437132296126,763.839845556018,763.839845556018
580,na,303.9437132296126,303.9437132296126,314.78685778617023,315.76916953825884
581,na,303.9437132296126,303.9437132296126,209.93390689214945,237.8228336628905
582,na,71.86787381802775,79.36807183677097,763.839845556018,763.839845556018
583,na,303.9437132296126,303.9437132296126,763.839845556018,763.839845556018
584,na,303.9437132296126,303.9437132296126,763.839845556018,763.839845556018
585,na,303.9437132296126,303.9437132296126,763.839845556018,763.839845556018
586,na,303.9437132296126,303.9437132296126,763.839845556018,763.839845556018
587,na,303.9437132296126,303.9437132296126,763.839845556018,763.839845556018
588,na,303.9437132296126,303.9437132296126,25.91643223732776,27.42633009752089
589,na,303.9437132296126,303.9437132296126,478.1921130182206,496.7422806996634
590,na,303.9437132296126,303.9437132296126,763.839845556018,763.839845556018
591,na,303.9437132296126,303.9437132296126,763.839845556018,763.839845556018
592,na,303.9437132296126,303.9437132296126,763.839845556018,763.839845556018
593,na,303.9437132296126,303.9437132296126,763.839845556018,763.839845556018
594,na,303.9437132296126,303.9437132296126,763.839845556018,763.839845556018
595,na,303.9437132296126,303.9437132296126,763.839845556018,763.839845556018
596,na,199.73997667901187,203.3159199398634,763.839845556018,763.839845556018
597,na,104.01323740614102,108.78786201379731,237.41034248671045,245.8902100117425
598,na,31.596373550705035,41.44345981093931,763.839845556018,763.839845556018
599,na,303.9437132296126,303.9437132296126,541.9129920443366,552.3745779762428
600,na,303.9437132296126,303.9437132296126,763.839845556018,763.839845556018
601,na,303.9437132296126,303.9437132296126,763.839845556018,763.839845556018
602,na,303.9437132296126,303.9437132296126,763.839845556018,763.839845556018
603,na,303.9437132296126,303.9437132296126,763.839845556018,763.839845556018
604,na,303.9437132296126,303.9437132296126,200.21574795627527,212.640694169061
605,na,303.9437132296126,303.9437132296126,763.839845556018,763.839845556018
606,na,303.9437132296126,303.9437132296126,763.839845556018,763.839845556018
607,na,303.9437132296126,303.9437132296126,763.839845556018,763.839845556018
608,na,303.9437132296126,303.9437132296126,763.839845556018,763.839845556018
609,na,303.9437132296126,303.9437132296126,763.839845556018,763.839845556018
610,na,303.9437132296126,303.9437132296126,763.839845556018,763.839845556018
611,na,303.9437132296126,303.9437132296126,763.839845556018,763.839845556018
612,na,303.9437132296126,303.9437132296126,763.839845556018,763.839845556018
613,na,303.9437132296126,303.9437132296126,763.839845556018,763.839845556018
614,na,303.9437132296126,303.9437132296126,763.839845556018,763.839845556018
615,na,303.9437132296126,303.9437132296126,763.839845556018,763.839845556018
616,na,303.9437132296126,303.9437132296126,763.839845556018,763.839845556018
617,na,303.9437132296126,303.9437132296126,763.839845556018,763.839845556018
618,na,133.1268124322375,142.6879865384178,763.839845556018,763.839845556018
619,na,303.9437132296126,303.9437132296126,763.839845556018,763.839845556018
620,na,17.324036382163882,22.46561885439018,763.839845556018,763.839845556018
621,na,303.9437132296126,303.9437132296126,459.905720193496,509.45170613218323
622,na,303.9437132296126,303.9437132296126,763.839845556018,763.839845556018
623,na,303.9437132296126,303.9437132296126,763.839845556018,763.839845556018
624,na,303.9437132296126,303.9437132296126,497.4467115342748,498.75851116512735
625,na,303.9437132296126,303.9437132296126,763.839845556018,763.839845556018
626,na,303.9437132296126,303.9437132296126,763.839845556018,763.839845556018
627,na,303.9437132296126,303.9437132296126,763.839845556018,763.839845556018
628,na,303.9437132296126,303.9437132296126,763.839845556018,763.839845556018
629,na,93.70303195806262,112.89226188283327,183.0575359618198,191.66616651278449
630,na,303.9437132296126,303.9437132296126,763.839845556018,763.839845556018
631,na,303.9437132296126,303.9437132296126,638.947611790412,649.0022563406543
632,na,303.9437132296126,303.9437132296126,763.839845556018,763.839845556018
633,na,303.9437132296126,303.9437132296126,686.7381273453578,700.8213802185834
634,na,303.9437132296126,303.9437132296126,661.0628689261431,678.2247465894947
635,na,303.9437132296126,303.9437132296126,763.839845556018,763.839845556018
636,na,303.9437132296126,303.9437132296126,597.7842939008699,633.176141481556
637,na,303.9437132296126,303.9437132296126,763.839845556018,763.839845556018
638,na,303.9437132296126,303.9437132296126,763.839845556018,763.839845556018
639,na,303.9437132296126,303.9437132296126,763.839845556018,763.839845556018
640,na,303.9437132296126,303.9437132296126,763.839845556018,763.839845556018
641,na,303.9437132296126,303.9437132296126,763.839845556018,763.839845556018
642,na,303.9437132296126,303.9437132296126,763.839845556018,763.839845556018
643,na,303.9437132296126,303.9437132296126,763.839845556018,763.839845556018
644,na,303.9437132296126,303.9437132296126,763.839845556018,763.839845556018
645,na,303.9437132296126,303.9437132296126,763.839845556018,763.839845556018
646,na,303.9437132296126,303.9437132296126,466.86408060982507,472.30707050810145
647,na,303.9437132296126,303.9437132296126,478.4521909968919,494.8671518024921
648,na,303.9437132296126,303.9437132296126,763.839845556018,763.839845556018
649,na,-1,0,-1,0
650,na,44.86805068132006,65.63065433812704,763.839845556018,763.839845556018
651,na,303.9437132296126,303.9437132296126,763.839845556018,763.839845556018
652,na,303.9437132296126,303.9437132296126,763.839845556018,763.839845556018
653,na,303.9437132296126,303.9437132296126,763.839845556018,763.839845556018
654,na,303.9437132296126,303.9437132296126,763.839845556018,763.839845556018
655,na,303.9437132296126,303.9437132296126,763.839845556018,763.839845556018
656,na,303.9437132296126,303.9437132296126,763.839845556018,763.839845556018
657,na,303.9437132296126,303.9437132296126,763.839845556018,763.839845556018
658,na,303.9437132296126,303.9437132296126,763.839845556018,763.839845556018
659,na,303.9437132296126,303.9437132296126,763.839845556018,763.839845556018
660,na,303.9437132296126,303.9437132296126,763.839845556018,763.839845556018
661,na,303.9437132296126,303.9437132296126,763.839845556018,763.839845556018
662,na,303.9437132296126,303.9437132296126,763.839845556018,763.839845556018
663,na,303.9437132296126,303.9437132296126,763.839845556018,763.839845556018
664,na,303.9437132296126,303.9437132296126,763.839845556018,763.839845556018
665,na,303.9437132296126,303.9437132296126,763.839845556018,763.839845556018
666,na,303.9437132296126,303.9437132296126,763.839845556018,763.839845556018
667,na,303.9437132296126,303.9437132296126,763.839845556018,763.839845556018
668,na,303.9437132296126,303.9437132296126,763.839845556018,763.839845556018
669,na,303.9437132296126,303.9437132296126,763.839845556018,763.839845556018
670,na,303.9437132296126,303.9437132296126,763.839845556018,763.839845556018
671,na,303.9437132296126,303.9437132296126,763.839845556018,763.839845556018
672,na,303.9437132296126,303.9437132296126,763.839845556018,763.839845556018
673,na,303.9437132296126,303.9437132296126,763.839845556018,763.839845556018
674,na,303.9437132296126,303.9437132296126,763.839845556018,763.839845556018
675,na,303.9437132296126,303.9437132296126,92.82082891232821,95.09314843227783
676,na,303.9437132296126,303.9437132296126,763.839845556018,763.839845556018
677,na,303.9437132296126,303.9437132296126,763.839845556018,763.839845556018
678,na,303.9437132296126,303.9437132296126,152.85152841662807,154.32747608770953
679,na,303.9437132296126,303.9437132296126,221.08370484477447,247.61486638331635
680,na,303.9437132296126,303.9437132296126,763.839845556018,763.839845556018
681,na,303.9437132296126,303.9437132296126,763.839845556018,763.839845556018
682,na,303.9437132296126,303.9437132296126,763.839845556018,763.839845556018
683,na,303.9437132296126,303.9437132296126,763.839845556018,763.839845556018
684,na,303.9437132296126,303.9437132296126,763.839845556018,763.839845556018
685,na,303.9437132296126,303.9437132296126,763.839845556018,763.839845556018
686,na,52.2197485404578,68.90715285390932,763.839845556018,763.839845556018
687,na,303.9437132296126,303.9437132296126,763.839845556018,763.839845556018
688,na,303.9437132296126,303.9437132296126,763.839845556018,763.839845556018
689,na,303.9437132296126,303.9437132296126,763.839845556018,763.839845556018
690,na,303.9437132296126,303.9437132296126,763.839845556018,763.839845556018
691,na,126.38941744605536,131.83311932474922,763.839845556018,763.839845556018
692,na,303.9437132296126,303.9437132296126,27.436981532920285,31.60358743830996
693,na,303.9437132296126,303.9437132296126,763.839845556018,763.839845556018
694,na,303.9437132296126,303.9437132296126,763.839845556018,763.839845556018
695,na,303.9437132296126,303.9437132296126,763.839845556018,763.839845556018
696,na,303.9437132296126,303.9437132296126,763.839845556018,763.839845556018
697,na,32.734395200808216,46.49807210372239,763.839845556018,763.839845556018
698,na,303.9437132296126,303.9437132296126,763.839845556018,763.839845556018
699,na,303.9437132296126,303.9437132296126,570.7197148819722,587.443113188491
700,na,303.9437132296126,303.9437132296126,22.884776700590262,28.23187014250015
701,na,303.9437132296126,303.9437132296126,763.839845556018,763.839845556018
702,na,303.9437132296126,303.9437132296126,763.839845556018,763.839845556018
703,na,303.9437132296126,303.9437132296126,763.839845556018,763.839845556018
704,na,303.9437132296126,303.9437132296126,763.839845556018,763.839845556018
705,na,303.9437132296126,303.9437132296126,763.839845556018,763.839845556018
706,na,303.9437132296126,303.9437132296126,763.839845556018,763.839845556018
707,na,303.9437132296126,303.9437132296126,248.8632157567143,255.20664088645412
708,na,303.9437132296126,303.9437132296126,205.1288629336202,226.02527046169416
709,na,303.9437132296126,303.9437132296126,763.839845556018,763.839845556018
710,na,303.9437132296126,303.9437132296126,763.839845556018,763.839845556018
711,na,303.9437132296126,303.9437132296126,763.839845556018,763.839845556018
712,na,27.088100668544975,45.100022063405845,639.3402983784995,666.4104883369744
713,na,303.9437132296126,303.9437132296126,763.839845556018,763.839845556018
714,na,303.9437132296126,303.9437132296126,763.839845556018,763.839845556018
715,na,303.9437132296126,303.9437132296126,763.839845556018,763.839845556018
716,na,303.9437132296126,303.9437132296126,763.839845556018,763.839845556018
717,na,303.9437132296126,303.9437132296126,763.839845556018,763.839845556018
718,na,303.9437132296126,303.9437132296126,45.04827880225776,67.81516758136902
719,na,303.9437132296126,303.9437132296126,763.839845556018,763.839845556018
720,na,303.9437132296126,303.9437132296126,763.839845556018,763.839845556018
721,na,303.9437132296126,303.9437132296126,208.14800235270457,221.7957654992214
722,na,303.9437132296126,303.9437132296126,763.839845556018,763.839845556018
723,na,303.9437132296126,303.9437132296126,152.08903916580738,157.45427607322756
724,na,303.9437132296126,303.9437132296126,321.76830154288297,327.4736865739914
725,na,303.9437132296126,303.9437132296126,36.590336586156155,42.78640332571142
726,na,303.9437132296126,303.9437132296126,763.839845556018,763.839845556018
727,na,303.9437132296126,303.9437132296126,145.14212626860913,153.26934679877294
728,na,303.9437132296126,303.9437132296126,630.3335669971228,637.6543124211539
729,na,303.9437132296126,303.9437132296126,763.839845556018,763.839845556018
730,na,303.9437132296126,303.9437132296126,228.45962813236164,235.15950917307632
731,na,303.9437132296126,303.9437132296126,630.6465736023736,652.5938646728652
732,na,153.85058701172503,156.7188081742933,672.2478814998217,686.2500521623169
733,na,303.9437132296126,303.9437132296126,763.839845556018,763.839845556018
734,na,303.9437132296126,303.9437132296126,763.839845556018,763.839845556018
735,na,303.9437132296126,303.9437132296126,573.0901946127976,579.8574182980927
736,na,303.9437132296126,303.9437132296126,763.839845556018,763.839845556018
737,na,303.9437132296126,303.9437132296126,555.8379459934997,556.480355129897
738,na,303.9437132296126,303.9437132296126,340.34852614837024,357.6940907898809
739,na,303.9437132296126,303.9437132296126,5.083445194993892,24.26758501429811
740,na,303.9437132296126,303.9437132296126,763.839845556018,763.839845556018
741,na,303.9437132296126,303.9437132296126,763.839845556018,763.839845556018
742,na,303.9437132296126,303.9437132296126,763.839845556018,763.839845556018
743,na,109.3809470886157,113.99048068237276,763.839845556018,763.839845556018
744,na,303.9437132296126,303.9437132296126,763.839845556018,763.839845556018
745,na,303.9437132296126,303.9437132296126,763.839845556018,763.839845556018
746,na,303.9437132296126,303.9437132296126,763.839845556018,763.839845556018
747,na,17.651557536643256,24.792937197578116,763.839845556018,763.839845556018
748,na,303.9437132296126,303.9437132296126,763.839845556018,763.839845556018
749,na,303.9437132296126,303.9437132296126,763.839845556018,763.839845556018
750,na,303.9437132296126,303.9437132296126,763.839845556018,763.839845556018
751,na,303.9437132296126,303.9437132296126,763.839845556018,763.839845556018
752,na,303.9437132296126,303.9437132296126,763.839845556018,763.839845556018
753,na,303.9437132296126,303.9437132296126,763.839845556018,763.839845556018
754,na,303.9437132296126,303.9437132296126,763.839845556018,763.839845556018
755,na,303.9437132296126,303.9437132296126,763.839845556018,763.839845556018
756,na,303.9437132296126,303.9437132296126,763.839845556018,763.839845556018
757,na,303.9437132296126,303.9437132296126,763.839845556018,763.839845556018
758,na,303.9437132296126,303.9437132296126,763.839845556018,763.839845556018
759,na,303.9437132296126,303.9437132296126,8.623163488781863,16.323110331534814
760,na,303.9437132296126,303.9437132296126,266.83551673309836,269.0254750727572
761,na,303.9437132296126,303.9437132296126,763.839845556018,763.839845556018
762,na,303.9437132296126,303.9437132296126,763.839845556018,763.839845556018
763,na,303.9437132296126,303.9437132296126,763.839845556018,763.839845556018
764,na,303.9437132296126,303.9437132296126,267.82396312867684,294.13586783005775
765,na,303.9437132296126,303.9437132296126,763.839845556018,763.839845556018
766,na,303.9437132296126,303.9437132296126,763.839845556018,763.839845556018
767,na,303.9437132296126,303.9437132296126,763.839845556018,763.839845556018
768,na,303.9437132296126,303.9437132296126,272.6589883386748,285.2471832269342
769,na,303.9437132296126,303.9437132296126,763.839845556018,763.839845556018
770,na,303.9437132296126,303.9437132296126,763.839845556018,763.839845556018
771,na,303.9437132296126,303.9437132296126,763.839845556018,763.839845556018
772,na,303.9437132296126,303.9437132296126,763.839845556018,763.839845556018
773,na,45.35076042941326,54.4234509970628,763.839845556018,763.839845556018
774,na,303.9437132296126,303.9437132296126,763.839845556018,763.839845556018
775,na,303.9437132296126,303.9437132296126,763.839845556018,763.839845556018
776,na,303.9437132296126,303.9437132296126,763.839845556018,763.839845556018
777,na,303.9437132296126,303.9437132296126,650.3825100367183,655.6433333165592
778,na,303.9437132296126,303.9437132296126,763.839845556018,763.839845556018
779,na,303.9437132296126,303.9437132296126,763.839845556018,763.839845556018
780,na,303.9437132296126,303.9437132296126,763.839845556018,763.839845556018
781,na,21.32086150608377,29.352083145839323,763.839845556018,763.839845556018
782,na,303.9437132296126,303.9437132296126,763.839845556018,763.839845556018
783,na,303.9437132296126,303.9437132296126,763.839845556018,763.839845556018
784,na,303.9437132296126,303.9437132296126,763.839845556018,763.839845556018
785,na,303.9437132296126,303.9437132296126,763.839845556018,763.839845556018
786,na,303.9437132296126,303.9437132296126,763.839845556018,763.839845556018
787,na,303.9437132296126,303.9437132296126,763.839845556018,763.839845556018
788,na,303.9437132296126,303.9437132296126,763.839845556018,763.839845556018
789,na,303.9437132296126,303.9437132296126,17.912237527655584,18.924107416435653
790,na,303.9437132296126,303.9437132296126,763.839845556018,763.839845556018
791,na,303.9437132296126,303.9437132296126,763.839845556018,763.839845556018
792,na,303.9437132296126,303.9437132296126,81.5621104971265,108.52886788467963
793,na,303.9437132296126,303.9437132296126,763.839845556018,763.839845556018
794,na,303.9437132296126,303.9437132296126,763.839845556018,763.839845556018
795,na,303.9437132296126,303.9437132296126,121.7198294495712,139.7372789448039
796,na,303.9437132296126,303.9437132296126,763.839845556018,763.839845556018
797,na,303.9437132296126,303.9437132296126,200.89718624041186,210.28352285175706
798,na,303.9437132296126,303.9437132296126,763.839845556018,763.839845556018
799,na,303.9437132296126,303.9437132296126,763.839845556018,763.839845556018
800,na,303.9437132296126,303.9437132296126,763.839845556018,763.839845556018
801,na,303.9437132296126,303.9437132296126,763.839845556018,763.839845556018
802,na,303.9437132296126,303.9437132296126,763.839845556018,763.839845556018
803,na,303.9437132296126,303.9437132296126,763.839845556018,763.839845556018
804,na,303.9437132296126,303.9437132296126,763.839845556018,763.839845556018
805,na,303.9437132296126,303.9437132296126,763.839845556018,763.839845556018
806,na,303.9437132296126,303.9437132296126,763.839845556018,763.839845556018
807,na,303.9437132296126,303.9437132296126,763.839845556018,763.839845556018
808,na,303.9437132296126,303.9437132296126,763.839845556018,763.839845556018
809,na,303.9437132296126,303.9437132296126,435.0410127073303,436.54824124371027
810,na,82.90006367562326,111.63466259493765,763.839845556018,763.839845556018
811,na,303.9437132296126,303.9437132296126,763.839845556018,763.839845556018
812,na,303.9437132296126,303.9437132296126,763.839845556018,763.839845556018
813,na,303.9437132296126,303.9437132296126,763.839845556018,763.839845556018
814,na,303.9437132296126,303.9437132296126,763.839845556018,763.839845556018
815,na,303.9437132296126,303.9437132296126,763.839845556018,763.839845556018
816,na,303.9437132296126,303.9437132296126,763.839845556018,763.839845556018
817,na,303.9437132296126,303.9437132296126,763.839845556018,763.839845556018
818,na,82.93811837557078,87.08264746092978,763.839845556018,763.839845556018
819,na,303.9437132296126,303.9437132296126,763.839845556018,763.839845556018
820,na,303.9437132296126,303.9437132296126,763.839845556018,763.839845556018
821,na,97.43599288685535,103.07698203094738,763.839845556018,763.839845556018
822,na,303.9437132296126,303.9437132296126,2.5891594941618687,7.260947353632882
823,na,303.9437132296126,303.9437132296126,763.839845556018,763.839845556018
824,na,303.9437132296126,303.9437132296126,763.839845556018,763.839845556018
825,na,303.9437132296126,303.9437132296126,763.839845556018,763.839845556018
826,na,303.9437132296126,303.9437132296126,763.839845556018,763.839845556018
827,na,37.95983784690957,43.887278484372324,763.839845556018,763.839845556018
828,na,303.9437132296126,303.9437132296126,763.839845556018,763.839845556018
829,na,303.9437132296126,303.9437132296126,330.9679183380317,337.126958299218
830,na,303.9437132296126,303.9437132296126,763.839845556018,763.839845556018
831,na,303.9437132296126,303.9437132296126,24.62662191671054,30.7340963005353
832,na,303.9437132296126,303.9437132296126,763.839845556018,763.839845556018
833,na,130.61127724554981,137.56691552450795,418.7169929530676,430.0291449627675
834,na,303.9437132296126,303.9437132296126,763.839845556018,763.839845556018
835,na,303.9437132296126,303.9437132296126,763.839845556018,763.839845556018
836,na,303.9437132296126,303.9437132296126,763.839845556018,763.839845556018
837,na,303.9437132296126,303.9437132296126,763.839845556018,763.839845556018
838,na,201.30726090405904,208.20322305296068,763.839845556018,763.839845556018
839,na,303.9437132296126,303.9437132296126,763.839845556018,763.839845556018
840,na,303.9437132296126,303.9437132296126,763.839845556018,763.839845556018
841,na,303.9437132296126,303.9437132296126,97.50003615165897,100.35316592721489
842,na,303.9437132296126,303.9437132296126,763.839845556018,763.839845556018
843,na,178.4923694738681,199.32402655206764,763.839845556018,763.839845556018
844,na,303.9437132296126,303.9437132296126,763.839845556018,763.839845556018
845,na,303.9437132296126,303.9437132296126,763.839845556018,763.839845556018
846,na,303.9437132296126,303.9437132296126,763.839845556018,763.839845556018
847,na,303.9437132296126,303.9437132296126,763.839845556018,763.839845556018
848,na,303.9437132296126,303.9437132296126,763.839845556018,763.839845556018
849,na,303.9437132296126,303.9437132296126,763.839845556018,763.839845556018
850,na,303.9437132296126,303.9437132296126,763.839845556018,763.839845556018
851,na,303.9437132296126,303.9437132296126,409.2525776986878,425.96848456883197
852,na,303.9437132296126,303.9437132296126,763.839845556018,763.839845556018
853,na,303.9437132296126,303.9437132296126,763.839845556018,763.839845556018
854,na,303.9437132296126,303.9437132296126,763.839845556018,763.839845556018
855,na,303.9437132296126,303.9437132296126,763.839845556018,763.839845556018
856,na,303.9437132296126,303.9437132296126,763.839845556018,763.839845556018
857,na,303.9437132296126,303.9437132296126,363.183908803199,371.9580424496211
858,na,303.9437132296126,303.9437132296126,763.839845556018,763.839845556018
859,na,303.9437132296126,303.9437132296126,179.38916065616985,207.61658085618214
860,na,303.9437132296126,303.9437132296126,763.839845556018,763.839845556018
861,na,303.9437132296126,303.9437132296126,763.839845556018,763.839845556018
862,na,303.9437132296126,303.9437132296126,763.839845556018,763.839845556018
863,na,303.9437132296126,303.9437132296126,763.839845556018,763.839845556018
864,na,303.9437132296126,303.9437132296126,763.839845556018,763.839845556018
865,na,303.9437132296126,303.9437132296126,763.839845556018,763.839845556018
866,na,105.73278359065007,105.88674134120276,763.839845556018,763.839845556018
867,na,39.54510328808063,41.26852592411146,763.839845556018,763.839845556018
868,na,303.9437132296126,303.9437132296126,763.839845556018,763.839845556018
869,na,303.9437132296126,303.9437132296126,763.839845556018,763.839845556018
870,na,303.9437132296126,303.9437132296126,551.1214107813943,554.3770976554987
871,na,303.9437132296126,303.9437132296126,763.839845556018,763.839845556018
872,na,69.32810406918826,95.34422524551486,763.839845556018,763.839845556018
873,na,303.9437132296126,303.9437132296126,763.839845556018,763.839845556018
874,na,303.9437132296126,303.9437132296126,48.94576431080931,69.74226166112156
875,na,303.9437132296126,303.9437132296126,763.839845556018,763.839845556018
876,na,303.9437132296126,303.9437132296126,763.839845556018,763.839845556018
877,na,303.9437132296126,303.9437132296126,763.839845556018,763.839845556018
878,na,303.9437132296126,303.9437132296126,763.839845556018,763.839845556018
879,na,303.9437132296126,303.9437132296126,763.839845556018,763.839845556018
880,na,303.9437132296126,303.9437132296126,763.839845556018,763.839845556018
881,na,303.9437132296126,303.9437132296126,763.839845556018,763.839845556018
882,na,303.9437132296126,303.9437132296126,763.839845556018,763.839845556018
883,na,303.9437132296126,303.9437132296126,763.839845556018,763.839845556018
884,na,303.9437132296126,303.9437132296126,763.839845556018,763.839845556018
885,na,303.9437132296126,303.9437132296126,763.839845556018,763.839845556018
886,na,303.9437132296126,303.9437132296126,14.096001532210845,18.424573493376435
887,na,303.9437132296126,303.9437132296126,763.839845556018,763.839845556018
888,na,303.9437132296126,303.9437132296126,763.839845556018,763.839845556018
889,na,303.9437132296126,303.9437132296126,763.839845556018,763.839845556018
890,na,303.9437132296126,303.9437132296126,763.839845556018,763.839845556018
891,na,303.9437132296126,303.9437132296126,763.839845556018,763.839845556018
892,na,8.642524545333007,14.501560372810323,235.31070121638416,273.28569080691284
893,na,303.9437132296126,303.9437132296126,763.839845556018,763.839845556018
894,na,303.9437132296126,303.9437132296126,763.839845556018,763.839845556018
895,na,36.16739860916845,63.175604540215055,763.839845556018,763.839845556018
896,na,303.9437132296126,303.9437132296126,763.839845556018,763.839845556018
897,na,303.9437132296126,303.9437132296126,677.8273247556165,691.2878215922324
898,na,303.9437132296126,303.9437132296126,763.839845556018,763.839845556018
899,na,303.9437132296126,303.9437132296126,763.839845556018,763.839845556018
900,na,303.9437132296126,303.9437132296126,763.839845556018,763.839845556018
901,na,303.9437132296126,303.9437132296126,763.839845556018,763.839845556018
902,na,303.9437132296126,303.9437132296126,763.839845556018,763.839845556018
903,na,5.687939834085107,9.712691266177208,177.0921497904939,180.53948047002646
904,na,303.9437132296126,303.9437132296126,763.839845556018,763.839845556018
905,na,303.9437132296126,303.9437132296126,763.839845556018,763.839845556018
906,na,303.9437132296126,303.9437132296126,763.839845556018,763.839845556018
907,na,303.9437132296126,303.9437132296126,763.839845556018,763.839845556018
908,na,303.9437132296126,303.9437132296126,763.839845556018,763.839845556018
909,na,303.9437132296126,303.9437132296126,763.839845556018,763.839845556018
910,na,303.9437132296126,303.9437132296126,763.839845556018,763.839845556018
911,na,303.9437132296126,303.9437132296126,763.839845556018,763.839845556018
912,na,205.68876646090183,226.23275657830038,454.6748253108515,461.21301749620466
913,na,303.9437132296126,303.9437132296126,763.839845556018,763.839845556018
914,na,303.9437132296126,303.9437132296126,763.839845556018,763.839845556018
915,na,303.9437132296126,303.9437132296126,763.839845556018,763.839845556018
916,na,303.9437132296126,303.9437132296126,485.82665468426455,500.51689245565893
917,na,303.9437132296126,303.9437132296126,763.839845556018,763.839845556018
918,na,210.70796586991736,218.36686988332232,763.839845556018,763.839845556018
919,na,303.9437132296126,303.9437132296126,763.839845556018,763.839845556018
920,na,69.01783792559908,75.10733576782224,763.839845556018,763.839845556018
921,na,303.9437132296126,303.9437132296126,763.839845556018,763.839845556018
922,na,303.9437132296126,303.9437132296126,763.839845556018,763.839845556018
923,na,303.9437132296126,303.9437132296126,626.4308615764309,643.4038827023655
924,na,303.9437132296126,303.9437132296126,763.839845556018,763.839845556018
925,na,303.9437132296126,303.9437132296126,763.839845556018,763.839845556018
926,na,303.9437132296126,303.9437132296126,763.839845556018,763.839845556018
927,na,32.38202634865574,64.83482325921874,763.839845556018,763.839845556018
928,na,303.9437132296126,303.9437132296126,486.8481028115104,501.06907583400186
929,na,303.9437132296126,303.9437132296126,763.839845556018,763.839845556018
930,na,303.9437132296126,303.9437132296126,763.839845556018,763.839845556018
931,na,303.9437132296126,303.9437132296126,269.7198913786116,279.40168330576955
932,na,303.9437132296126,303.9437132296126,763.839845556018,763.839845556018
933,na,303.9437132296126,303.9437132296126,763.839845556018,763.839845556018
934,na,303.9437132296126,303.9437132296126,630.2637441303251,638.9105066488374
935,na,303.9437132296126,303.9437132296126,763.839845556018,763.839845556018
936,na,34.44869938351706,38.57354516670124,763.839845556018,763.839845556018
937,na,303.9437132296126,303.9437132296126,763.839845556018,763.839845556018
938,na,303.9437132296126,303.9437132296126,763.839845556018,763.839845556018
939,na,303.9437132296126,303.9437132296126,763.839845556018,763.839845556018
940,na,303.9437132296126,303.9437132296126,9.730963584944416,15.117068895560967
941,na,303.9437132296126,303.9437132296126,763.839845556018,763.839845556018
942,na,303.9437132296126,303.9437132296126,385.8480438060751,387.9958516826337
943,na,303.9437132296126,303.9437132296126,763.839845556018,763.839845556018
944,na,303.9437132296126,303.9437132296126,763.839845556018,763.839845556018
945,na,303.9437132296126,303.9437132296126,763.839845556018,763.839845556018
946,na,303.9437132296126,303.9437132296126,763.839845556018,763.839845556018
947,na,303.9437132296126,303.9437132296126,763.839845556018,763.839845556018
948,na,303.9437132296126,303.9437132296126,763.839845556018,763.839845556018
949,na,303.9437132296126,303.9437132296126,763.839845556018,763.839845556018
950,na,303.9437132296126,303.9437132296126,437.7033763212943,442.0445351231795
951,na,303.9437132296126,303.9437132296126,763.839845556018,763.839845556018
952,na,303.9437132296126,303.9437132296126,763.839845556018,763.839845556018
953,na,303.9437132296126,303.9437132296126,158.26433345985842,160.67234471747906
954,na,303.9437132296126,303.9437132296126,763.839845556018,763.839845556018
955,na,303.9437132296126,303.9437132296126,763.839845556018,763.839845556018
956,na,303.9437132296126,303.9437132296126,763.839845556018,763.839845556018
957,na,303.9437132296126,303.9437132296126,763.839845556018,763.839845556018
958,na,303.9437132296126,303.9437132296126,628.2513413398062,640.1079793277096
959,na,303.9437132296126,303.9437132296126,763.839845556018,763.839845556018
960,na,303.9437132296126,303.9437132296126,763.839845556018,763.839845556018
961,na,303.9437132296126,303.9437132296126,763.839845556018,763.839845556018
962,na,303.9437132296126,303.9437132296126,472.1740238780584,491.68888477729877
963,na,303.9437132296126,303.9437132296126,763.839845556018,763.839845556018
964,na,303.9437132296126,303.9437132296126,763.839845556018,763.839845556018
965,na,303.9437132296126,303.9437132296126,763.839845556018,763.839845556018
966,na,303.9437132296126,303.9437132296126,763.839845556018,763.839845556018
967,na,303.9437132296126,303.9437132296126,763.839845556018,763.839845556018
968,na,303.9437132296126,303.9437132296126,763.839845556018,763.839845556018
969,na,24.12782460558604,31.918255134786502,177.41485066531158,181.75625074107674
970,na,303.9437132296126,303.9437132296126,763.839845556018,763.839845556018
971,na,303.9437132296126,303.9437132296126,763.839845556018,763.839845556018
972,na,303.9437132296126,303.9437132296126,194.72584696551223,205.2302075953694
973,na,303.9437132296126,303.9437132296126,484.2375541549501,490.5690923802066
974,na,303.9437132296126,303.9437132296126,763.839845556018,763.839845556018
975,na,303.9437132296126,303.9437132296126,499.12906413674403,533.3195667444904
976,na,75.65338056627941,84.68705226224445,763.839845556018,763.839845556018
977,na,303.9437132296126,303.9437132296126,243.2842712070836,248.7580354023663
978,na,303.9437132296126,303.9437132296126,10.694436727711132,23.337710994528194
979,na,303.9437132296126,303.9437132296126,763.839845556018,763.839845556018
980,na,303.9437132296126,303.9437132296126,763.839845556018,763.839845556018
981,na,303.9437132296126,303.9437132296126,763.839845556018,763.839845556018
982,na,303.9437132296126,303.9437132296126,763.839845556018,763.839845556018
983,na,303.9437132296126,303.9437132296126,491.3814149098984,505.8925126703487
984,na,133.72147909723714,139.17802218034046,763.839845556018,763.839845556018
985,na,303.9437132296126,303.9437132296126,763.839845556018,763.839845556018
986,na,75.01498125456608,83.90089980748974,763.839845556018,763.839845556018
987,na,303.9437132296126,303.9437132296126,468.12085263972295,475.24956679916875
988,na,303.9437132296126,303.9437132296126,763.839845556018,763.839845556018
989,na,303.9437132296126,303.9437132296126,763.839845556018,763.839845556018
990,na,303.9437132296126,303.9437132296126,763.839845556018,763.839845556018
991,na,303.9437132296126,303.9437132296126,763.839845556018,763.839845556018
992,na,303.9437132296126,303.9437132296126,763.839845556018,763.839845556018
993,na,303.9437132296126,303.9437132296126,70.96610003190983,72.28494423615015
994,na,303.9437132296126,303.9437132296126,763.839845556018,763.839845556018
995,na,303.9437132296126,303.9437132296126,763.839845556018,763.839845556018
996,na,303.9437132296126,303.9437132296126,763.839845556018,763.839845556018
997,na,303.9437132296126,303.9437132296126,223.11648116810767,235.18342478940042
998,na,303.9437132296126,303.9437132296126,763.839845556018,763.839845556018
999,na,303.9437132296126,303.9437132296126,763.839845556018,763.839845556018
