node, assignment, time2inf_trt, time2death_trt, time2inf_con, time2death_con
0,na,-1,0,-1,0
1,na,-1,0,-1,0
2,na,-1,0,-1,0
3,na,0,5.157057846409455,0,5.185505951344382
4,e,104.41077518833025,104.41077518833025,103.83238176609639,103.83238176609639
5,na,0,0.5075423037522282,0,2.5540479967844063
6,na,51.6322859495913,66.21655594259538,21.384224692876845,103.83238176609639
7,na,28.645333129037244,30.361340738922788,39.28210887099988,46.49542509845365
8,na,104.41077518833025,104.41077518833025,103.83238176609639,103.83238176609639
9,na,23.162621811135732,27.43429213168519,51.18996311916005,79.40296521160482
10,na,25.709400909652583,30.271318898815302,39.033404762867114,43.61045332825932
11,na,51.02164626772453,104.41077518833025,14.556612047117897,14.722423694030356
12,na,32.908759654594995,33.2289777332276,103.83238176609639,103.83238176609639
13,na,25.86990592942868,28.168327729952942,103.83238176609639,103.83238176609639
14,na,104.41077518833025,104.41077518833025,103.83238176609639,103.83238176609639
15,na,104.41077518833025,104.41077518833025,103.83238176609639,103.83238176609639
16,na,104.41077518833025,104.41077518833025,103.83238176609639,103.83238176609639
17,e,11.431978025777365,12.154063768056401,43.4116338431762,45.237386805637726
18,na,7.583612777422386,7.63470377465189,103.83238176609639,103.83238176609639
19,e,104.41077518833025,104.41077518833025,103.83238176609639,103.83238176609639
20,na,104.41077518833025,104.41077518833025,103.83238176609639,103.83238176609639
21,e,104.41077518833025,104.41077518833025,103.83238176609639,103.83238176609639
22,e,104.41077518833025,104.41077518833025,103.83238176609639,103.83238176609639
23,na,17.52251375753603,21.639655809747147,44.87440132494699,45.22344954827053
24,na,104.41077518833025,104.41077518833025,103.83238176609639,103.83238176609639
25,na,104.41077518833025,104.41077518833025,51.770534858412425,64.42974814981895
26,na,104.41077518833025,104.41077518833025,103.83238176609639,103.83238176609639
27,na,104.41077518833025,104.41077518833025,50.19845885153235,64.25245841208752
28,na,104.41077518833025,104.41077518833025,103.83238176609639,103.83238176609639
29,na,53.09245169784487,54.06783621650722,103.83238176609639,103.83238176609639
30,e,104.41077518833025,104.41077518833025,103.83238176609639,103.83238176609639
31,na,28.640032150911765,29.78352851225587,103.83238176609639,103.83238176609639
32,na,104.41077518833025,104.41077518833025,41.22675295198976,54.55710381686791
33,na,9.42340877690002,12.399036643409632,12.244349550583362,15.911799885291435
34,na,104.41077518833025,104.41077518833025,103.83238176609639,103.83238176609639
35,e,56.017410938359845,63.080957843356344,0.9308995998635453,5.374889753225025
36,e,104.41077518833025,104.41077518833025,19.513625975914536,28.713822104754584
37,e,104.41077518833025,104.41077518833025,103.83238176609639,103.83238176609639
38,na,27.53530767934364,38.49319584681441,20.76434494854908,21.428436085393866
39,e,104.41077518833025,104.41077518833025,45.442247376412894,46.199079903840534
40,na,44.26633301091116,46.68127369394012,21.33338200433667,23.406781952144083
41,na,30.51037666533246,31.02990840321345,29.146036989831764,40.052575578712585
42,e,104.41077518833025,104.41077518833025,103.83238176609639,103.83238176609639
43,na,104.41077518833025,104.41077518833025,103.83238176609639,103.83238176609639
44,na,12.241465187919664,104.41077518833025,103.83238176609639,103.83238176609639
45,na,67.7450484901513,69.20473437630511,103.83238176609639,103.83238176609639
46,e,104.41077518833025,104.41077518833025,103.83238176609639,103.83238176609639
47,e,104.41077518833025,104.41077518833025,34.856935127251916,36.53898429470229
48,na,32.1406253337342,42.812907701149726,13.95612072048464,18.21523870532292
49,na,17.689904574540595,20.52315311960128,20.05094053277594,22.2490683877801
50,na,55.96203102299788,64.63934347831184,24.386125317115667,32.28039320765817
51,na,104.41077518833025,104.41077518833025,103.83238176609639,103.83238176609639
52,e,56.00217638350192,56.45994026382058,20.202489779793964,28.43457307548481
53,na,104.41077518833025,104.41077518833025,16.950153094977217,17.883205254356593
54,na,104.41077518833025,104.41077518833025,103.83238176609639,103.83238176609639
55,na,13.795766226039625,18.392407786066595,29.639537062780676,48.467764824121424
56,na,51.80686688917116,54.09385988885732,23.904639473879655,24.58786648794479
57,na,10.950367889255963,21.91037921218851,38.88519296454395,42.3299552721491
58,e,41.9969479998568,57.11951775747095,103.83238176609639,103.83238176609639
59,e,104.41077518833025,104.41077518833025,103.83238176609639,103.83238176609639
60,e,56.87573273851768,57.54338152623153,34.32374825030351,39.22015081638048
61,na,58.83887763440219,62.367520902575784,24.24043900256388,30.698398708847048
62,e,104.41077518833025,104.41077518833025,24.762598603448012,29.305419629553
63,na,104.41077518833025,104.41077518833025,35.138138053504306,46.39844713821462
64,na,31.56704099396083,33.66835617987901,20.594232658045616,103.83238176609639
65,e,27.291680910428983,37.83180632364596,66.09069533296649,80.83692989863145
66,na,104.41077518833025,104.41077518833025,38.98658119881575,41.58624878341867
67,e,104.41077518833025,104.41077518833025,103.83238176609639,103.83238176609639
68,na,53.01643082633596,59.53707183811704,103.83238176609639,103.83238176609639
69,na,37.06971429321806,40.59249055564947,15.656721726531345,21.764962121273605
70,na,23.191852340289763,28.670380611704886,10.227260163480445,21.269712785231384
71,e,104.41077518833025,104.41077518833025,103.83238176609639,103.83238176609639
72,e,55.45324740251407,62.960266671729514,27.944866975302023,28.440931323326783
73,na,38.144336861296544,39.32890453893325,103.83238176609639,103.83238176609639
74,na,104.41077518833025,104.41077518833025,35.1358091434861,35.611068229180155
75,na,16.79504529744334,18.68295749324923,36.57606394785509,45.44337400342956
76,na,25.5309518965765,104.41077518833025,43.94821779791036,48.18045188965092
77,na,104.41077518833025,104.41077518833025,43.01057872687765,49.27389049541521
78,na,39.441723358817164,42.948580176591456,51.970356309266975,52.192022302407516
79,na,104.41077518833025,104.41077518833025,103.83238176609639,103.83238176609639
80,na,71.47193404490211,86.6129265227615,30.768968795286987,31.585986045014362
81,na,104.41077518833025,104.41077518833025,23.85463043365416,24.81503586501087
82,na,31.67621670262736,32.08430140364484,40.72997913778361,42.30849704197983
83,na,27.883780420977637,36.647844460180835,22.77042476733949,27.60337874083665
84,e,26.93636453636847,27.106013995336053,49.7119411495093,51.337142385612204
85,na,24.645625615332694,25.864590223383814,25.920160079087744,27.145575061050533
86,na,39.15825618703596,104.41077518833025,34.47993057634304,37.745552245023646
87,na,104.41077518833025,104.41077518833025,11.501682417679456,13.813972254473532
88,na,83.53448158633893,104.41077518833025,19.817907475159686,26.72012636301232
89,na,24.29437491514288,27.120073778390523,21.788814919091166,22.667435406954457
90,na,31.101033242450143,35.29552303443968,38.66315738642561,40.13710444500009
91,na,31.573257052662317,38.25634705287551,20.969036304439737,21.45279836892863
92,e,104.41077518833025,104.41077518833025,103.83238176609639,103.83238176609639
93,na,104.41077518833025,104.41077518833025,29.379676031199427,31.613211455006713
94,e,104.41077518833025,104.41077518833025,103.83238176609639,103.83238176609639
95,na,16.292948649801374,17.77360008629723,103.83238176609639,103.83238176609639
96,na,22.787038748194092,35.38690747927829,103.83238176609639,103.83238176609639
97,na,29.263473895877528,42.597336164031525,103.83238176609639,103.83238176609639
98,na,42.07768294402655,42.576245720907465,103.83238176609639,103.83238176609639
99,na,33.9556376069857,35.57389386972991,47.84411745760874,48.40084905871315
100,e,104.41077518833025,104.41077518833025,103.83238176609639,103.83238176609639
101,na,104.41077518833025,104.41077518833025,103.83238176609639,103.83238176609639
102,na,18.698593070175264,21.296028530500624,12.324840598645293,13.333594410370273
103,na,104.41077518833025,104.41077518833025,103.83238176609639,103.83238176609639
104,na,104.41077518833025,104.41077518833025,103.83238176609639,103.83238176609639
105,na,14.445427165382897,16.73910700008654,29.405887566042285,30.55166454674433
106,na,25.189279352144474,36.10556662870909,20.789612890195723,25.982958275416824
107,na,104.41077518833025,104.41077518833025,103.83238176609639,103.83238176609639
108,na,38.66152721898776,38.943178080845456,103.83238176609639,103.83238176609639
109,na,9.887303900212816,11.312743676021705,103.83238176609639,103.83238176609639
110,na,28.80250845224182,37.14228032255525,31.13522409274855,34.790332289594055
111,na,49.69570587186809,104.41077518833025,31.258026758651233,34.64378241572893
112,na,104.41077518833025,104.41077518833025,35.121156478051994,37.80764331207257
113,na,14.209100918193029,15.784344641913487,32.8306872792457,33.414680232730234
114,e,26.215101157804206,32.96474345632632,17.530309432877537,18.59088534038327
115,na,24.763138719511637,29.5200607228635,43.80928175078273,51.97638781037381
116,na,104.41077518833025,104.41077518833025,34.636856823657865,51.38154122717618
117,e,42.786404662888266,50.063156747627694,29.997804589150316,39.242878719352376
118,e,104.41077518833025,104.41077518833025,30.865941240383243,40.61410517252835
119,e,104.41077518833025,104.41077518833025,43.74035885397411,46.275656065660066
120,na,104.41077518833025,104.41077518833025,103.83238176609639,103.83238176609639
121,na,57.31417187407056,62.51802516514279,103.83238176609639,103.83238176609639
122,e,31.696823267134253,31.971901521918074,36.76591195815245,40.82552344179603
123,e,40.318787963911035,54.60898864507623,18.837139024579397,19.755812571021938
124,na,64.58100057811761,104.41077518833025,43.08582062377968,46.06251460898299
125,na,46.50257232138449,46.933071891895956,103.83238176609639,103.83238176609639
126,na,104.41077518833025,104.41077518833025,103.83238176609639,103.83238176609639
127,na,14.685178439302875,16.995387116637914,50.115867700472215,55.681433435721814
128,na,45.780202800251566,46.66924881643319,35.45651853732244,41.48997575647225
129,na,104.41077518833025,104.41077518833025,31.915542035895516,32.21671981359907
130,na,104.41077518833025,104.41077518833025,103.83238176609639,103.83238176609639
131,na,32.58356063116216,58.29863596748673,28.08607155567168,32.97291723149644
132,na,104.41077518833025,104.41077518833025,103.83238176609639,103.83238176609639
133,na,104.41077518833025,104.41077518833025,41.40582255867139,42.88847740750048
134,na,104.41077518833025,104.41077518833025,103.83238176609639,103.83238176609639
135,na,45.8351182121957,46.85724003571978,32.82699118256518,36.94578278185824
136,na,35.72622984247695,104.41077518833025,103.83238176609639,103.83238176609639
137,na,104.41077518833025,104.41077518833025,103.83238176609639,103.83238176609639
138,na,44.570043030246254,48.43217325218306,21.77166642841188,27.968451654864523
139,na,104.41077518833025,104.41077518833025,103.83238176609639,103.83238176609639
140,na,104.41077518833025,104.41077518833025,47.3857521206781,48.58252807463825
141,e,104.41077518833025,104.41077518833025,103.83238176609639,103.83238176609639
142,na,29.817124497572454,32.27094205636355,5.605282874227719,36.83770932122712
143,e,104.41077518833025,104.41077518833025,46.16299879625963,103.83238176609639
144,na,54.387451362433914,104.41077518833025,26.73018715468807,32.09453277800953
145,na,26.503887898938878,28.8277997833176,39.60180413796257,58.75287283157666
146,na,104.41077518833025,104.41077518833025,103.83238176609639,103.83238176609639
147,e,23.7742699811166,23.839124846880416,103.83238176609639,103.83238176609639
148,na,104.41077518833025,104.41077518833025,103.83238176609639,103.83238176609639
149,na,104.41077518833025,104.41077518833025,53.48374636478513,53.7856069191354
150,na,104.41077518833025,104.41077518833025,28.072868385004913,103.83238176609639
151,e,104.41077518833025,104.41077518833025,103.83238176609639,103.83238176609639
152,na,20.07347742978064,28.046057016722965,2.4715409665859203,103.83238176609639
153,e,104.41077518833025,104.41077518833025,24.97902455683566,26.36799261049602
154,na,104.41077518833025,104.41077518833025,31.630980760036618,32.880218160737655
155,na,104.41077518833025,104.41077518833025,53.06692372487847,54.763822970355065
156,e,104.41077518833025,104.41077518833025,103.83238176609639,103.83238176609639
157,e,17.336849750607467,17.774941774388832,34.371855884129886,36.197046252778584
158,na,104.41077518833025,104.41077518833025,50.99969366748659,54.07030663772272
159,na,32.978682833654965,44.27800653519939,39.21710413492009,42.932138966301444
160,na,104.41077518833025,104.41077518833025,38.625888035297685,38.897954045359
161,na,104.41077518833025,104.41077518833025,103.83238176609639,103.83238176609639
162,e,104.41077518833025,104.41077518833025,103.83238176609639,103.83238176609639
163,na,104.41077518833025,104.41077518833025,42.90880946330015,61.53873741462487
164,na,104.41077518833025,104.41077518833025,103.83238176609639,103.83238176609639
165,e,104.41077518833025,104.41077518833025,21.574544696796814,26.309066956143006
166,na,10.789894773308623,16.36023523995774,40.62964593195609,43.71145301501131
167,na,104.41077518833025,104.41077518833025,35.752478862242306,103.83238176609639
168,na,52.89094366567819,54.83113463173368,103.83238176609639,103.83238176609639
169,na,104.41077518833025,104.41077518833025,103.83238176609639,103.83238176609639
170,e,104.41077518833025,104.41077518833025,25.496396562703904,27.38557154323379
171,na,104.41077518833025,104.41077518833025,103.83238176609639,103.83238176609639
172,na,104.41077518833025,104.41077518833025,103.83238176609639,103.83238176609639
173,na,26.350359593795044,27.723253743429268,103.83238176609639,103.83238176609639
174,na,9.638856324828351,11.083162157722574,23.248096237526518,48.71295853451416
175,na,37.95478710587667,47.83668771743965,103.83238176609639,103.83238176609639
176,na,12.004587496907583,16.196212699619572,103.83238176609639,103.83238176609639
177,na,13.08227858633682,14.263749820291466,103.83238176609639,103.83238176609639
178,na,104.41077518833025,104.41077518833025,21.139508353509214,35.010361610176616
179,na,104.41077518833025,104.41077518833025,103.83238176609639,103.83238176609639
180,na,104.41077518833025,104.41077518833025,103.83238176609639,103.83238176609639
181,na,104.41077518833025,104.41077518833025,55.829522996387794,56.355765231118816
182,na,104.41077518833025,104.41077518833025,103.83238176609639,103.83238176609639
183,e,9.352003679245637,11.676335857142831,60.850905456912656,68.92681943252774
184,na,45.99934433378164,60.30411786511387,16.89876623226183,23.555824455862318
185,na,104.41077518833025,104.41077518833025,103.83238176609639,103.83238176609639
186,na,104.41077518833025,104.41077518833025,16.02090059563336,28.591048864991972
187,na,104.41077518833025,104.41077518833025,103.83238176609639,103.83238176609639
188,na,104.41077518833025,104.41077518833025,34.84696125285313,35.03616560974523
189,na,33.829919258478576,38.23634049128671,20.736268976383517,21.92156733314527
190,na,104.41077518833025,104.41077518833025,103.83238176609639,103.83238176609639
191,e,104.41077518833025,104.41077518833025,41.962498546883644,44.98370685801726
192,na,47.39574104714427,52.72910666953654,56.0080397766272,57.399420456683714
193,e,5.022611807380588,15.427429444872661,18.026544077289653,21.21243807183124
194,e,104.41077518833025,104.41077518833025,103.83238176609639,103.83238176609639
195,na,26.08184521394622,26.17556436966578,103.83238176609639,103.83238176609639
196,e,104.41077518833025,104.41077518833025,40.56758081788329,45.384076609535484
197,na,104.41077518833025,104.41077518833025,27.459128010468476,27.851816849811417
198,e,104.41077518833025,104.41077518833025,103.83238176609639,103.83238176609639
199,e,104.41077518833025,104.41077518833025,103.83238176609639,103.83238176609639
200,na,45.23187093866316,54.34994497020365,18.150562735208783,28.76210601489709
201,e,27.048003274363023,27.577774603613808,30.623630706361116,31.861612277776462
202,e,27.793344838089943,39.48148561276232,14.554031620476035,16.858747118344834
203,na,27.96234221922538,28.432227252087074,24.785954964534284,25.050159230408443
204,na,104.41077518833025,104.41077518833025,103.83238176609639,103.83238176609639
205,na,42.717585203483594,43.85387240205079,23.91534090561482,45.54557857525695
206,na,104.41077518833025,104.41077518833025,31.758020668476142,33.479504513825724
207,na,104.41077518833025,104.41077518833025,103.83238176609639,103.83238176609639
208,na,9.178351484778334,10.40293754334895,19.98327146696153,25.34318617362661
209,na,104.41077518833025,104.41077518833025,103.83238176609639,103.83238176609639
210,e,104.41077518833025,104.41077518833025,103.83238176609639,103.83238176609639
211,e,104.41077518833025,104.41077518833025,103.83238176609639,103.83238176609639
212,e,104.41077518833025,104.41077518833025,42.361159701991305,42.428842266684875
213,na,104.41077518833025,104.41077518833025,103.83238176609639,103.83238176609639
214,e,15.493026062987227,16.032933286484454,22.126743105109433,30.17885216666908
215,na,70.54518312346083,70.85071199153295,30.266903092419014,42.33436319501987
216,na,21.914498762333057,27.055087339228383,23.38702249823431,103.83238176609639
217,e,104.41077518833025,104.41077518833025,23.514599345299022,103.83238176609639
218,na,46.03994690984812,46.66623339279444,21.3531831442848,25.686080861606374
219,na,104.41077518833025,104.41077518833025,18.467402854768356,18.71075370646211
220,e,43.529655400498605,48.414690112715796,25.659780728257125,27.429269456753037
221,na,104.41077518833025,104.41077518833025,20.610877145979252,22.038395211420877
222,na,19.403745099158545,19.515256615930625,29.080759994922037,36.03367548293383
223,na,24.931002918684037,25.656821537165413,24.00040065949995,28.712449531449224
224,na,8.837252224477552,9.429044939091694,22.67931889622164,23.63020248152334
225,na,104.41077518833025,104.41077518833025,7.713218919574781,8.7640936641757
226,na,104.41077518833025,104.41077518833025,43.07026046268836,50.40854244705254
227,na,70.91853016914587,72.64652871053279,103.83238176609639,103.83238176609639
228,na,50.34196667316304,52.711984938968314,23.51458462119717,103.83238176609639
229,na,48.798351231967246,52.910718342894434,103.83238176609639,103.83238176609639
230,e,104.41077518833025,104.41077518833025,103.83238176609639,103.83238176609639
231,na,104.41077518833025,104.41077518833025,28.826082530381893,30.639601209875686
232,na,104.41077518833025,104.41077518833025,103.83238176609639,103.83238176609639
233,na,24.875756288834808,37.35469538541075,103.83238176609639,103.83238176609639
234,e,50.96317072664353,56.78471374595273,25.884850278150346,28.60763538051234
235,e,104.41077518833025,104.41077518833025,103.83238176609639,103.83238176609639
236,na,24.524843762017007,25.37798255020847,40.29763216473077,47.38706233668963
237,na,104.41077518833025,104.41077518833025,103.83238176609639,103.83238176609639
238,na,42.27483871466501,54.45873494249105,103.83238176609639,103.83238176609639
239,na,104.41077518833025,104.41077518833025,22.262978645965717,23.651053954664878
240,na,104.41077518833025,104.41077518833025,103.83238176609639,103.83238176609639
241,na,55.442166507226794,56.71397304000096,44.89740425303516,52.91985843298732
242,na,104.41077518833025,104.41077518833025,103.83238176609639,103.83238176609639
243,na,104.41077518833025,104.41077518833025,103.83238176609639,103.83238176609639
244,na,104.41077518833025,104.41077518833025,45.48954966101746,46.022706169553736
245,na,26.125946059329504,26.90780078381619,19.863745023390063,33.43952723652101
246,na,3.2240063227769222,4.937342146572253,0.3297389509992124,103.83238176609639
247,na,41.06134803344622,44.55236293856736,24.23970460934655,30.05722822798277
248,na,22.764508759991966,31.393714276191975,20.86075174041235,24.78539057834205
249,e,75.92490428182035,89.69325013761723,59.23630944208542,61.05828147337274
250,na,0,2.118834933268033,0,1.5684772050875933
251,na,104.41077518833025,104.41077518833025,42.585653394383385,43.807490759289784
252,na,29.533865971893512,36.95004858231871,35.93621129336214,40.51374880672315
253,na,104.41077518833025,104.41077518833025,28.316243038771592,32.35628071118519
254,na,19.679838758455187,26.365942354870118,46.113360801407595,46.4868089880566
255,e,104.41077518833025,104.41077518833025,40.49580059072089,44.901426463045304
256,na,13.708849952416244,15.05414548155467,103.83238176609639,103.83238176609639
257,na,104.41077518833025,104.41077518833025,103.83238176609639,103.83238176609639
258,na,104.41077518833025,104.41077518833025,32.473338980617,38.423696576292954
259,na,104.41077518833025,104.41077518833025,19.455757700743142,21.394643297746494
260,na,104.41077518833025,104.41077518833025,103.83238176609639,103.83238176609639
261,na,32.54295666738124,32.61963771471857,103.83238176609639,103.83238176609639
262,na,104.41077518833025,104.41077518833025,37.92510999723965,43.20956770551841
263,na,104.41077518833025,104.41077518833025,103.83238176609639,103.83238176609639
264,e,104.41077518833025,104.41077518833025,29.183666510611303,31.748589481061753
265,na,31.454663300749957,32.724166066283125,52.81449181362088,52.91991339072404
266,na,104.41077518833025,104.41077518833025,103.83238176609639,103.83238176609639
267,e,104.41077518833025,104.41077518833025,103.83238176609639,103.83238176609639
268,na,104.41077518833025,104.41077518833025,103.83238176609639,103.83238176609639
269,e,26.465316230177976,30.378246892746862,27.84147452081803,27.904513771361323
270,na,104.41077518833025,104.41077518833025,103.83238176609639,103.83238176609639
271,e,104.41077518833025,104.41077518833025,9.990642033729241,17.38579441204211
272,na,104.41077518833025,104.41077518833025,103.83238176609639,103.83238176609639
273,na,104.41077518833025,104.41077518833025,103.83238176609639,103.83238176609639
274,na,104.41077518833025,104.41077518833025,103.83238176609639,103.83238176609639
275,na,0,104.41077518833025,0,0.32979244725780554
276,na,104.41077518833025,104.41077518833025,21.57232561918947,31.116704596405718
277,na,104.41077518833025,104.41077518833025,26.29845481250059,31.747905053011177
278,na,104.41077518833025,104.41077518833025,24.458163054712966,32.31914501946171
279,na,104.41077518833025,104.41077518833025,103.83238176609639,103.83238176609639
280,e,42.90984090482824,48.23114592907229,37.16735723820236,42.59768947703292
281,na,104.41077518833025,104.41077518833025,103.83238176609639,103.83238176609639
282,na,39.70698700492597,41.43930940707964,36.5651417769809,39.11829300508139
283,na,29.383763004139716,104.41077518833025,47.762452330221855,49.67214298753377
284,e,104.41077518833025,104.41077518833025,103.83238176609639,103.83238176609639
285,e,104.41077518833025,104.41077518833025,103.83238176609639,103.83238176609639
286,na,104.41077518833025,104.41077518833025,103.83238176609639,103.83238176609639
287,na,104.41077518833025,104.41077518833025,103.83238176609639,103.83238176609639
288,na,15.108404833930386,16.486112930560875,26.447561847319168,29.501375241223577
289,na,104.41077518833025,104.41077518833025,39.66001575311368,43.27048608765711
290,na,66.09089385255794,80.6412148898965,103.83238176609639,103.83238176609639
291,e,104.41077518833025,104.41077518833025,55.975718602568385,56.233788801651265
292,na,104.41077518833025,104.41077518833025,31.554826427985926,41.68026964704326
293,na,22.990789924417175,29.825032068009943,25.364558117927153,26.06091072112586
294,na,104.41077518833025,104.41077518833025,103.83238176609639,103.83238176609639
295,na,104.41077518833025,104.41077518833025,103.83238176609639,103.83238176609639
296,na,104.41077518833025,104.41077518833025,24.49111010796147,26.09382915052437
297,na,104.41077518833025,104.41077518833025,24.96334216657683,34.08068873687231
298,na,104.41077518833025,104.41077518833025,103.83238176609639,103.83238176609639
299,na,50.9460333963375,59.447014227472636,103.83238176609639,103.83238176609639
300,na,23.31210293990832,34.4600077898534,21.029978859372104,21.09611764322603
301,e,104.41077518833025,104.41077518833025,22.45942371250454,26.40581582347869
302,na,104.41077518833025,104.41077518833025,103.83238176609639,103.83238176609639
303,e,55.73204830109074,64.363691821185,103.83238176609639,103.83238176609639
304,e,104.41077518833025,104.41077518833025,29.43938147193656,32.634354320356906
305,na,104.41077518833025,104.41077518833025,17.553439569385702,22.83122940094596
306,na,-1,0,-1,0
307,na,104.41077518833025,104.41077518833025,103.83238176609639,103.83238176609639
308,na,104.41077518833025,104.41077518833025,25.423410427202626,30.728500055795568
309,na,104.41077518833025,104.41077518833025,103.83238176609639,103.83238176609639
310,e,104.41077518833025,104.41077518833025,103.83238176609639,103.83238176609639
311,na,104.41077518833025,104.41077518833025,26.062435126891593,30.24008294359677
312,na,83.9471473879773,104.41077518833025,26.13274720943695,30.585165224008495
313,na,104.41077518833025,104.41077518833025,27.011147679856183,33.55273169359539
314,na,38.840371806062144,44.63165738974128,10.009821750574254,16.076702127980372
315,na,104.41077518833025,104.41077518833025,23.35156994569824,28.295088086600344
316,e,104.41077518833025,104.41077518833025,19.76871366362542,24.211053268466546
317,na,27.01370003610869,29.59629231763082,42.5558431824118,52.34198392043831
318,e,56.140725411348086,67.59299180607869,103.83238176609639,103.83238176609639
319,na,104.41077518833025,104.41077518833025,37.36556824118122,39.42101643752528
320,na,104.41077518833025,104.41077518833025,103.83238176609639,103.83238176609639
321,e,104.41077518833025,104.41077518833025,29.154914744737006,30.46521448229346
322,e,104.41077518833025,104.41077518833025,44.462452556885125,47.22367028277457
323,na,54.28510714848911,104.41077518833025,58.19390037610284,65.68645889910455
324,na,104.41077518833025,104.41077518833025,40.1589273616299,103.83238176609639
325,na,42.49231401942129,104.41077518833025,103.83238176609639,103.83238176609639
326,e,104.41077518833025,104.41077518833025,43.903127105215376,57.03573729569143
327,na,37.69277623047655,43.63120111525664,31.567538740273918,34.35435211070224
328,e,44.24973952702802,47.92791648926678,21.86162065930135,27.037927128692775
329,na,104.41077518833025,104.41077518833025,103.83238176609639,103.83238176609639
330,na,24.681886945682084,26.664341967882205,30.72815228094479,33.74657307797018
331,na,55.62109280834034,61.21851749297296,103.83238176609639,103.83238176609639
332,na,104.41077518833025,104.41077518833025,103.83238176609639,103.83238176609639
333,e,32.482181443418135,33.832974219340855,28.93452307364506,28.96655194146748
334,na,104.41077518833025,104.41077518833025,103.83238176609639,103.83238176609639
335,e,104.41077518833025,104.41077518833025,103.83238176609639,103.83238176609639
336,na,33.71869218386224,34.12645648174518,34.99659067099305,48.86659954151114
337,na,18.391183975806978,20.5456852730165,24.216349624335926,28.513018002489122
338,e,104.41077518833025,104.41077518833025,41.698018075164136,50.919988426914486
339,na,104.41077518833025,104.41077518833025,103.83238176609639,103.83238176609639
340,na,104.41077518833025,104.41077518833025,44.02521611462882,52.15104277625653
341,na,104.41077518833025,104.41077518833025,103.83238176609639,103.83238176609639
342,na,104.41077518833025,104.41077518833025,36.91378860691723,37.84061046803477
343,na,70.65964845004079,72.50501578780134,103.83238176609639,103.83238176609639
344,na,29.06439432006088,32.7062597795984,27.59703727888033,36.21079511369173
345,na,104.41077518833025,104.41077518833025,6.096470466463269,11.824679554683899
346,na,104.41077518833025,104.41077518833025,103.83238176609639,103.83238176609639
347,e,104.41077518833025,104.41077518833025,30.07533627318871,30.178004142441505
348,na,22.270228648117968,28.356160602931105,103.83238176609639,103.83238176609639
349,e,104.41077518833025,104.41077518833025,56.37610681966456,69.60093084486701
350,na,104.41077518833025,104.41077518833025,103.83238176609639,103.83238176609639
351,na,104.41077518833025,104.41077518833025,43.15009100000792,48.197587292926805
352,na,45.84795870501323,63.453922965475435,103.83238176609639,103.83238176609639
353,na,40.46614689452488,41.53502001955161,17.431418486826786,20.087673780556006
354,na,31.55245222728729,31.558708741119712,11.477804000806314,14.011393913867138
355,e,15.93053752091996,21.941590539497415,31.43436859912293,33.499982167507774
356,na,104.41077518833025,104.41077518833025,103.83238176609639,103.83238176609639
357,na,104.41077518833025,104.41077518833025,35.784400877154106,45.29693854668705
358,na,45.21803504414516,47.37961878324638,103.83238176609639,103.83238176609639
359,na,104.41077518833025,104.41077518833025,25.27505721800277,28.173587143008817
360,na,-1,0,-1,0
361,na,104.41077518833025,104.41077518833025,103.83238176609639,103.83238176609639
362,na,104.41077518833025,104.41077518833025,103.83238176609639,103.83238176609639
363,na,104.41077518833025,104.41077518833025,103.83238176609639,103.83238176609639
364,na,104.41077518833025,104.41077518833025,41.55600354544448,45.05836901919662
365,e,104.41077518833025,104.41077518833025,103.83238176609639,103.83238176609639
366,na,104.41077518833025,104.41077518833025,103.83238176609639,103.83238176609639
367,na,104.41077518833025,104.41077518833025,34.47441551393707,34.50972077486223
368,na,45.575477162348214,54.78609358025913,7.839407314792644,103.83238176609639
369,na,104.41077518833025,104.41077518833025,103.83238176609639,103.83238176609639
370,na,104.41077518833025,104.41077518833025,103.83238176609639,103.83238176609639
371,na,104.41077518833025,104.41077518833025,40.2922651843729,41.73202499671256
372,na,52.186887438251816,53.31270895845518,28.952362208796806,29.408396867598768
373,e,53.15372313920049,55.81777684515016,103.83238176609639,103.83238176609639
374,e,104.41077518833025,104.41077518833025,103.83238176609639,103.83238176609639
375,e,104.41077518833025,104.41077518833025,13.198120579919719,26.317936149249213
376,na,104.41077518833025,104.41077518833025,48.337361173748306,59.27335873011353
377,na,104.41077518833025,104.41077518833025,103.83238176609639,103.83238176609639
378,na,15.869248255016338,17.784747489445472,16.840533748804592,17.735820206732235
379,e,17.27951349246844,19.205688473118183,35.65418657268914,45.210729909278896
380,na,104.41077518833025,104.41077518833025,30.960473323470154,34.26113507327095
381,na,104.41077518833025,104.41077518833025,34.727605083147296,41.15837850346655
382,na,104.41077518833025,104.41077518833025,103.83238176609639,103.83238176609639
383,e,104.41077518833025,104.41077518833025,17.486087728668508,33.003812488847906
384,na,17.696046136316987,23.76360636989284,27.277831816899567,28.64014169243997
385,na,32.33096765222309,36.27955673384084,35.84555847064724,40.94730942505932
386,na,104.41077518833025,104.41077518833025,103.83238176609639,103.83238176609639
387,e,104.41077518833025,104.41077518833025,103.83238176609639,103.83238176609639
388,e,54.42013024250603,56.865904104829575,56.77394195298562,60.806973255025
389,e,22.72291393691296,23.6697785427305,103.83238176609639,103.83238176609639
390,na,0.3525426313344859,1.6763147917086876,12.946411698183816,16.966212374130777
391,e,104.41077518833025,104.41077518833025,47.48013674460951,49.48199584038139
392,na,47.878809168272824,54.10644976206961,22.993114025481752,25.21432016352126
393,na,104.41077518833025,104.41077518833025,103.83238176609639,103.83238176609639
394,na,64.88403660946427,65.83948591614849,103.83238176609639,103.83238176609639
395,na,46.29168756039185,53.59123398908667,24.447632762315294,27.52657750027641
396,na,50.94073490746101,54.178725946962786,103.83238176609639,103.83238176609639
397,na,104.41077518833025,104.41077518833025,103.83238176609639,103.83238176609639
398,e,104.41077518833025,104.41077518833025,103.83238176609639,103.83238176609639
399,na,104.41077518833025,104.41077518833025,103.83238176609639,103.83238176609639
400,e,104.41077518833025,104.41077518833025,103.83238176609639,103.83238176609639
401,na,104.41077518833025,104.41077518833025,26.409482781839927,27.721684169734335
402,na,104.41077518833025,104.41077518833025,103.83238176609639,103.83238176609639
403,e,104.41077518833025,104.41077518833025,103.83238176609639,103.83238176609639
404,e,38.969152224187724,42.65381545018891,38.968999242093034,45.92118979314069
405,na,7.935652521893302,8.688124627333728,2.5523305096821036,5.388046355759993
406,na,104.41077518833025,104.41077518833025,40.911842158810686,44.01090046283846
407,na,11.915488164204739,21.839421305031504,47.579692057327115,48.990579565746806
408,e,104.41077518833025,104.41077518833025,103.83238176609639,103.83238176609639
409,na,14.852469405949742,14.897913122584525,36.963022942289605,103.83238176609639
410,na,47.66184237570841,48.60607871585083,103.83238176609639,103.83238176609639
411,na,31.906963390438186,34.8492328017518,29.269475128053827,31.3255984407313
412,e,104.41077518833025,104.41077518833025,35.431340218477615,37.14454590101048
413,na,104.41077518833025,104.41077518833025,19.60888831392139,20.80919123208963
414,na,11.775856901393501,12.284098693045436,19.448701282051836,23.1178089563977
415,na,104.41077518833025,104.41077518833025,103.83238176609639,103.83238176609639
416,na,31.204514471311732,51.711203348165114,24.118536393884458,24.902479380161182
417,na,13.279028329709496,13.881985841439052,103.83238176609639,103.83238176609639
418,na,104.41077518833025,104.41077518833025,34.51110472904554,47.01126722550554
419,na,104.41077518833025,104.41077518833025,31.398846035817122,32.36096132336246
420,na,104.41077518833025,104.41077518833025,18.71607167669674,19.24441143043848
421,na,104.41077518833025,104.41077518833025,21.79964896222563,22.402220881007732
422,na,104.41077518833025,104.41077518833025,103.83238176609639,103.83238176609639
423,na,104.41077518833025,104.41077518833025,31.735583757007934,33.54844340856151
424,na,45.358239324616655,47.11851912680885,32.06628612649192,39.78226915596569
425,na,21.216794522692126,21.981716670968638,38.8780526830603,53.29506264940815
426,na,104.41077518833025,104.41077518833025,42.021729315854834,45.93902986465709
427,na,104.41077518833025,104.41077518833025,103.83238176609639,103.83238176609639
428,e,104.41077518833025,104.41077518833025,103.83238176609639,103.83238176609639
429,na,104.41077518833025,104.41077518833025,103.83238176609639,103.83238176609639
430,na,104.41077518833025,104.41077518833025,103.83238176609639,103.83238176609639
431,na,104.41077518833025,104.41077518833025,103.83238176609639,103.83238176609639
432,na,104.41077518833025,104.41077518833025,40.12425050381472,41.335347642613804
433,na,53.10323584615204,61.16673348952069,103.83238176609639,103.83238176609639
434,na,37.7208907972152,44.294591309912306,26.399714008203883,38.01385879749976
435,na,104.41077518833025,104.41077518833025,103.83238176609639,103.83238176609639
436,na,104.41077518833025,104.41077518833025,103.83238176609639,103.83238176609639
437,na,32.57419105330189,32.868954659472074,103.83238176609639,103.83238176609639
438,na,104.41077518833025,104.41077518833025,103.83238176609639,103.83238176609639
439,na,64.82618464818823,66.63991078383853,103.83238176609639,103.83238176609639
440,na,104.41077518833025,104.41077518833025,103.83238176609639,103.83238176609639
441,e,104.41077518833025,104.41077518833025,103.83238176609639,103.83238176609639
442,e,104.41077518833025,104.41077518833025,103.83238176609639,103.83238176609639
443,na,13.444213814286735,15.140928574496682,43.58012898184521,46.095496205118856
444,na,104.41077518833025,104.41077518833025,23.92609856762739,27.732460381242404
445,na,34.68737562212297,36.15474164614665,26.13548246417919,103.83238176609639
446,na,7.565123392598207,11.031558279758972,24.108043640984928,31.749427073578854
447,na,104.41077518833025,104.41077518833025,103.83238176609639,103.83238176609639
448,na,10.835422408793569,14.048359732290843,27.899293894257045,31.09566773023595
449,na,104.41077518833025,104.41077518833025,103.83238176609639,103.83238176609639
450,na,104.41077518833025,104.41077518833025,28.640719281322486,30.036122966275737
451,na,44.93541142053797,48.18149679401921,22.958911055359344,28.482362984498135
452,na,104.41077518833025,104.41077518833025,103.83238176609639,103.83238176609639
453,e,31.87419785879604,33.72286819649332,19.47167183125397,24.800021701914673
454,na,104.41077518833025,104.41077518833025,11.532678204101183,11.746360155014784
455,na,13.580786470069054,17.36386558181878,19.87082697967088,25.00846663619103
456,na,104.41077518833025,104.41077518833025,40.74249651910842,40.89614340896503
457,na,104.41077518833025,104.41077518833025,19.860373029392616,22.218296190756092
458,na,104.41077518833025,104.41077518833025,103.83238176609639,103.83238176609639
459,na,104.41077518833025,104.41077518833025,103.83238176609639,103.83238176609639
460,e,104.41077518833025,104.41077518833025,34.775186768477006,40.886937234895115
461,na,104.41077518833025,104.41077518833025,103.83238176609639,103.83238176609639
462,e,43.0237155398998,50.6744997028911,12.661195835703888,18.12047908801412
463,na,50.27945475189993,50.9911685274408,37.323976452884686,44.791732633641395
464,na,42.63116946190677,47.04272641807151,49.53457552746879,50.09204151784115
465,e,23.035703362120806,26.495480075906343,27.09706672913628,103.83238176609639
466,na,104.41077518833025,104.41077518833025,103.83238176609639,103.83238176609639
467,na,104.41077518833025,104.41077518833025,19.23648740979461,19.307365464736073
468,na,104.41077518833025,104.41077518833025,26.921169875317172,32.69695371449841
469,na,37.78916529159296,40.084790074509336,103.83238176609639,103.83238176609639
470,na,104.41077518833025,104.41077518833025,35.868680746376704,37.99490107123268
471,e,104.41077518833025,104.41077518833025,35.30920495981595,39.91789651807031
472,na,104.41077518833025,104.41077518833025,103.83238176609639,103.83238176609639
473,e,104.41077518833025,104.41077518833025,103.83238176609639,103.83238176609639
474,na,104.41077518833025,104.41077518833025,21.265362691542325,21.451888205617273
475,na,104.41077518833025,104.41077518833025,36.98285268899179,39.62586885082765
476,e,104.41077518833025,104.41077518833025,103.83238176609639,103.83238176609639
477,na,34.33035406711664,104.41077518833025,31.704432004042033,40.287946602491665
478,na,104.41077518833025,104.41077518833025,20.04260281589308,26.447326878105418
479,na,104.41077518833025,104.41077518833025,52.24750860685194,61.33599556538488
480,na,28.110941049499086,32.754743442304026,38.67776970508976,39.13147029680965
481,na,104.41077518833025,104.41077518833025,35.92755320024306,38.95329553127171
482,na,21.922342754756922,23.308731344326976,31.88493951406678,37.84546089101669
483,na,35.026962024189736,43.19211046351808,32.555107456683174,37.198578376514426
484,e,104.41077518833025,104.41077518833025,103.83238176609639,103.83238176609639
485,e,104.41077518833025,104.41077518833025,53.597602867918944,56.699762614809096
486,na,30.36613050139678,48.50210327121887,25.19954569592432,26.48024501111568
487,na,42.56196062505699,47.592375808288494,22.304178074724977,23.855652754943883
488,na,104.41077518833025,104.41077518833025,33.494866033648435,40.48811665636678
489,e,104.41077518833025,104.41077518833025,103.83238176609639,103.83238176609639
490,na,104.41077518833025,104.41077518833025,28.208092842514947,31.051339632892965
491,na,104.41077518833025,104.41077518833025,47.22524149738099,49.513023310921085
492,e,104.41077518833025,104.41077518833025,103.83238176609639,103.83238176609639
493,e,46.13603314459411,47.75961677872856,14.48673508387282,16.696112924947823
494,na,36.688671509668566,45.50740491427781,28.379530255376814,29.34847058516203
495,e,52.522461967521174,53.767690656822055,27.20352307681253,30.114198145224208
496,na,104.41077518833025,104.41077518833025,103.83238176609639,103.83238176609639
497,na,-1,0,-1,0
498,e,15.852069824983314,17.23591628228189,36.81512664162079,39.679390822467184
499,na,104.41077518833025,104.41077518833025,29.013507446033145,29.474779114393424
500,na,104.41077518833025,104.41077518833025,103.83238176609639,103.83238176609639
501,na,104.41077518833025,104.41077518833025,103.83238176609639,103.83238176609639
502,na,104.41077518833025,104.41077518833025,103.83238176609639,103.83238176609639
503,na,104.41077518833025,104.41077518833025,31.74915055922348,35.801567830576836
504,na,2.4314706947326994,8.00997234035664,4.1048295128465675,9.753761273946314
505,e,18.232096717879926,20.626058028691425,29.137525643672507,30.899411926556002
506,na,104.41077518833025,104.41077518833025,103.83238176609639,103.83238176609639
507,na,104.41077518833025,104.41077518833025,38.64719164630658,41.81369725165327
508,na,94.65705322500108,94.7632988098662,23.43681845840305,31.55373774059263
509,na,104.41077518833025,104.41077518833025,103.83238176609639,103.83238176609639
510,na,42.94402729673248,43.614402484528455,43.55152412566462,45.89800370117602
511,na,39.65505426930248,46.72281040243017,24.430001347423865,40.12615785648184
512,na,104.41077518833025,104.41077518833025,25.411937449736396,28.18376127163958
513,na,6.759909116999533,25.93837689725699,35.89034564294286,37.07663124832536
514,na,31.676579077826016,31.849898515723083,20.184025768001963,22.535765071014065
515,na,24.120172107550413,28.1236803209747,103.83238176609639,103.83238176609639
516,e,104.41077518833025,104.41077518833025,31.11209351846686,31.89737362261266
517,na,104.41077518833025,104.41077518833025,103.83238176609639,103.83238176609639
518,na,104.41077518833025,104.41077518833025,103.83238176609639,103.83238176609639
519,na,57.91052259092858,58.17836826689117,103.83238176609639,103.83238176609639
520,e,104.41077518833025,104.41077518833025,103.83238176609639,103.83238176609639
521,na,104.41077518833025,104.41077518833025,33.12835545706573,35.40903977005774
522,na,27.745637872478394,30.954524101138947,16.593234975533985,21.968372409970495
523,e,54.80540402413546,57.85839556658959,66.5955862090617,79.66910019260862
524,na,14.341424869050744,19.8891188777642,20.74791208855613,24.825489663976462
525,na,34.00363349066256,37.67404235538742,33.542347493436544,42.207648869012814
526,e,104.41077518833025,104.41077518833025,13.884302481269648,16.427993343008527
527,na,31.526839195633826,38.37325958415589,30.994497006594194,32.73674177416652
528,e,104.41077518833025,104.41077518833025,103.83238176609639,103.83238176609639
529,e,104.41077518833025,104.41077518833025,103.83238176609639,103.83238176609639
530,na,104.41077518833025,104.41077518833025,103.83238176609639,103.83238176609639
531,na,104.41077518833025,104.41077518833025,103.83238176609639,103.83238176609639
532,na,104.41077518833025,104.41077518833025,41.17958915881321,42.423017501545
533,e,104.41077518833025,104.41077518833025,103.83238176609639,103.83238176609639
534,e,104.41077518833025,104.41077518833025,12.570961935913793,13.249310107328169
535,e,104.41077518833025,104.41077518833025,103.83238176609639,103.83238176609639
536,e,32.50440571831408,35.701002465933975,29.808194811260268,44.79456998727675
537,na,44.23785132325493,47.3472134744641,34.32753846190739,36.05213747411828
538,na,104.41077518833025,104.41077518833025,16.501888045607814,17.421416937931657
539,na,104.41077518833025,104.41077518833025,103.83238176609639,103.83238176609639
540,na,104.41077518833025,104.41077518833025,103.83238176609639,103.83238176609639
541,na,34.01886934509989,35.68888745758278,103.83238176609639,103.83238176609639
542,na,47.54752125364607,48.023207615174144,28.778264448628022,32.58298347418177
543,na,104.41077518833025,104.41077518833025,103.83238176609639,103.83238176609639
544,e,104.41077518833025,104.41077518833025,103.83238176609639,103.83238176609639
545,na,104.41077518833025,104.41077518833025,41.14706850694961,42.405261859186865
546,na,104.41077518833025,104.41077518833025,103.83238176609639,103.83238176609639
547,na,61.21369419165856,62.65037670237093,7.637194242010355,15.999217597758955
548,na,104.41077518833025,104.41077518833025,46.329326371903385,47.0283111728949
549,na,104.41077518833025,104.41077518833025,103.83238176609639,103.83238176609639
550,na,104.41077518833025,104.41077518833025,33.60216892777201,35.24766072128949
551,na,57.65561647475877,60.7154453859913,63.48105753475596,64.70983574878305
552,na,104.41077518833025,104.41077518833025,27.162918341287636,40.637780027781496
553,na,43.431726753844345,44.38773204987972,15.187950563520918,18.26230430737788
554,na,104.41077518833025,104.41077518833025,103.83238176609639,103.83238176609639
555,na,104.41077518833025,104.41077518833025,103.83238176609639,103.83238176609639
556,na,13.961642437814868,18.634411132442914,38.28756983587718,39.13924287848288
557,na,18.453519502913387,18.915922887205596,38.77365386559859,43.27183812253161
558,e,39.760580192558734,42.42776246805012,26.04881451496275,29.054147641017835
559,na,104.41077518833025,104.41077518833025,26.407267859811647,29.77303032883461
560,na,104.41077518833025,104.41077518833025,103.83238176609639,103.83238176609639
561,na,104.41077518833025,104.41077518833025,50.37410046188093,61.72670027600367
562,na,104.41077518833025,104.41077518833025,103.83238176609639,103.83238176609639
563,na,-1,0,-1,0
564,na,104.41077518833025,104.41077518833025,103.83238176609639,103.83238176609639
565,na,104.41077518833025,104.41077518833025,103.83238176609639,103.83238176609639
566,na,9.139372155332723,9.668279834599256,21.612747258026317,103.83238176609639
567,e,104.41077518833025,104.41077518833025,30.41080800415568,30.704288990342743
568,e,104.41077518833025,104.41077518833025,103.83238176609639,103.83238176609639
569,na,104.41077518833025,104.41077518833025,103.83238176609639,103.83238176609639
570,e,19.163626042042115,104.41077518833025,77.57615107844163,78.1408846478179
571,na,37.963263671521375,38.02091924271161,7.219792367426548,7.263962046658039
572,na,36.246625250398765,37.377351441382515,18.276508459315473,20.0494570080736
573,na,23.880699297229135,24.884070764356235,33.67872570722335,33.81541405857692
574,na,104.41077518833025,104.41077518833025,53.63859671422479,53.70112743853126
575,na,50.84688569743129,52.7411410445577,25.731018121635135,28.839732616341163
576,na,104.41077518833025,104.41077518833025,103.83238176609639,103.83238176609639
577,e,104.41077518833025,104.41077518833025,60.18842790436594,103.83238176609639
578,na,32.95351976184545,36.04990338191433,4.454517808208699,6.679031149941212
579,e,104.41077518833025,104.41077518833025,103.83238176609639,103.83238176609639
580,na,13.138779509914,21.556637971945364,103.83238176609639,103.83238176609639
581,na,104.41077518833025,104.41077518833025,103.83238176609639,103.83238176609639
582,e,104.41077518833025,104.41077518833025,12.516560521862768,16.27368605428418
583,na,19.379127143343503,28.718718193354412,9.981674388251497,11.781478867103694
584,na,104.41077518833025,104.41077518833025,103.83238176609639,103.83238176609639
585,na,104.41077518833025,104.41077518833025,17.396910548901076,22.543632250302416
586,na,104.41077518833025,104.41077518833025,103.83238176609639,103.83238176609639
587,na,40.96184302166263,42.49091297221309,55.39087780950747,58.539278593648525
588,na,104.41077518833025,104.41077518833025,18.05009222807671,20.906645969933226
589,na,52.06140834405287,61.640001276823604,103.83238176609639,103.83238176609639
590,na,104.41077518833025,104.41077518833025,34.100926988198076,35.828537085530535
591,e,104.41077518833025,104.41077518833025,103.83238176609639,103.83238176609639
592,na,104.41077518833025,104.41077518833025,103.83238176609639,103.83238176609639
593,na,104.41077518833025,104.41077518833025,16.121561591320308,16.932026423396106
594,e,55.40386602892321,55.473682359955646,14.587713907601337,19.923847076576827
595,na,40.424582170277326,44.43848072840167,103.83238176609639,103.83238176609639
596,na,43.76282630347311,47.93807516344789,33.44923707867404,37.65011830863473
597,na,29.295524432626216,33.80081413326724,34.874725600552274,35.57261838474497
598,na,26.739025247713055,35.37112680393574,35.23587998140965,35.59262121089962
599,na,104.41077518833025,104.41077518833025,103.83238176609639,103.83238176609639
600,na,58.762332055612156,69.45665677678826,103.83238176609639,103.83238176609639
601,na,104.41077518833025,104.41077518833025,103.83238176609639,103.83238176609639
602,na,51.42910972752335,53.026763946899656,39.962996541824936,42.277348225838935
603,e,104.41077518833025,104.41077518833025,34.62619283502197,38.12240052719686
604,na,32.61459197033647,35.21836909161465,15.392972995606254,25.29198239559048
605,na,23.72769646087087,27.556482231692762,103.83238176609639,103.83238176609639
606,na,104.41077518833025,104.41077518833025,75.25215087415357,103.83238176609639
607,e,84.03860675903596,86.59737463715729,30.26669941407008,43.64774859279323
608,na,53.01050118104793,56.79829346193908,30.169055469940236,103.83238176609639
609,e,104.41077518833025,104.41077518833025,27.170019689425207,27.347299998509538
610,na,104.41077518833025,104.41077518833025,38.932813168519914,41.999030682652865
611,na,104.41077518833025,104.41077518833025,103.83238176609639,103.83238176609639
612,e,63.4659297764595,74.14936333669793,24.529762971129763,32.772835714496246
613,na,24.679328735073966,27.274958983043224,17.572908226659727,18.28018631158759
614,na,104.41077518833025,104.41077518833025,18.228408668400256,23.863297682115935
615,na,104.41077518833025,104.41077518833025,103.83238176609639,103.83238176609639
616,na,51.61078166720491,62.47008842193652,29.025029060819232,29.283523934923984
617,na,24.14761017926691,31.891381425149827,45.62970729616733,49.06709571164808
618,na,104.41077518833025,104.41077518833025,27.389172514745983,27.94819120572069
619,na,104.41077518833025,104.41077518833025,27.614272882887114,103.83238176609639
620,e,32.76974000072515,43.95229316634461,33.51107411211593,103.83238176609639
621,na,104.41077518833025,104.41077518833025,30.604864495604147,31.420927729809318
622,na,104.41077518833025,104.41077518833025,16.195139269509394,17.726780891640193
623,na,104.41077518833025,104.41077518833025,47.41511006291555,103.83238176609639
624,e,104.41077518833025,104.41077518833025,37.9405304851796,46.667638500807776
625,na,14.199564013920684,15.145233210717807,6.8377767800032325,10.20021925779399
626,na,23.89798803444536,24.265668815296596,103.83238176609639,103.83238176609639
627,na,104.41077518833025,104.41077518833025,103.83238176609639,103.83238176609639
628,na,104.41077518833025,104.41077518833025,103.83238176609639,103.83238176609639
629,na,104.41077518833025,104.41077518833025,103.83238176609639,103.83238176609639
630,na,104.41077518833025,104.41077518833025,103.83238176609639,103.83238176609639
631,na,0.3545421121202675,0.4936930408080704,3.303659281547176,5.015710988992419
632,e,104.41077518833025,104.41077518833025,43.14360470120639,47.81598231874076
633,na,104.41077518833025,104.41077518833025,103.83238176609639,103.83238176609639
634,e,34.14247684222741,37.150943906388555,26.027100586140932,28.57190009373918
635,na,104.41077518833025,104.41077518833025,12.947143184146062,18.387008659152972
636,na,37.57677964502002,47.43737038543583,32.57587276858051,36.97900805789616
637,na,104.41077518833025,104.41077518833025,25.691594461213036,26.118504874700605
638,na,104.41077518833025,104.41077518833025,49.92504699833819,56.109925984263164
639,na,104.41077518833025,104.41077518833025,63.14798303830187,63.261653463981546
640,na,34.2170852170521,34.6422167016455,103.83238176609639,103.83238176609639
641,na,50.07854429024482,52.0928881157572,8.3080774809132,10.597776353762761
642,na,50.714330862565426,57.82706022462747,27.672300757847236,103.83238176609639
643,e,104.41077518833025,104.41077518833025,103.83238176609639,103.83238176609639
644,e,52.865564376569765,55.52651790849154,103.83238176609639,103.83238176609639
645,na,56.47864837949849,57.99875273906505,103.83238176609639,103.83238176609639
646,na,71.64817717185444,72.59629660836549,103.83238176609639,103.83238176609639
647,na,104.41077518833025,104.41077518833025,103.83238176609639,103.83238176609639
648,na,104.41077518833025,104.41077518833025,41.818525684111705,42.475929260141164
649,na,30.948913291636007,32.30102004879906,103.83238176609639,103.83238176609639
650,e,104.41077518833025,104.41077518833025,103.83238176609639,103.83238176609639
651,e,104.41077518833025,104.41077518833025,103.83238176609639,103.83238176609639
652,na,104.41077518833025,104.41077518833025,103.83238176609639,103.83238176609639
653,e,50.80287528512173,50.93619251275782,14.433639472782893,15.076490258273543
654,na,104.41077518833025,104.41077518833025,54.69340970134972,57.79370205204386
655,na,7.108629708618982,12.80606430470605,30.71546412349798,31.3497584980229
656,na,104.41077518833025,104.41077518833025,103.83238176609639,103.83238176609639
657,na,63.42273130151475,65.24260824538914,18.73968133956435,27.932406307638452
658,na,15.418548514781655,16.384683151645827,29.931346607898508,37.60383281101039
659,e,104.41077518833025,104.41077518833025,75.696803627826,76.68550759531703
660,na,13.545901346404587,13.750579411970797,44.1087257339644,45.85689732614678
661,e,104.41077518833025,104.41077518833025,40.94746881891789,42.65835376142059
662,e,104.41077518833025,104.41077518833025,103.83238176609639,103.83238176609639
663,na,104.41077518833025,104.41077518833025,103.83238176609639,103.83238176609639
664,na,104.41077518833025,104.41077518833025,42.8622912122334,43.88791312356754
665,e,104.41077518833025,104.41077518833025,103.83238176609639,103.83238176609639
666,na,104.41077518833025,104.41077518833025,103.83238176609639,103.83238176609639
667,na,104.41077518833025,104.41077518833025,103.83238176609639,103.83238176609639
668,na,46.49042534728649,51.52701972172277,13.245366200150613,19.436996571036275
669,na,104.41077518833025,104.41077518833025,103.83238176609639,103.83238176609639
670,e,8.73119841913955,9.017986348407822,26.392134989574494,28.54631085500397
671,na,34.19376621795991,38.84876734889277,1.7451466628446828,5.722350442355788
672,e,104.41077518833025,104.41077518833025,103.83238176609639,103.83238176609639
673,na,104.41077518833025,104.41077518833025,103.83238176609639,103.83238176609639
674,na,104.41077518833025,104.41077518833025,103.83238176609639,103.83238176609639
675,na,-1,0,-1,0
676,na,104.41077518833025,104.41077518833025,103.83238176609639,103.83238176609639
677,na,104.41077518833025,104.41077518833025,24.421650479576208,27.521109024260927
678,e,48.96714666871041,51.8409135545427,27.737680818041646,31.17243277304982
679,na,13.15435607481693,104.41077518833025,30.9265383971195,39.30757285652513
680,na,53.865032768140395,54.01538490888509,26.228675813216714,26.506884221693316
681,na,16.842407579822925,17.09649296600707,103.83238176609639,103.83238176609639
682,e,51.34093213395003,52.10825425347395,21.472430009223075,26.243559308140068
683,na,43.43309710285161,44.37898697286772,29.367731896243704,32.77047855236544
684,na,104.41077518833025,104.41077518833025,17.673605794033328,20.79702626864555
685,na,104.41077518833025,104.41077518833025,103.83238176609639,103.83238176609639
686,na,104.41077518833025,104.41077518833025,103.83238176609639,103.83238176609639
687,na,8.520455234100236,8.962130711140839,1.3733293084872293,4.5673170263609615
688,na,104.41077518833025,104.41077518833025,12.45458605239872,12.818002785280825
689,na,104.41077518833025,104.41077518833025,43.42790301755271,47.46752982126377
690,na,104.41077518833025,104.41077518833025,43.39558446058095,44.92207676175725
691,na,104.41077518833025,104.41077518833025,103.83238176609639,103.83238176609639
692,na,42.89194636809442,59.62134104605318,31.73183724605527,32.53326362880215
693,e,104.41077518833025,104.41077518833025,103.83238176609639,103.83238176609639
694,na,0.945440982095808,5.0092146395315575,3.601428970802723,4.137628046731645
695,na,104.41077518833025,104.41077518833025,103.83238176609639,103.83238176609639
696,e,58.12674143587611,60.54601663373215,29.18196309822545,103.83238176609639
697,e,104.41077518833025,104.41077518833025,103.83238176609639,103.83238176609639
698,na,104.41077518833025,104.41077518833025,103.83238176609639,103.83238176609639
699,na,104.41077518833025,104.41077518833025,103.83238176609639,103.83238176609639
700,na,104.41077518833025,104.41077518833025,40.705298597441164,46.269701287112454
701,na,104.41077518833025,104.41077518833025,28.04349805731005,29.612621217132702
702,na,104.41077518833025,104.41077518833025,103.83238176609639,103.83238176609639
703,na,104.41077518833025,104.41077518833025,34.670524569494944,41.874454082013
704,e,104.41077518833025,104.41077518833025,103.83238176609639,103.83238176609639
705,na,104.41077518833025,104.41077518833025,38.80469301655735,44.537609627467134
706,na,34.76104075136088,35.67541167916161,35.461467304244806,37.11679768864649
707,na,104.41077518833025,104.41077518833025,103.83238176609639,103.83238176609639
708,e,104.41077518833025,104.41077518833025,103.83238176609639,103.83238176609639
709,na,104.41077518833025,104.41077518833025,103.83238176609639,103.83238176609639
710,e,104.41077518833025,104.41077518833025,103.83238176609639,103.83238176609639
711,e,51.56399429262715,52.04631607786396,13.664527000123499,20.660818758455807
712,e,38.25760582920306,39.819046111746424,25.336601921521932,25.82160113612569
713,na,104.41077518833025,104.41077518833025,103.83238176609639,103.83238176609639
714,e,11.953077046019487,14.933949530058275,103.83238176609639,103.83238176609639
715,na,104.41077518833025,104.41077518833025,103.83238176609639,103.83238176609639
716,e,104.41077518833025,104.41077518833025,27.60470186753603,28.994367094054823
717,na,104.41077518833025,104.41077518833025,103.83238176609639,103.83238176609639
718,e,104.41077518833025,104.41077518833025,26.8413341562755,103.83238176609639
719,na,104.41077518833025,104.41077518833025,103.83238176609639,103.83238176609639
720,na,104.41077518833025,104.41077518833025,30.10421714595806,31.975648907495817
721,na,104.41077518833025,104.41077518833025,103.83238176609639,103.83238176609639
722,e,104.41077518833025,104.41077518833025,103.83238176609639,103.83238176609639
723,na,104.41077518833025,104.41077518833025,103.83238176609639,103.83238176609639
724,na,104.41077518833025,104.41077518833025,103.83238176609639,103.83238176609639
725,na,104.41077518833025,104.41077518833025,103.83238176609639,103.83238176609639
726,e,30.321933003121245,40.49635199103504,103.83238176609639,103.83238176609639
727,na,104.41077518833025,104.41077518833025,103.83238176609639,103.83238176609639
728,na,104.41077518833025,104.41077518833025,103.83238176609639,103.83238176609639
729,na,104.41077518833025,104.41077518833025,103.83238176609639,103.83238176609639
730,na,104.41077518833025,104.41077518833025,103.83238176609639,103.83238176609639
731,e,104.41077518833025,104.41077518833025,103.83238176609639,103.83238176609639
732,na,104.41077518833025,104.41077518833025,103.83238176609639,103.83238176609639
733,na,104.41077518833025,104.41077518833025,23.643517443481112,31.64447137753554
734,e,104.41077518833025,104.41077518833025,34.443377312119075,36.22678907480016
735,e,104.41077518833025,104.41077518833025,103.83238176609639,103.83238176609639
736,na,70.34864391449386,72.23204164788658,14.087965049579319,16.929359105186816
737,e,26.924702856250022,33.4147153905807,41.14903712803197,48.02238209390577
738,e,104.41077518833025,104.41077518833025,103.83238176609639,103.83238176609639
739,e,20.603568337412845,30.348184185005476,40.107236399711425,46.90051494073488
740,na,24.07751691979637,104.41077518833025,30.226761417244475,31.91215853582629
741,na,38.22778846484456,38.82712889704134,21.77829529455135,25.677095066234223
742,na,34.72441861456847,35.35192795541222,27.782353952462653,35.436468443160464
743,na,38.16346259378744,44.60546063007699,16.8756653283057,20.998751426582636
744,na,14.60324487112224,22.849428801077245,25.234331291595797,26.99794478298322
745,na,104.41077518833025,104.41077518833025,26.421005699664104,29.691855386542933
746,e,104.41077518833025,104.41077518833025,103.83238176609639,103.83238176609639
747,na,104.41077518833025,104.41077518833025,103.83238176609639,103.83238176609639
748,na,104.41077518833025,104.41077518833025,103.83238176609639,103.83238176609639
749,na,104.41077518833025,104.41077518833025,103.83238176609639,103.83238176609639
750,na,104.41077518833025,104.41077518833025,27.7340629086965,46.03958890969712
751,e,26.77333307205939,104.41077518833025,12.060241830379672,15.036534082923165
752,na,51.541405016446994,58.177196952519125,18.248806176667273,18.301175994938056
753,na,34.43674912250742,41.17004213753646,43.196473281463184,45.747724537955186
754,na,104.41077518833025,104.41077518833025,103.83238176609639,103.83238176609639
755,na,22.514746721575243,22.76118074558218,15.255425195895436,15.288562763369992
756,na,104.41077518833025,104.41077518833025,103.83238176609639,103.83238176609639
757,na,104.41077518833025,104.41077518833025,82.02002940418848,84.7250409862677
758,e,104.41077518833025,104.41077518833025,47.42317274032211,59.06590502022967
759,e,23.099613184093784,24.498403233891445,12.22565337042419,18.851383527315637
760,na,32.049962463894786,32.51711318397786,32.43006987759979,103.83238176609639
761,e,48.243800205478344,52.64719860228701,63.2015761942543,64.39131613065894
762,e,104.41077518833025,104.41077518833025,103.83238176609639,103.83238176609639
763,na,29.031627564412805,32.47854209705364,18.559118675866674,20.725789394423263
764,na,104.41077518833025,104.41077518833025,103.83238176609639,103.83238176609639
765,na,104.41077518833025,104.41077518833025,103.83238176609639,103.83238176609639
766,e,11.71015921797831,14.935114587608531,25.20266823434373,103.83238176609639
767,e,104.41077518833025,104.41077518833025,28.386244489407492,30.59250336880785
768,na,104.41077518833025,104.41077518833025,36.98730689247749,48.09301865438135
769,e,104.41077518833025,104.41077518833025,103.83238176609639,103.83238176609639
770,na,52.80519999936638,104.41077518833025,103.83238176609639,103.83238176609639
771,na,104.41077518833025,104.41077518833025,103.83238176609639,103.83238176609639
772,na,104.41077518833025,104.41077518833025,31.118585699797894,36.009273433038175
773,na,104.41077518833025,104.41077518833025,64.36913161325319,68.2958273297901
774,na,35.65617234967043,36.058443742839465,19.842135778456896,22.806767250681748
775,na,104.41077518833025,104.41077518833025,103.83238176609639,103.83238176609639
776,na,34.61292000563129,35.74703669526995,103.83238176609639,103.83238176609639
777,na,104.41077518833025,104.41077518833025,103.83238176609639,103.83238176609639
778,na,104.41077518833025,104.41077518833025,27.524388219438514,30.10773869955291
779,na,10.104852448148476,16.042348070061937,40.000509049837596,48.484650077795784
780,na,13.905821948459154,21.772780616495982,45.351208709811885,50.73365308312852
781,na,104.41077518833025,104.41077518833025,103.83238176609639,103.83238176609639
782,na,104.41077518833025,104.41077518833025,103.83238176609639,103.83238176609639
783,na,21.44170595021988,28.764313564873984,36.99418711232111,41.503897288930055
784,na,7.415332154091358,8.61536951197382,0.8382565565615379,17.92287700539606
785,e,104.41077518833025,104.41077518833025,15.360839680269008,17.505548719221732
786,na,104.41077518833025,104.41077518833025,103.83238176609639,103.83238176609639
787,e,104.41077518833025,104.41077518833025,103.83238176609639,103.83238176609639
788,na,19.75365858843809,37.80305240523921,20.764667730874567,25.732743452441127
789,na,104.41077518833025,104.41077518833025,30.12330326223203,31.386973522560282
790,na,104.41077518833025,104.41077518833025,53.04250193435065,53.499233463299426
791,e,104.41077518833025,104.41077518833025,27.760784513749492,30.174055636219258
792,na,104.41077518833025,104.41077518833025,103.83238176609639,103.83238176609639
793,e,104.41077518833025,104.41077518833025,44.47850781062623,103.83238176609639
794,e,104.41077518833025,104.41077518833025,103.83238176609639,103.83238176609639
795,na,29.2944551421399,34.27672825237548,103.83238176609639,103.83238176609639
796,na,6.897199911652544,7.6406386242578295,41.7770350091056,44.274407978208714
797,na,104.41077518833025,104.41077518833025,19.9606128275265,103.83238176609639
798,na,67.12185147680427,67.52835727129016,103.83238176609639,103.83238176609639
799,e,46.69051268534533,55.33573648322277,26.873979153082452,33.89755859411826
800,na,50.773304930768134,50.871673399659414,21.19319367127941,21.520420104894132
801,na,28.162947275438157,36.23238151965764,103.83238176609639,103.83238176609639
802,e,30.82043439999871,33.47228994528019,103.83238176609639,103.83238176609639
803,na,104.41077518833025,104.41077518833025,103.83238176609639,103.83238176609639
804,na,29.541829645703793,30.56040815031339,103.83238176609639,103.83238176609639
805,na,104.41077518833025,104.41077518833025,25.783612021724515,25.875131588015147
806,na,52.64335660877083,56.560053330589355,42.56862452888174,48.289000803649465
807,na,33.784581870682764,34.80045961445772,25.806216933875454,30.553859560983703
808,e,16.655357236533156,18.628518536848084,34.68253922070635,36.676067228692546
809,na,18.35390865069417,30.019315130242095,103.83238176609639,103.83238176609639
810,na,8.099894670614757,12.390834059667153,0.7840284243600572,1.0431803740930854
811,na,104.41077518833025,104.41077518833025,103.83238176609639,103.83238176609639
812,na,45.48231041914746,48.367224777530595,32.12345310696031,35.51155382563901
813,na,17.785857880389308,24.348325250294156,103.83238176609639,103.83238176609639
814,na,8.22552509283639,24.098859562390068,0.10920142030741489,1.2114648910070274
815,na,21.375928110713268,27.25040416612287,25.453892422291513,28.2023090182826
816,na,104.41077518833025,104.41077518833025,22.05913300758372,26.49403649880059
817,na,14.449077709629012,21.784575199726056,49.26286760405515,51.466538576583034
818,na,104.41077518833025,104.41077518833025,24.50322450005436,29.143892079663885
819,na,34.918579573884465,104.41077518833025,103.83238176609639,103.83238176609639
820,na,31.69778036678421,104.41077518833025,27.79087165119926,41.98715627957896
821,e,104.41077518833025,104.41077518833025,103.83238176609639,103.83238176609639
822,na,44.51639535377531,52.779174050756446,20.591652689124096,26.962044683866797
823,na,104.41077518833025,104.41077518833025,26.87820809419416,28.467373849524535
824,e,104.41077518833025,104.41077518833025,103.83238176609639,103.83238176609639
825,na,104.41077518833025,104.41077518833025,103.83238176609639,103.83238176609639
826,na,104.41077518833025,104.41077518833025,103.83238176609639,103.83238176609639
827,na,104.41077518833025,104.41077518833025,103.83238176609639,103.83238176609639
828,na,11.067417776621696,11.572096345377709,25.505748889104936,32.85128078345158
829,e,104.41077518833025,104.41077518833025,21.82098847432954,22.185409036443197
830,e,48.33503521126406,52.70357334141167,103.83238176609639,103.83238176609639
831,e,104.41077518833025,104.41077518833025,15.716160446388304,19.04751442076119
832,e,104.41077518833025,104.41077518833025,103.83238176609639,103.83238176609639
833,na,104.41077518833025,104.41077518833025,103.83238176609639,103.83238176609639
834,na,38.108573336799104,42.957405324389924,42.141522684691154,43.99036136925508
835,na,104.41077518833025,104.41077518833025,103.83238176609639,103.83238176609639
836,e,64.3086091153735,68.2799761912025,27.262142668805403,45.88240161823636
837,na,104.41077518833025,104.41077518833025,90.27381463385268,103.83238176609639
838,na,104.41077518833025,104.41077518833025,103.83238176609639,103.83238176609639
839,na,45.41667775899196,56.244208794712634,35.98398706547156,39.262014264203465
840,na,35.59534126797617,35.93159414143639,21.474615820627537,27.043988700449855
841,na,104.41077518833025,104.41077518833025,41.30380680104289,51.286197252689135
842,na,104.41077518833025,104.41077518833025,103.83238176609639,103.83238176609639
843,na,104.41077518833025,104.41077518833025,38.06731483587002,39.82225644560912
844,na,104.41077518833025,104.41077518833025,103.83238176609639,103.83238176609639
845,na,75.9772824685226,76.70656587351948,103.83238176609639,103.83238176609639
846,na,28.9466683815766,29.24240580235901,103.83238176609639,103.83238176609639
847,e,104.41077518833025,104.41077518833025,103.83238176609639,103.83238176609639
848,na,23.986534638683484,24.31154946738516,103.83238176609639,103.83238176609639
849,na,104.41077518833025,104.41077518833025,103.83238176609639,103.83238176609639
850,e,104.41077518833025,104.41077518833025,19.949579206500363,20.11956791788878
851,na,-1,0,-1,0
852,na,104.41077518833025,104.41077518833025,103.83238176609639,103.83238176609639
853,na,13.321005997721207,15.061634548263221,13.274988251500357,14.973857481051372
854,na,104.41077518833025,104.41077518833025,40.025250139068945,40.39676188664969
855,na,33.48034507011927,34.26022904783916,24.206088326775316,25.504685543208005
856,e,104.41077518833025,104.41077518833025,42.91989943164141,54.83417608105146
857,na,104.41077518833025,104.41077518833025,46.354399840028975,65.34493097473916
858,na,104.41077518833025,104.41077518833025,24.587647457812725,26.513834292873558
859,na,35.10589472777463,48.69314986781728,103.83238176609639,103.83238176609639
860,na,19.421880647203736,24.632045130868793,103.83238176609639,103.83238176609639
861,na,39.70600486836248,54.94727060819663,11.887734074684332,16.378376151175445
862,na,17.571171457010493,20.920967448749412,33.399646653758175,41.56252337507505
863,na,104.41077518833025,104.41077518833025,103.83238176609639,103.83238176609639
864,e,104.41077518833025,104.41077518833025,41.294929032616274,41.83887640966085
865,e,104.41077518833025,104.41077518833025,37.40698785044844,39.2675334982413
866,e,41.456359912029214,43.56839580326216,43.249567878527685,48.990252006098196
867,e,20.46676932278484,24.687924568666993,1.7155343533059406,3.193853545152628
868,na,24.046579601423492,29.304807631195562,27.13833893507838,37.64961530854653
869,na,104.41077518833025,104.41077518833025,19.463492361949527,20.769059416762307
870,na,104.41077518833025,104.41077518833025,103.83238176609639,103.83238176609639
871,e,104.41077518833025,104.41077518833025,3.0183270457589635,3.2556249582032217
872,na,104.41077518833025,104.41077518833025,42.34885446119879,58.55785484215802
873,e,104.41077518833025,104.41077518833025,43.958815552121536,44.733692212698465
874,na,104.41077518833025,104.41077518833025,103.83238176609639,103.83238176609639
875,na,104.41077518833025,104.41077518833025,103.83238176609639,103.83238176609639
876,na,32.98910322908672,35.89843507873129,9.415187897178932,10.295340302347537
877,e,104.41077518833025,104.41077518833025,103.83238176609639,103.83238176609639
878,e,32.49613803973575,43.07305466975426,21.795525911570724,23.461768289388203
879,na,18.875841471118324,20.537025128126096,32.39650425892012,32.70828277301065
880,e,104.41077518833025,104.41077518833025,103.83238176609639,103.83238176609639
881,na,104.41077518833025,104.41077518833025,103.83238176609639,103.83238176609639
882,na,31.713217184741914,31.99495504605482,103.83238176609639,103.83238176609639
883,na,9.14504496784619,15.616589082292894,0.13753774936868565,0.744359321370201
884,na,32.38927320140395,32.681419579829246,35.38670917090824,36.38200924350001
885,na,30.43785214095445,30.89884635704534,55.743432531758316,57.150227136187034
886,na,104.41077518833025,104.41077518833025,103.83238176609639,103.83238176609639
887,na,104.41077518833025,104.41077518833025,103.83238176609639,103.83238176609639
888,na,104.41077518833025,104.41077518833025,54.92081227303941,103.83238176609639
889,na,104.41077518833025,104.41077518833025,103.83238176609639,103.83238176609639
890,na,19.06560284302107,104.41077518833025,14.856496765781873,19.930398063297037
891,na,44.715789667115345,52.59870283641768,103.83238176609639,103.83238176609639
892,na,62.991849486028606,64.74730298409975,42.06491540137547,43.425990591714346
893,e,33.979913211486966,38.27967680495029,26.060474198633294,27.599355071546746
894,e,55.41161111026126,56.51350472359851,52.05596307955023,56.01997779593253
895,e,104.41077518833025,104.41077518833025,34.505217082217705,36.58449623242847
896,na,104.41077518833025,104.41077518833025,103.83238176609639,103.83238176609639
897,na,104.41077518833025,104.41077518833025,103.83238176609639,103.83238176609639
898,na,104.41077518833025,104.41077518833025,26.88965681608694,103.83238176609639
899,na,104.41077518833025,104.41077518833025,103.83238176609639,103.83238176609639
900,na,18.289399387833946,24.707775319885663,20.370537863557093,25.33146300929774
901,na,104.41077518833025,104.41077518833025,34.58155130663288,44.30407365039946
902,e,104.41077518833025,104.41077518833025,103.83238176609639,103.83238176609639
903,na,13.188939143430536,25.009852584146724,103.83238176609639,103.83238176609639
904,e,35.38148996268533,104.41077518833025,44.28190810818309,46.33380556619158
905,e,104.41077518833025,104.41077518833025,28.76583464092058,33.42624541690936
906,na,104.41077518833025,104.41077518833025,52.8078678464385,54.79254856088549
907,na,104.41077518833025,104.41077518833025,103.83238176609639,103.83238176609639
908,na,104.41077518833025,104.41077518833025,103.83238176609639,103.83238176609639
909,e,27.613503752640188,31.15514605089713,21.128146524139137,103.83238176609639
910,na,29.85299932567383,39.89611340385065,26.771158771458445,29.171731575699944
911,na,54.372239906922246,54.46062549889569,35.91392700425296,40.34957413658127
912,na,104.41077518833025,104.41077518833025,43.79005915567098,44.00556561469327
913,na,104.41077518833025,104.41077518833025,103.83238176609639,103.83238176609639
914,na,21.684900163823585,22.801989443131006,17.424733154800187,103.83238176609639
915,na,4.8623586575451965,11.425413096894298,22.922923854245695,27.196930177738214
916,na,104.41077518833025,104.41077518833025,58.12938522450824,62.355215364432105
917,na,104.41077518833025,104.41077518833025,25.552113057161648,26.661953300904866
918,e,104.41077518833025,104.41077518833025,103.83238176609639,103.83238176609639
919,e,104.41077518833025,104.41077518833025,42.51476539573965,48.15446212024118
920,na,40.46621702362575,51.2770083488992,103.83238176609639,103.83238176609639
921,na,8.172160339687029,12.217194391178381,33.073382683702135,35.703851456758045
922,na,104.41077518833025,104.41077518833025,103.83238176609639,103.83238176609639
923,e,66.75111016112285,68.75119081670732,17.226613906449355,17.87371703805727
924,na,104.41077518833025,104.41077518833025,51.75604370994689,52.38146613463891
925,na,104.41077518833025,104.41077518833025,103.83238176609639,103.83238176609639
926,na,104.41077518833025,104.41077518833025,103.83238176609639,103.83238176609639
927,na,7.899273420846299,9.192032483491971,12.318438737659621,19.87629928283895
928,na,21.26375032430534,21.880951061078083,103.83238176609639,103.83238176609639
929,e,104.41077518833025,104.41077518833025,103.83238176609639,103.83238176609639
930,na,104.41077518833025,104.41077518833025,103.83238176609639,103.83238176609639
931,na,104.41077518833025,104.41077518833025,103.83238176609639,103.83238176609639
932,na,54.99344790231753,56.729167528229915,103.83238176609639,103.83238176609639
933,e,30.116473400024393,104.41077518833025,38.73320656281089,103.83238176609639
934,na,50.02471835177874,50.237152796704244,22.086604960170074,34.310183063063
935,na,9.779712434164685,13.071532503767756,28.801394745665867,29.103069478700597
936,e,104.41077518833025,104.41077518833025,103.83238176609639,103.83238176609639
937,e,104.41077518833025,104.41077518833025,103.83238176609639,103.83238176609639
938,na,104.41077518833025,104.41077518833025,55.06712445765255,57.98601220868923
939,na,104.41077518833025,104.41077518833025,17.87057709924655,23.81937652681801
940,na,20.98247769651957,21.649598997128052,25.35370615422275,25.459174712433672
941,na,37.02048480105862,39.263817610795755,20.24856799169477,20.68496423627735
942,na,104.41077518833025,104.41077518833025,103.83238176609639,103.83238176609639
943,na,104.41077518833025,104.41077518833025,103.83238176609639,103.83238176609639
944,na,59.07161424038861,64.18251202220915,103.83238176609639,103.83238176609639
945,e,104.41077518833025,104.41077518833025,27.149456728402843,31.049338572138478
946,e,104.41077518833025,104.41077518833025,47.429946944300404,50.82967308203368
947,na,104.41077518833025,104.41077518833025,103.83238176609639,103.83238176609639
948,na,104.41077518833025,104.41077518833025,103.83238176609639,103.83238176609639
949,e,104.41077518833025,104.41077518833025,27.953575395645586,28.391996627288773
950,na,104.41077518833025,104.41077518833025,103.83238176609639,103.83238176609639
951,na,8.001299513600845,104.41077518833025,23.164490744285125,31.900837664703076
952,e,104.41077518833025,104.41077518833025,103.83238176609639,103.83238176609639
953,na,104.41077518833025,104.41077518833025,41.142072345566426,46.41092047840339
954,e,104.41077518833025,104.41077518833025,50.76613470955574,51.0412879513373
955,na,12.505752169582864,12.835833720441503,35.90161385053131,36.13601193504132
956,na,104.41077518833025,104.41077518833025,36.78376822907526,43.23591861338085
957,na,104.41077518833025,104.41077518833025,27.55119444538199,103.83238176609639
958,e,104.41077518833025,104.41077518833025,103.83238176609639,103.83238176609639
959,na,104.41077518833025,104.41077518833025,103.83238176609639,103.83238176609639
960,e,32.230430674182415,32.28765263451744,27.57855930887895,40.045560567443815
961,na,16.107984318999662,24.02124854239373,26.815873579840968,29.347012990152606
962,na,104.41077518833025,104.41077518833025,103.83238176609639,103.83238176609639
963,na,104.41077518833025,104.41077518833025,14.758208606975465,18.63219775859123
964,na,104.41077518833025,104.41077518833025,103.83238176609639,103.83238176609639
965,na,104.41077518833025,104.41077518833025,103.83238176609639,103.83238176609639
966,e,58.2308221279757,58.89517574214163,103.83238176609639,103.83238176609639
967,na,104.41077518833025,104.41077518833025,37.7222104830477,40.020018208856925
968,e,104.41077518833025,104.41077518833025,31.683383295569946,36.076320427817535
969,na,104.41077518833025,104.41077518833025,103.83238176609639,103.83238176609639
970,na,104.41077518833025,104.41077518833025,103.83238176609639,103.83238176609639
971,na,104.41077518833025,104.41077518833025,103.83238176609639,103.83238176609639
972,na,19.665987789803562,25.503395992323174,7.935391120730598,103.83238176609639
973,e,104.41077518833025,104.41077518833025,103.83238176609639,103.83238176609639
974,na,10.889902370164137,11.143876584606497,103.83238176609639,103.83238176609639
975,na,31.829832465495414,39.82806108174812,24.56656244630193,35.477658406051376
976,na,104.41077518833025,104.41077518833025,16.741970720183012,19.211698364175348
977,na,104.41077518833025,104.41077518833025,103.83238176609639,103.83238176609639
978,na,20.190246866683545,21.35001716725799,17.34365097492933,17.8568819784345
979,e,104.41077518833025,104.41077518833025,27.807079780458213,32.327221287386884
980,na,24.122218863350263,39.66004670481164,23.01952310790087,36.53782287569349
981,na,48.26378260555712,48.73339697669172,21.29121500739106,25.420250274411444
982,na,104.41077518833025,104.41077518833025,103.83238176609639,103.83238176609639
983,na,104.41077518833025,104.41077518833025,11.687316419258506,16.2905430123932
984,na,4.265676636758333,6.668696095960591,2.5299056459157137,2.8524654093559456
985,na,46.27102361517944,46.94828701264627,46.00694943041111,55.35097323022913
986,na,13.388370220109142,17.32418150609305,25.687972944959128,26.34091930291866
987,na,104.41077518833025,104.41077518833025,41.9224646212545,42.84217043238928
988,na,64.94449834383192,69.81134323526902,30.744114323497406,34.12918152894976
989,na,104.41077518833025,104.41077518833025,103.83238176609639,103.83238176609639
990,e,104.41077518833025,104.41077518833025,103.83238176609639,103.83238176609639
991,na,104.41077518833025,104.41077518833025,103.83238176609639,103.83238176609639
992,na,68.73391510555557,73.21142444244113,87.6099748485848,94.31305734179954
993,na,104.41077518833025,104.41077518833025,37.106910715474825,46.16766607134545
994,na,104.41077518833025,104.41077518833025,103.83238176609639,103.83238176609639
995,e,104.41077518833025,104.41077518833025,35.80330167949691,38.503795977449855
996,na,38.12587405788298,41.017597170585525,64.00048604780181,64.56621279337321
997,na,104.41077518833025,104.41077518833025,103.83238176609639,103.83238176609639
998,e,104.41077518833025,104.41077518833025,103.83238176609639,103.83238176609639
999,na,45.01341737763748,51.58409482240253,27.20952410604424,35.72120413045484
