node, assignment, time2inf_trt, time2death_trt, time2inf_con, time2death_con
0,na,0,8.87467381485258,0,1.719608145535903
1,na,0,5.922927434897005,0,56.98407464229478
2,na,-1,0,-1,0
3,na,0,0.9415943584323202,0,17.631094820495218
4,na,19.046047990877994,19.421738610028626,28.60681812903796,29.901939617220034
5,na,42.441861979466005,60.33687097803247,35.10882101745236,120.19593725860855
6,na,11.213753579809497,25.372545845435504,18.23670760032183,120.19593725860855
7,na,12.516233535326363,22.466973656007333,15.230929925878625,120.19593725860855
8,e,105.7209433933115,105.7209433933115,120.19593725860855,120.19593725860855
9,na,105.7209433933115,105.7209433933115,120.19593725860855,120.19593725860855
10,na,48.70773039669656,105.7209433933115,25.092262174448813,120.19593725860855
11,na,105.7209433933115,105.7209433933115,120.19593725860855,120.19593725860855
12,na,26.605796744206554,38.99788105509603,20.08638226765708,36.02254067580254
13,na,40.781271097919266,105.7209433933115,120.19593725860855,120.19593725860855
14,na,105.7209433933115,105.7209433933115,120.19593725860855,120.19593725860855
15,na,19.260673283571805,22.605506332977285,37.826834428237234,37.90098783372538
16,na,26.069042987107967,105.7209433933115,29.502830374036733,34.645990547685635
17,na,30.742779923152334,32.240601971885376,120.19593725860855,120.19593725860855
18,na,31.776254250705463,45.1686190229977,60.76837076754377,63.18785667697558
19,na,105.7209433933115,105.7209433933115,49.12717763552719,54.042091695692484
20,na,28.39036752470241,29.459041183831154,30.169356761738243,34.039931800309034
21,e,105.7209433933115,105.7209433933115,22.804440765678805,120.19593725860855
22,na,7.009749580378129,7.963838906159433,1.5723345526043073,20.386607698688668
23,na,21.229883321708684,105.7209433933115,26.67178891191467,58.99513034523639
24,na,18.519999770235327,29.923059731182004,21.370477956095424,23.80824099918708
25,na,67.66281885890199,105.7209433933115,22.64443171756989,32.8450103409603
26,na,105.7209433933115,105.7209433933115,44.97480805541247,52.655322055526945
27,na,27.64681909034026,32.378805503822434,27.364642465720525,29.825046958640062
28,na,22.017578025035668,28.805937790813704,47.453579929342105,49.59050763814073
29,na,11.780955332938019,39.20264328044837,12.022999695753512,120.19593725860855
30,na,105.7209433933115,105.7209433933115,44.25158455794876,50.12015076556367
31,na,105.7209433933115,105.7209433933115,120.19593725860855,120.19593725860855
32,na,42.852504751210915,56.15765031921588,29.078221050231935,34.293404528932044
33,na,35.28324392683167,42.857317461972954,14.200615007202058,14.83641367868627
34,e,105.7209433933115,105.7209433933115,35.45564953264735,52.76816402740327
35,na,44.83472077610554,105.7209433933115,21.736136211299055,32.39654267257463
36,e,105.7209433933115,105.7209433933115,37.1174720872932,40.78431780931988
37,na,105.7209433933115,105.7209433933115,120.19593725860855,120.19593725860855
38,na,30.345724095194957,31.982978862999687,120.19593725860855,120.19593725860855
39,na,105.7209433933115,105.7209433933115,26.27862904926621,38.80360895854271
40,na,105.7209433933115,105.7209433933115,48.48066465319523,57.32256646993378
41,na,22.252445944715358,105.7209433933115,35.89786986301932,40.038276318790416
42,na,105.7209433933115,105.7209433933115,120.19593725860855,120.19593725860855
43,na,19.93487321383824,45.034226252140904,36.681946811788706,37.93017712006458
44,e,105.7209433933115,105.7209433933115,28.327378102466934,38.61958611699273
45,na,105.7209433933115,105.7209433933115,55.51634389698784,76.66691280580535
46,na,26.110049121788244,105.7209433933115,7.435744842618152,22.722258596043087
47,na,21.550558859150506,24.74189315958871,34.27237460366897,44.644088954474576
48,na,53.72444433116222,105.7209433933115,32.46948148370411,33.34219960332947
49,na,49.968943337500264,67.32211034739026,120.19593725860855,120.19593725860855
50,na,51.05768492026343,54.22318671950287,22.53592373067477,53.837049222398036
51,na,33.3031146771356,38.096956604589046,10.120581499911196,16.901067648402467
52,na,45.630017656344705,46.1977018189289,120.19593725860855,120.19593725860855
53,na,23.580318627733558,26.78500463976841,28.954894748946238,33.750294803415436
54,na,28.749282532276272,105.7209433933115,34.95550023490507,56.24977616874316
55,na,105.7209433933115,105.7209433933115,48.63351048904134,51.97401543200706
56,na,30.609516373571243,35.37498163038424,120.19593725860855,120.19593725860855
57,e,105.7209433933115,105.7209433933115,13.39465898806881,18.2079168174299
58,na,25.244409498712493,34.23812784776382,29.815776435043453,30.060293463883358
59,na,31.848640526543594,32.285203459516445,35.53948133758344,65.54473997354596
60,na,39.423059565286025,42.10743861748802,36.00009314630126,41.37758732128669
61,na,29.675338878070097,31.34514281321985,27.737705613552286,30.27732865181026
62,na,27.178226511189763,42.17011068790624,23.018717931325412,25.675091001177204
63,na,37.35189613810482,48.18823800839828,120.19593725860855,120.19593725860855
64,na,40.89107425672922,41.98613525837565,13.723307922076067,22.00987070780423
65,na,34.48150098649078,38.0936485480723,17.915102984365603,47.56228960683199
66,na,26.787961866806697,26.92381938157607,27.433882952008616,57.495503909681425
67,na,23.770223361508915,29.345047138706015,29.118067158313984,43.617947341884644
68,e,105.7209433933115,105.7209433933115,33.36316909739787,49.581252681716165
69,na,30.176816541709417,34.61100664508442,63.39903901842437,65.37276218959734
70,na,41.01824574931447,43.62273569707106,22.184360182281118,28.080399412579457
71,na,105.7209433933115,105.7209433933115,44.514978527727074,55.993896341696626
72,e,105.7209433933115,105.7209433933115,20.583029976406134,27.16739989715104
73,na,26.255053961326823,30.807912020443265,17.859600220462294,21.428256449626176
74,na,12.951158312705113,53.4951452759922,19.623069228075572,26.89398362154041
75,na,49.98914586038769,71.56796859469483,48.772029480024294,62.18324928397115
76,na,4.597618095762637,21.558055693478078,25.67390196148657,51.02020911079743
77,na,36.67744500043337,54.35425754426404,31.336788974866455,43.335041735981676
78,na,31.397082188825642,33.38183526423018,30.38301615825781,31.369343967186254
79,na,105.7209433933115,105.7209433933115,29.447774596882354,34.17951445420976
80,na,42.17495220010461,68.322807887662,61.66212774364643,70.11519879791932
81,na,22.95674606473161,24.30214459680099,46.214336057252886,56.35725994242764
82,na,105.7209433933115,105.7209433933115,120.19593725860855,120.19593725860855
83,na,29.23257061002678,105.7209433933115,36.99695744539849,99.71349017636634
84,na,105.7209433933115,105.7209433933115,34.0712913411825,36.04242069241571
85,na,24.869700267248934,55.420748194776586,28.825185313048536,33.50995555946293
86,na,45.42546687088361,54.09284805829106,120.19593725860855,120.19593725860855
87,e,105.7209433933115,105.7209433933115,34.836311760196175,41.85280456313962
88,na,37.389378784073116,50.62165346911243,32.37641248377174,34.49705330850715
89,na,22.00954787930859,31.813658945545047,25.52082844044174,34.169069220973526
90,na,25.55712227308836,32.74137758122564,32.983863971952616,41.81302434612632
91,na,23.07162484395165,105.7209433933115,30.426927275639454,76.52081416079696
92,na,18.471679248142767,20.322638956582804,28.77213695215021,120.19593725860855
93,na,19.092359255266775,37.44604053756295,16.925536801639076,120.19593725860855
94,na,26.37825255588084,29.008046757572195,36.64387291728984,120.19593725860855
95,na,40.38521748599347,46.208228377049075,29.333306127730406,50.49296972310476
96,na,21.791302936283447,24.373903509680957,41.48251118868915,42.69929898317264
97,na,105.7209433933115,105.7209433933115,31.406763206284023,120.19593725860855
98,na,29.447540626155668,105.7209433933115,48.4913624837336,120.19593725860855
99,na,32.93354575961419,41.916348585891335,24.790123196734108,120.19593725860855
100,na,105.7209433933115,105.7209433933115,120.19593725860855,120.19593725860855
101,na,105.7209433933115,105.7209433933115,120.19593725860855,120.19593725860855
102,na,105.7209433933115,105.7209433933115,120.19593725860855,120.19593725860855
103,na,105.7209433933115,105.7209433933115,59.73822312623669,65.43793224304693
104,na,11.831014839647263,105.7209433933115,10.823764462199124,11.624780446985676
105,na,29.137489506286826,29.499523670684002,22.985324677614358,26.781703890854544
106,e,105.7209433933115,105.7209433933115,18.308624923795723,22.625896240733034
107,na,40.7595034368525,48.5935411251985,48.55891049808954,60.912451755206256
108,na,30.61509200958325,52.493479601132364,11.334865869337563,24.31429776954122
109,na,105.7209433933115,105.7209433933115,120.19593725860855,120.19593725860855
110,na,105.7209433933115,105.7209433933115,26.72856530461953,38.58913020455729
111,na,35.188869997302504,59.97183724248287,33.504611547293734,34.168304155252905
112,na,38.99435297984565,47.02564883977501,12.92832874986592,36.878820305465894
113,na,33.009642376201846,45.820332999446094,24.615734413069223,27.048202682599303
114,na,44.47781263341884,48.772368746614525,52.889242144872995,66.3070472013518
115,na,41.42651372815366,42.95197410080414,26.874597106126842,29.14726724792618
116,na,32.91628255684401,38.951250580023704,31.94865825574411,43.68086810151348
117,e,105.7209433933115,105.7209433933115,25.8653837357406,31.027398654194272
118,na,12.488782359059545,105.7209433933115,120.19593725860855,120.19593725860855
119,na,41.901779758092026,60.880354259751854,20.301121276507857,23.69001674470681
120,na,23.361955074164136,31.644312744440928,31.684817221431427,33.93328397097071
121,na,105.7209433933115,105.7209433933115,120.19593725860855,120.19593725860855
122,na,27.599211975605744,47.16024788238448,30.170633688872382,48.85774171020936
123,na,105.7209433933115,105.7209433933115,120.19593725860855,120.19593725860855
124,na,28.44817714411622,66.39206496607308,67.16866449746026,70.09719519092108
125,na,30.972277812415935,33.615627904765965,25.828448184010128,40.39394830011733
126,na,26.328270430906368,29.224607920347573,12.829986345860135,15.911636137595192
127,na,24.50188013734794,105.7209433933115,42.58221955781932,57.24204154641901
128,na,18.317334056732644,41.31009721816159,17.626148647891902,35.06061347430652
129,na,22.32058486059951,22.52331875053005,32.21602377932794,120.19593725860855
130,na,105.7209433933115,105.7209433933115,26.31938900467109,120.19593725860855
131,na,29.385550626936734,39.17440982282667,16.88159050334384,38.02162045173063
132,na,105.7209433933115,105.7209433933115,25.516906292016042,38.61713758982551
133,na,105.7209433933115,105.7209433933115,120.19593725860855,120.19593725860855
134,na,27.052401913963088,42.24713130070232,18.52146728120451,29.668467780439286
135,na,23.44304845151655,105.7209433933115,32.377216187058224,120.19593725860855
136,na,25.856784720031477,31.54152754214032,120.19593725860855,120.19593725860855
137,na,30.517647941800963,38.31682320914262,35.76318526282306,38.47551443589183
138,na,30.409502469624492,32.47400357402775,20.19116424615029,30.68921515773791
139,na,30.742653286591757,55.131317211923395,30.55109423515185,34.051823869177
140,na,27.436464745940167,105.7209433933115,22.554545571516055,24.24231203724829
141,na,36.32954873271905,49.691931183197994,24.52730936491376,54.64440325746967
142,na,40.50287473610208,46.03877063317087,12.586866220644948,120.19593725860855
143,na,34.08357125199758,46.92583735200709,33.93667673635994,36.274899500952486
144,na,32.90691772747548,39.54351125934508,25.51938442090917,33.65536438737031
145,na,45.99879803028359,50.131671735771164,14.326057088537832,15.828717952614879
146,na,105.7209433933115,105.7209433933115,32.23150062750828,37.09202190324715
147,na,105.7209433933115,105.7209433933115,30.44304086296486,43.30608301229097
148,na,15.854734787823626,20.904836986904613,28.632308679539015,53.23817440135418
149,na,105.7209433933115,105.7209433933115,16.879925038379973,49.85779785321893
150,na,31.15848507019961,32.371778145270234,120.19593725860855,120.19593725860855
151,na,35.324791713661995,105.7209433933115,25.546146991845898,34.284559600575484
152,na,105.7209433933115,105.7209433933115,32.2163775454754,71.39940555911318
153,na,105.7209433933115,105.7209433933115,120.19593725860855,120.19593725860855
154,e,105.7209433933115,105.7209433933115,33.34730392673585,38.46893678748967
155,na,34.41684742937909,39.796074223331956,37.10385060956711,44.059438142617665
156,na,23.463484175840073,26.05279042360945,15.658517165407245,27.242714763375
157,na,105.7209433933115,105.7209433933115,46.432985975476775,51.53450819213804
158,na,15.532705675293055,105.7209433933115,21.92252416397142,26.464382683219743
159,e,105.7209433933115,105.7209433933115,31.701348286349422,120.19593725860855
160,na,1.9009399617360918,2.4651598183206143,16.962873177416494,21.994466965218567
161,na,47.176193240250626,47.49733373749559,45.23114208099844,57.215270163737436
162,na,29.775295617165714,54.60951484844552,120.19593725860855,120.19593725860855
163,e,105.7209433933115,105.7209433933115,27.5033867033649,30.752181247164568
164,na,18.22440227239806,28.754955004048853,12.907846966814443,13.27455122520122
165,na,39.963955226943895,40.99385064846015,17.770492631235175,31.052760569196476
166,na,46.907336037743676,57.99984902971395,38.27985191952057,57.59252453801883
167,na,29.632301885396075,30.144595999721904,30.689217970047636,34.67906038161404
168,na,105.7209433933115,105.7209433933115,120.19593725860855,120.19593725860855
169,na,16.62154958282631,19.356387087912065,22.815697846756134,24.194342790038597
170,na,105.7209433933115,105.7209433933115,42.97987038466871,57.076159615062025
171,na,22.3341191123306,23.806132768575402,29.658126928992044,34.919016664199006
172,na,45.25797176466608,50.05447239425544,16.125330011923936,24.38500955180332
173,na,105.7209433933115,105.7209433933115,120.19593725860855,120.19593725860855
174,na,37.494247183259006,105.7209433933115,42.548446949823294,42.94810909224877
175,na,105.7209433933115,105.7209433933115,120.19593725860855,120.19593725860855
176,na,40.24893573580852,47.991254368040536,7.8850807045456826,120.19593725860855
177,na,26.315520899508826,28.807081146922325,30.374038937453108,41.13482651286908
178,na,29.770192521040684,30.427439017817505,9.477479909241021,11.897939595417423
179,na,34.86533929646781,37.688984942818955,39.155058574676225,107.68069473055117
180,na,40.0291351956862,48.54765126470265,120.19593725860855,120.19593725860855
181,na,44.88858346439381,55.85474448875933,21.000876507629425,34.12902589816394
182,na,105.7209433933115,105.7209433933115,120.19593725860855,120.19593725860855
183,na,33.01154163349227,36.62580961955045,18.447668476677073,120.19593725860855
184,na,44.29818623922258,44.927068703971614,29.033500038911853,37.37491155791429
185,na,28.84311783205755,37.28325373516551,27.853015345551114,120.19593725860855
186,na,16.983152370766955,18.168616440275397,17.789275752835465,42.17054499343837
187,na,30.314842765581425,45.129070605368945,47.03280450993831,58.764679135308555
188,na,20.98210712253489,31.973639453311378,28.537230775724705,35.13057318375351
189,e,105.7209433933115,105.7209433933115,120.19593725860855,120.19593725860855
190,na,9.03647667886725,12.002795112347183,16.336421829531957,49.58965533174228
191,na,22.932697476917845,37.382518388768794,18.88929789598572,19.190819887645166
192,e,105.7209433933115,105.7209433933115,26.355558306772526,39.29954457113835
193,na,31.948402134723697,37.469577690336266,21.60644277061362,23.658759851545668
194,na,37.662932767586945,41.29751957615886,31.601628741276635,47.314320398862435
195,na,14.763247965612312,41.68250946755493,22.400983411063763,32.868139177791505
196,na,38.93710219464586,52.69020588848932,34.22741047683299,69.101651651033
197,na,31.650177011618922,40.04258129522528,29.94590377924459,41.01571106265625
198,na,105.7209433933115,105.7209433933115,32.751852695007656,40.35722743120344
199,na,11.033514461609382,13.185917895689295,21.98700599339116,34.61489668592644
200,na,105.7209433933115,105.7209433933115,120.19593725860855,120.19593725860855
201,na,57.156419791186565,59.931388026317954,27.64291143744791,33.58170121420616
202,e,105.7209433933115,105.7209433933115,25.400520605738024,27.818050988149686
203,na,105.7209433933115,105.7209433933115,22.827722383515702,120.19593725860855
204,e,105.7209433933115,105.7209433933115,120.19593725860855,120.19593725860855
205,na,28.765566964670715,34.95234246351501,22.157259063803014,32.39212129311074
206,na,22.598028664213615,28.99601601952861,22.552605978715636,22.62681847635118
207,na,105.7209433933115,105.7209433933115,120.19593725860855,120.19593725860855
208,na,16.15143216247285,27.08395755367094,23.90533318955352,27.422816332911257
209,na,31.586171826183282,38.817911244528766,28.426965065461825,35.09911074185397
210,na,17.227376185798995,22.0608082321188,33.515980784000405,55.246720164855724
211,e,105.7209433933115,105.7209433933115,120.19593725860855,120.19593725860855
212,na,24.914395594811882,26.261336233906942,21.245850932787906,26.052810311520826
213,na,22.072858646538737,23.06428806986236,40.03276958444854,41.1892790615247
214,e,105.7209433933115,105.7209433933115,31.852249968278514,35.40343367385823
215,na,15.297020122530116,18.412881228060435,29.530425211337512,34.803670749701354
216,na,29.676954521790986,31.24029926158414,32.19407595060924,37.02698926127268
217,na,20.09666972530106,25.350971765418713,36.69355662841267,44.0355125623512
218,na,36.174926062166634,105.7209433933115,35.39214280934964,49.3502905001176
219,na,20.744268145669412,26.764209496002657,19.27237371174878,28.230260449071437
220,e,105.7209433933115,105.7209433933115,63.87877073392738,66.75364144805214
221,na,12.487329294263406,29.706444499063274,12.260513411619156,37.35352740141048
222,na,14.011494820539763,24.051952632192403,30.75062014019918,45.5030687141472
223,na,105.7209433933115,105.7209433933115,120.19593725860855,120.19593725860855
224,na,27.84925725135864,35.642737116266844,120.19593725860855,120.19593725860855
225,e,105.7209433933115,105.7209433933115,18.062153341476968,21.99958988080874
226,na,39.42984969118168,48.58724112520303,42.74965173805131,50.84567652080799
227,na,30.75748158628796,37.70414097392707,14.156914518791494,21.084593171604492
228,na,26.589201064161443,30.03495019319209,36.31061281110594,39.33854786101955
229,na,32.749654735984414,105.7209433933115,22.56735695576674,23.58326445178276
230,na,26.36296773585807,105.7209433933115,27.790225803630506,120.19593725860855
231,e,105.7209433933115,105.7209433933115,33.61191596228624,40.75694377158541
232,na,41.996545833656036,59.24870802497684,21.476869891632504,22.85262862629675
233,na,35.33617688762818,47.10913794531584,120.19593725860855,120.19593725860855
234,na,19.53751884114213,105.7209433933115,12.508000064795553,44.93668711844255
235,e,105.7209433933115,105.7209433933115,27.19709894696877,33.563139457529914
236,na,56.85983856533438,57.58086306040833,32.249766268489715,120.19593725860855
237,na,105.7209433933115,105.7209433933115,46.87224944295831,50.406460364411274
238,na,59.17319782205636,61.795621746734206,27.821727232224355,45.264156771248736
239,na,32.307549066422396,40.1667778056145,47.59820548968438,52.84838416835751
240,na,24.47320799214206,24.51381171044074,30.322601000078112,43.27090851551131
241,na,58.67797396044583,61.88038903455434,59.43095808143403,60.78396031138299
242,na,56.51121663685018,62.198832287575904,120.19593725860855,120.19593725860855
243,na,41.572615477884916,46.3442992913965,25.25475747590697,33.63361492363242
244,na,56.32814936251525,105.7209433933115,30.021978756446156,120.19593725860855
245,na,14.549033499248432,23.649467379107225,19.566314238157414,120.19593725860855
246,na,39.74959197217573,105.7209433933115,52.13867703089315,60.891654959575526
247,na,105.7209433933115,105.7209433933115,120.19593725860855,120.19593725860855
248,na,30.27727090335291,30.36348785121431,53.588360849188554,80.46696744555985
249,na,22.67008261245548,24.66485645617548,120.19593725860855,120.19593725860855
250,na,22.95709917437216,26.4685483702993,40.38850053922727,120.19593725860855
251,na,24.855302229180825,24.940953520173583,25.466062038369532,29.78724538220715
252,na,10.062384413596368,10.272738497486511,15.805500355916786,32.764187660042914
253,na,105.7209433933115,105.7209433933115,120.19593725860855,120.19593725860855
254,e,105.7209433933115,105.7209433933115,28.974194043022422,120.19593725860855
255,na,105.7209433933115,105.7209433933115,21.301259006031735,44.32454440806176
256,na,36.390655857875004,65.24718192153301,24.64939514210912,31.723613770897614
257,na,30.633368716192745,34.72155624516673,23.737339311073537,33.637802858798395
258,na,105.7209433933115,105.7209433933115,33.800268878178784,41.09367694221278
259,na,105.7209433933115,105.7209433933115,120.19593725860855,120.19593725860855
260,na,37.92075098580083,38.31703541407817,18.180996581011076,33.79431556682385
261,na,21.664668701600338,24.27660841627964,17.51287777713547,43.312303579930926
262,na,50.510017923534406,52.26367677128591,50.41793904741619,67.06978703117021
263,na,22.057629038924013,26.03008637564713,25.207411361446038,120.19593725860855
264,na,46.27763287312639,47.06796936994655,120.19593725860855,120.19593725860855
265,na,25.088146196430404,105.7209433933115,65.27795665681235,120.19593725860855
266,na,21.26296671235528,50.66044301068188,23.09202586531562,49.82814049068182
267,na,24.93707664650059,33.13453787473153,120.19593725860855,120.19593725860855
268,e,105.7209433933115,105.7209433933115,26.885416102703967,36.64749267895968
269,na,31.799757009319734,43.660759463388324,27.67493255622293,30.342957473625436
270,na,105.7209433933115,105.7209433933115,19.264268347445395,22.218699976898126
271,na,49.785959514178835,105.7209433933115,34.09713088398285,51.072413420815735
272,na,39.919576427840965,105.7209433933115,26.613473362052478,30.61712827974943
273,na,24.63895119989308,38.938849681830945,33.27592248519456,40.71165773263723
274,e,105.7209433933115,105.7209433933115,21.90064529207499,36.97700074963998
275,na,40.25700107403048,40.65590590274971,33.72014852200691,37.923668230928484
276,na,27.47573414346763,105.7209433933115,31.7886297256653,49.26028055515737
277,na,7.39996485321793,105.7209433933115,32.11311427891555,38.59303564674029
278,na,55.310895871994305,95.18470485426471,23.118039509603292,34.77405061488822
279,na,22.565514255673556,36.851321333412024,45.09898325891665,120.19593725860855
280,na,31.296923048031143,38.017684064723895,28.2318704982565,38.21478365560243
281,na,40.08064828880573,45.52991293902593,72.72991616388029,120.19593725860855
282,na,33.11890313195068,36.86056532637149,26.656808347801224,28.94128147534108
283,na,38.19796914647906,105.7209433933115,120.19593725860855,120.19593725860855
284,e,105.7209433933115,105.7209433933115,9.266478810705333,11.59766303446807
285,na,105.7209433933115,105.7209433933115,30.951016114757515,36.085462670080695
286,na,105.7209433933115,105.7209433933115,49.38788221254946,52.97031269276528
287,na,29.415443160698526,49.18160308573698,25.419670304859416,29.608397290677058
288,na,105.7209433933115,105.7209433933115,41.31370660558705,41.8134826638561
289,na,20.15142205493251,34.60490413190899,19.887117315194256,48.11375818522865
290,na,25.532822791218788,30.753610775452323,6.84756962156114,7.467199405368313
291,na,90.58161377270675,90.91200313395099,120.19593725860855,120.19593725860855
292,na,19.732977765747343,28.7018124352198,17.37739728601002,18.806771263285626
293,na,25.16922406222197,105.7209433933115,36.5575664283213,40.19387142465568
294,na,22.916973607349455,30.605345573193194,21.32414660507938,120.19593725860855
295,na,105.7209433933115,105.7209433933115,120.19593725860855,120.19593725860855
296,na,22.594447922006687,36.52303132547839,26.143832676331748,120.19593725860855
297,na,105.7209433933115,105.7209433933115,120.19593725860855,120.19593725860855
298,na,3.3234796389340038,3.95273327779938,22.191093889904717,47.52767198032454
299,na,31.938244333939057,50.43013628525594,120.19593725860855,120.19593725860855
300,na,105.7209433933115,105.7209433933115,47.063157825762374,49.74541185628506
301,na,26.243840523171382,40.88820303818053,14.782390365384776,24.9611933753938
302,na,105.7209433933115,105.7209433933115,120.19593725860855,120.19593725860855
303,na,39.855039885553055,105.7209433933115,29.668921504437552,53.73415629909867
304,na,105.7209433933115,105.7209433933115,120.19593725860855,120.19593725860855
305,e,105.7209433933115,105.7209433933115,37.70830032345456,40.010273369811145
306,na,22.474731541840278,24.696560009844767,32.63243147620039,36.90676716906533
307,na,23.96868704431694,36.26802261636105,26.20348447579978,29.170423557131876
308,na,2.2596318205511325,105.7209433933115,26.887619184066384,50.2926615681434
309,na,5.123888027281413,6.396995350997698,16.408549441908796,23.214973263338766
310,na,29.28684552076585,33.25769114870608,27.98272277740215,120.19593725860855
311,na,25.932169404281588,28.362667455867037,26.417597786950783,30.091860974407858
312,na,32.64398246400147,40.84579599996023,32.64373168335121,44.96709727606849
313,na,105.7209433933115,105.7209433933115,42.47669880642346,54.75155224945165
314,e,105.7209433933115,105.7209433933115,34.75735987577141,43.749473317338385
315,na,39.119965485009715,41.46948059153726,77.64189282053727,120.19593725860855
316,na,32.54149547075059,35.97511006471818,12.801586030289569,12.860075620689718
317,na,37.523327176790616,105.7209433933115,29.160780835719063,39.442374710727144
318,na,105.7209433933115,105.7209433933115,43.79594951192284,120.19593725860855
319,na,29.256659671156047,30.218120797607003,11.636141372348787,33.729353727525115
320,na,19.0590313743215,37.04437094484059,22.67379699841061,35.34630356431026
321,na,27.872952143072176,34.52109550909126,31.15294040326917,36.98929097595146
322,na,30.02218617645859,38.72299992689609,23.64190213649759,28.950916213189185
323,na,14.783662467303687,27.793716641131248,6.502343773595367,46.12913610022218
324,na,47.82932835563419,105.7209433933115,30.52444910562508,34.88086478697577
325,na,105.7209433933115,105.7209433933115,120.19593725860855,120.19593725860855
326,na,105.7209433933115,105.7209433933115,120.19593725860855,120.19593725860855
327,na,105.7209433933115,105.7209433933115,28.243312155317366,35.414609401565976
328,na,105.7209433933115,105.7209433933115,42.29052948662206,57.04137167098192
329,na,17.10713209712585,43.27133193185486,9.585375816437473,13.631605436104486
330,na,20.04282860148754,29.630371444163988,27.379234141325586,27.471893479119526
331,na,38.06576728128389,39.066401026560854,120.19593725860855,120.19593725860855
332,na,20.89261190939694,24.53490931764098,16.312290761125603,22.727502334499157
333,na,17.45371798559267,24.42058412235326,41.04264139153306,80.20271132357746
334,na,15.523308598441178,17.641752624292756,19.556849142674142,43.30381749767259
335,e,105.7209433933115,105.7209433933115,120.19593725860855,120.19593725860855
336,na,23.46944892618938,29.20766750451638,21.808745842817455,35.80965575290873
337,na,30.741638259681842,34.22944071542446,120.19593725860855,120.19593725860855
338,na,29.28533074703542,105.7209433933115,14.958916951895997,32.23352276943157
339,na,20.673196339622777,22.587527898347865,28.225371086521754,41.26238046494777
340,na,36.49098172153106,45.26851126571111,18.877609739055284,20.81785605998296
341,na,19.88414143972759,47.32438402939161,20.709200330996357,25.87288173733811
342,na,29.1681105301354,105.7209433933115,49.47289605167257,120.19593725860855
343,na,12.771901610645289,27.67973274449014,26.060933649135208,33.58552979373412
344,na,19.845642498981313,29.33227114933422,120.19593725860855,120.19593725860855
345,na,16.93507483913337,25.997557179514946,30.923712857056234,46.50715401699972
346,na,59.94637521850546,105.7209433933115,29.255336902586286,44.48742370653556
347,na,105.7209433933115,105.7209433933115,120.19593725860855,120.19593725860855
348,na,44.61495210905764,50.13543526021596,36.73363803138297,59.85338491867483
349,na,8.54048060474348,13.177266226946616,19.668994850777413,31.659561822486307
350,na,30.51558541571113,44.38873869814416,24.15319932046654,120.19593725860855
351,na,29.52442694731135,105.7209433933115,22.450348759239095,22.532639530698308
352,na,1.1686183974130904,7.0338330235757045,11.951483730023998,18.03703547883048
353,na,27.554126631252863,30.5181759144549,30.512836907973185,36.376173827433256
354,na,46.51585018442889,61.81904479275766,52.60736631742585,68.9937227910955
355,na,105.7209433933115,105.7209433933115,120.19593725860855,120.19593725860855
356,na,105.7209433933115,105.7209433933115,29.01041350703097,37.55579041968899
357,na,105.7209433933115,105.7209433933115,32.33718112342375,120.19593725860855
358,na,21.564438537452222,23.384088948599082,19.133655831060338,72.65308090700148
359,na,24.877450387762398,39.84418446886875,40.41931546137933,67.42689860196455
360,na,61.20127379696139,64.09361612654116,120.19593725860855,120.19593725860855
361,na,105.7209433933115,105.7209433933115,31.866782276673824,33.33028945777814
362,na,19.976481889065575,47.32455255888871,44.62994001194709,53.88115263386096
363,e,105.7209433933115,105.7209433933115,20.02786378519166,24.91715900442732
364,na,27.91734198530088,28.302729427421482,35.02357745259862,35.825492111254206
365,na,105.7209433933115,105.7209433933115,120.19593725860855,120.19593725860855
366,na,31.05393690590558,31.67446387423571,17.51233951399498,120.19593725860855
367,na,105.7209433933115,105.7209433933115,120.19593725860855,120.19593725860855
368,na,105.7209433933115,105.7209433933115,29.415575161182144,40.04863171829447
369,na,55.19508370435358,63.83614884123942,27.66361082831624,36.414455696500426
370,na,25.146531967790153,105.7209433933115,17.981985936752885,18.83776515347332
371,na,69.27100345550504,80.51420165315442,120.19593725860855,120.19593725860855
372,na,51.39868999601062,70.79855619459005,30.69485162088529,31.683426457956255
373,na,34.928575446251266,42.313542878508024,31.18451691981475,33.24291173938575
374,na,105.7209433933115,105.7209433933115,120.19593725860855,120.19593725860855
375,na,105.7209433933115,105.7209433933115,27.807379684803642,28.192636516780276
376,na,17.56413011722898,105.7209433933115,35.81019856512564,69.17781855407887
377,na,14.364683719249408,25.633331876230578,19.37691306262742,37.41506312351406
378,na,28.43654501131663,41.666028617425184,20.88788523760371,31.015803416030572
379,na,24.75061920799243,105.7209433933115,21.293131312274312,120.19593725860855
380,na,16.43383656924373,31.167081545779517,6.162988337099552,16.496021049919555
381,e,105.7209433933115,105.7209433933115,34.68853564931514,42.77360647293024
382,na,27.259566209512784,33.834550986763304,21.15312376080735,22.7628864822658
383,na,105.7209433933115,105.7209433933115,51.23945646779367,112.16868337793578
384,na,37.609653765086925,38.95395249607032,21.999018069237515,24.08474820066076
385,na,22.082510181911797,32.99799620138234,30.6304912229988,120.19593725860855
386,na,47.51450337196665,52.03669376725062,24.747116832871814,120.19593725860855
387,na,10.192067544951698,33.448135914338074,25.23120555487206,29.655691475124843
388,na,27.963128070273022,32.344134919183965,24.9502322042957,38.288375976233155
389,na,40.41566628604574,41.592937834481205,32.345296738842464,45.894353558058725
390,na,105.7209433933115,105.7209433933115,12.02680957783365,14.671699036734845
391,na,17.997259711957778,28.36555949735968,21.76895116268982,120.19593725860855
392,na,25.230198616295443,51.59285737982135,28.87884288624478,120.19593725860855
393,e,105.7209433933115,105.7209433933115,22.085293007971597,25.544087566818117
394,na,29.99814977989864,35.44247593048482,22.31282534000285,27.426843154579085
395,na,26.0378095767788,105.7209433933115,32.253067532266805,33.44502167330111
396,na,34.57567317138618,105.7209433933115,24.58126087529179,29.260019563738318
397,na,29.949315921148745,30.44887069444074,4.9148711759769474,120.19593725860855
398,na,105.7209433933115,105.7209433933115,20.25444618612573,120.19593725860855
399,na,17.466993804227013,20.98300995155411,22.176665992390827,32.14088037937875
400,na,105.7209433933115,105.7209433933115,120.19593725860855,120.19593725860855
401,na,105.7209433933115,105.7209433933115,35.60923153707809,41.05804248257809
402,na,15.502585678247382,105.7209433933115,37.11937831657481,38.7285798595639
403,na,105.7209433933115,105.7209433933115,23.52340478056678,120.19593725860855
404,na,105.7209433933115,105.7209433933115,37.31777532555996,42.34992364483907
405,na,48.96725712784843,52.16087457683434,33.77409990366077,46.71301530063448
406,e,105.7209433933115,105.7209433933115,37.54350138445148,54.51826327261389
407,na,49.39681170541688,53.610027858540576,120.19593725860855,120.19593725860855
408,na,47.23083009895184,57.83037673212418,33.51940294990251,35.64517113065055
409,na,105.7209433933115,105.7209433933115,120.19593725860855,120.19593725860855
410,na,30.004374789216687,53.687894774433914,28.404943218955463,120.19593725860855
411,na,105.7209433933115,105.7209433933115,24.589780492422996,35.20053240643431
412,na,32.028883190186086,36.793693861729516,26.37755275767076,38.945985621736185
413,na,61.642622318963895,64.24517169077649,35.41043936432146,42.57155986124133
414,na,14.842272446045937,23.47052531759349,7.40394667126252,10.586687045649878
415,na,30.346449112119807,32.201597092036536,18.122222994413054,29.342075585285468
416,na,105.7209433933115,105.7209433933115,44.462299565997355,54.480387537273025
417,na,43.372756614203496,55.49689072355733,25.95762387315614,120.19593725860855
418,na,17.995004414459714,27.8265613216279,46.19525506217325,49.395907008152385
419,na,34.55818153891275,40.88933937566618,46.175783478564455,56.039538515303676
420,na,22.15642579642343,31.65695868902383,17.067854083083283,33.50645991155238
421,na,105.7209433933115,105.7209433933115,35.590588724405265,120.19593725860855
422,na,25.39413910986147,28.050788558781655,14.513355191911485,96.03601436997569
423,e,105.7209433933115,105.7209433933115,20.46979594729277,29.016559610850365
424,na,21.91068201742741,29.543845092854323,13.784046297474216,21.801483082191695
425,na,23.408761948677697,28.859303359264295,21.275116493045417,55.677711933753
426,na,105.7209433933115,105.7209433933115,120.19593725860855,120.19593725860855
427,na,24.351995636121213,29.055747579651626,37.94953671258202,44.739655356349
428,na,40.23249746142056,41.28585936554096,120.19593725860855,120.19593725860855
429,e,105.7209433933115,105.7209433933115,18.93393728644461,47.201579737370295
430,na,105.7209433933115,105.7209433933115,120.19593725860855,120.19593725860855
431,na,55.57590144780163,66.00189812188233,120.19593725860855,120.19593725860855
432,na,105.7209433933115,105.7209433933115,120.19593725860855,120.19593725860855
433,na,105.7209433933115,105.7209433933115,120.19593725860855,120.19593725860855
434,na,22.443452926829973,105.7209433933115,31.93313495090239,50.968790504967004
435,na,105.7209433933115,105.7209433933115,120.19593725860855,120.19593725860855
436,na,105.7209433933115,105.7209433933115,44.954020958810425,55.09542612071413
437,na,31.132074923139562,105.7209433933115,120.19593725860855,120.19593725860855
438,na,39.83933600363769,53.70246605558617,91.7904533693677,120.19593725860855
439,na,105.7209433933115,105.7209433933115,120.19593725860855,120.19593725860855
440,na,26.091747742835867,27.84872306317749,22.519941608143633,35.79456514787813
441,e,105.7209433933115,105.7209433933115,34.70953132394209,42.68928279825252
442,na,23.521412189274574,29.55992639981454,26.42183046692833,40.12086479626877
443,na,35.80404300131039,58.323352958267044,47.823680856743344,51.17631193263472
444,na,105.7209433933115,105.7209433933115,52.16303889789925,52.364384401336025
445,na,26.661993858644088,28.045567373958455,18.205407745472346,19.597996184571663
446,e,105.7209433933115,105.7209433933115,49.974215826148885,63.25512254540283
447,na,24.235413200146976,38.22455545729595,35.067494442354736,45.18647107975695
448,na,79.96787435770372,100.42049551206674,120.19593725860855,120.19593725860855
449,na,105.7209433933115,105.7209433933115,120.19593725860855,120.19593725860855
450,na,105.7209433933115,105.7209433933115,19.65161512271121,21.529906128477453
451,na,23.25520611526657,26.645132113784666,24.721259240463613,25.908394731989986
452,na,23.352710674514885,36.35506613005264,35.79636651444892,120.19593725860855
453,na,33.699848356992916,39.78770373812418,29.33523861105216,30.678095586530176
454,na,15.648102714226814,33.983849540223495,24.183985558998394,120.19593725860855
455,na,37.319110214943755,51.61685677844552,120.19593725860855,120.19593725860855
456,na,28.00948936201903,33.609662590043,13.81572634039454,15.79691376307043
457,e,105.7209433933115,105.7209433933115,17.746850360381607,28.29868344333809
458,na,27.463088174709547,31.027824161212877,29.810350625293733,39.96550296303768
459,na,32.039287734340576,35.000162287570944,46.957380211331966,78.83734156605999
460,na,31.104500764850698,63.186395963811734,17.316656164560303,120.19593725860855
461,na,23.20552138826015,31.895803669725513,33.339402743902475,54.01440123408335
462,na,17.543174283115537,35.215453768560316,15.30128719812638,34.35758539371814
463,na,5.0602019609997635,14.48776533796047,24.698223641003644,27.72767501904098
464,na,105.7209433933115,105.7209433933115,55.506175383422,85.79066221944323
465,na,41.41441494467162,48.9915426520267,40.299422394981896,53.066996350920945
466,na,19.387507560223845,40.31941196205649,21.260564773861635,27.088847530481406
467,na,74.39312621371418,93.81873154689086,26.926653065158362,28.13904669509915
468,na,28.75492319738119,42.61512672693781,47.649637306532114,79.277025074031
469,na,16.73994318212773,26.65277379682153,16.16588647313029,31.107250178961408
470,na,105.7209433933115,105.7209433933115,33.98563134973615,47.24808269286143
471,na,30.49250400563245,33.69228436902739,24.42202712121689,30.722177232884132
472,na,51.160646224012304,105.7209433933115,47.049346363403394,55.25716713162075
473,e,105.7209433933115,105.7209433933115,21.237706891444013,21.650889350835588
474,na,36.430976574024115,38.86789322612838,29.79965224496549,34.204578830759864
475,na,43.58155841951096,52.443070795985136,28.656866599952956,43.500242165053066
476,na,16.722142396097123,105.7209433933115,22.845458322479796,23.565626281984308
477,e,105.7209433933115,105.7209433933115,27.02395493840789,120.19593725860855
478,na,52.08914422271134,105.7209433933115,32.932889243504455,39.089414153666795
479,na,29.36382678342469,33.28534365150887,36.48465124242816,39.84254306283532
480,na,43.85526565157618,105.7209433933115,33.22754704615981,46.74898072894976
481,na,40.00130891168894,55.96208658435111,30.152817406857405,120.19593725860855
482,na,53.905283176830295,81.90584688544514,47.88055026453834,57.679213182196236
483,na,30.275207937138166,65.35340679689865,32.31993745973218,37.91585081297251
484,na,45.76982903739046,105.7209433933115,17.859868689849886,20.570117075218608
485,na,105.7209433933115,105.7209433933115,28.691255606250333,33.5576862668236
486,na,33.59741444156955,53.219664675493384,30.163715498577677,36.55513241050421
487,na,33.69119699382157,34.04374281877593,23.920567521787092,33.71060351022831
488,na,105.7209433933115,105.7209433933115,120.19593725860855,120.19593725860855
489,na,48.84687749495315,51.20567374834141,33.91208436102809,37.145467403012766
490,na,3.9469945619915325,14.93182304520736,5.688656356307549,11.332218828436995
491,na,105.7209433933115,105.7209433933115,20.717704811996406,28.453448303772692
492,na,15.686176000699996,17.816363309745956,31.137226207153883,120.19593725860855
493,na,105.7209433933115,105.7209433933115,120.19593725860855,120.19593725860855
494,na,30.65214390279433,45.07837541614038,19.669808696780468,20.74906549116832
495,na,28.756378980915656,32.858579112922676,23.496790478766794,39.88177561969526
496,e,105.7209433933115,105.7209433933115,8.082688358262311,47.79277034164549
497,na,27.676363930034114,38.47422221644041,32.21602722815363,33.989395405367326
498,na,20.260695158819836,47.307653648070186,21.31560919084305,24.47485472596532
499,na,24.8101654381023,105.7209433933115,44.597908630784254,45.4649077003478
500,na,105.7209433933115,105.7209433933115,50.06926765419064,57.59980987678674
501,e,105.7209433933115,105.7209433933115,120.19593725860855,120.19593725860855
502,na,105.7209433933115,105.7209433933115,48.26569113906377,58.574934545254955
503,na,105.7209433933115,105.7209433933115,25.14333922110755,120.19593725860855
504,na,105.7209433933115,105.7209433933115,120.19593725860855,120.19593725860855
505,na,25.02883954061667,42.05428139983505,23.41194793627701,41.107817237607435
506,na,21.56881858256224,105.7209433933115,31.733769491410126,49.327609765009626
507,na,27.68465828007798,43.537997688453736,24.12333995546502,36.33553672054158
508,na,105.7209433933115,105.7209433933115,21.997564257078505,26.131790592808716
509,na,33.299910181868356,42.162662237240866,26.713455530998008,71.64459655457797
510,na,37.15860622889362,105.7209433933115,43.82198416725249,78.96513079699295
511,na,19.50879072148435,105.7209433933115,33.266836780642336,35.1015918587041
512,na,32.91197697659431,37.567253529213716,16.379284127620696,22.765280545356422
513,na,24.449346729712257,53.14185935013044,18.138554709601955,29.727307401962964
514,na,105.7209433933115,105.7209433933115,27.51704261976219,34.209501921389254
515,na,53.34163218439819,65.15227282769101,25.042465874970933,120.19593725860855
516,na,38.95271330203576,51.80908220713605,58.691409733717116,89.20423949364833
517,na,19.83905285072426,105.7209433933115,41.017367701523035,44.52481915663271
518,na,32.350948783993566,40.60689509223283,24.468461531382907,120.19593725860855
519,na,36.69015654603729,41.81674596696087,32.26731728624554,39.38061377491873
520,na,37.801921253143185,105.7209433933115,33.694636998052715,45.22696944437959
521,na,105.7209433933115,105.7209433933115,120.19593725860855,120.19593725860855
522,na,105.7209433933115,105.7209433933115,120.19593725860855,120.19593725860855
523,na,37.921049451785045,40.47405110356025,49.2506150930212,51.44943540821901
524,na,17.344347209549788,23.297948852627282,17.423330457018572,19.037512156321586
525,na,28.001420369038165,41.37663544738486,37.40975372450534,45.6278620562305
526,na,33.39136555602138,42.829064586745815,27.90625484964496,120.19593725860855
527,na,14.675678546602294,25.655486467543582,26.470680629946564,51.694020201904024
528,na,26.794391419656858,42.9118986886605,34.632126571189424,41.78421040480727
529,na,51.910824250417654,81.43601514653254,21.55937511275615,27.284429689092548
530,na,59.00979223202708,71.91395198225393,24.432152670239475,43.972177737864264
531,na,105.7209433933115,105.7209433933115,29.526306129183393,79.48098744334236
532,na,17.472970262853963,24.46640382660592,26.97745497679238,56.98394013683506
533,na,30.85327393590095,34.37245981498718,120.19593725860855,120.19593725860855
534,na,59.1085701971606,70.955445194843,24.357212631983618,24.918050939567728
535,na,28.416477113701497,105.7209433933115,47.585970251575034,53.578442670024536
536,na,24.135157615668646,31.390938226828148,41.05701633387538,67.06580854295309
537,na,40.652968980577526,59.528784180473934,42.92475641894426,49.395975654115276
538,e,105.7209433933115,105.7209433933115,32.65442031212722,55.211948059365604
539,na,24.497077281418164,28.032534486406075,44.98003993728673,45.80948821620409
540,na,105.7209433933115,105.7209433933115,120.19593725860855,120.19593725860855
541,na,44.73103355052661,47.676530168044714,120.19593725860855,120.19593725860855
542,na,35.61179320976412,105.7209433933115,24.772006339405387,32.86837392896223
543,na,20.86788633366731,29.793867059898655,17.804140021888852,23.432120301506107
544,na,105.7209433933115,105.7209433933115,53.23337529569419,54.32847444228892
545,na,37.94755644100295,44.28047385091875,31.07678173621877,45.361535543318055
546,na,34.05907327970594,35.457647368216925,29.580206580287864,31.192955945158186
547,na,36.15753755547509,105.7209433933115,55.65919302313083,56.115093892851135
548,na,39.02393990276109,68.36443251811605,19.757646346806872,34.825631196673
549,na,105.7209433933115,105.7209433933115,45.644723860309306,120.19593725860855
550,na,33.16807971247914,52.21071310501814,19.83331200257062,20.181492374502128
551,na,46.26901620828825,66.80607550247983,24.92310256446823,40.59207320249958
552,na,35.6520720808077,39.024803267838664,21.734148889230894,25.492350738230677
553,na,25.673129091124544,26.424815927009398,50.62481861815838,57.73650930379353
554,na,105.7209433933115,105.7209433933115,120.19593725860855,120.19593725860855
555,na,35.03189252654029,43.23255295272767,52.13793381695547,78.24532222985864
556,na,38.27494064424283,66.77240744467453,120.19593725860855,120.19593725860855
557,na,105.7209433933115,105.7209433933115,39.68640052971599,48.86527442425609
558,na,24.094008749891785,27.327733087405974,21.225892954912915,33.897137205044174
559,na,36.35702676857172,45.47013965934265,21.31345239697339,33.72127660417624
560,na,31.84522768317938,32.47878357929106,29.035955213323184,42.02328808206259
561,na,105.7209433933115,105.7209433933115,17.16961803317657,19.105876711474725
562,na,46.551976927452685,57.04935743131435,120.19593725860855,120.19593725860855
563,na,50.825613592142844,52.51871205522466,34.06304832263752,120.19593725860855
564,na,105.7209433933115,105.7209433933115,26.22630222603504,26.35763301800234
565,na,31.90322417616517,35.45509357195338,44.0764902258809,47.33986666185443
566,na,34.265108455082085,50.75459721880466,25.718371658655624,31.67473690214072
567,na,105.7209433933115,105.7209433933115,120.19593725860855,120.19593725860855
568,na,105.7209433933115,105.7209433933115,26.461965909588255,35.91000648316261
569,na,7.655579024035297,30.29468166646229,20.23582338047718,120.19593725860855
570,na,26.98958855136483,52.89523212006459,25.828693781064405,36.10306338294731
571,na,105.7209433933115,105.7209433933115,41.04722916122129,54.91994237245981
572,na,18.62942101150164,22.921437828892657,31.129571628399596,59.64742410031731
573,na,105.7209433933115,105.7209433933115,120.19593725860855,120.19593725860855
574,na,105.7209433933115,105.7209433933115,120.19593725860855,120.19593725860855
575,na,18.37236134914095,24.19909945995962,120.19593725860855,120.19593725860855
576,na,105.7209433933115,105.7209433933115,65.86264823240582,68.34254086750191
577,na,25.69341139877957,26.898673236692446,45.073382674430604,50.11552487409971
578,na,37.813565981176474,45.41616579830202,120.19593725860855,120.19593725860855
579,na,22.543240924406074,35.2813676191338,30.814708194090443,46.06507813593715
580,na,29.359729779929967,46.25334314411827,22.26097973336903,52.16635475655879
581,na,17.943871846579277,20.974816570871074,9.028705092562957,26.10217898117261
582,na,44.212045988966125,46.3511812864914,46.6453054409729,50.48982109825631
583,na,24.482095794725485,105.7209433933115,17.033433778423703,55.57497233055749
584,na,38.387625698669645,105.7209433933115,30.98650712913176,59.43614609573401
585,na,27.09940871461971,32.90035606006749,25.286907737776502,51.68430628847149
586,na,24.37625165157102,105.7209433933115,29.17025267082807,30.195894690251222
587,na,105.7209433933115,105.7209433933115,22.248064276503648,34.65876140147676
588,na,105.7209433933115,105.7209433933115,30.65210954255212,31.81378157903789
589,na,42.01092094213432,76.93228662903533,33.13477847822997,44.72724828561379
590,na,22.466207193199466,24.380954918846648,25.32359157910247,120.19593725860855
591,e,105.7209433933115,105.7209433933115,21.572677202898376,24.083375941983146
592,e,105.7209433933115,105.7209433933115,23.065824030958684,30.83470736616732
593,na,14.983577980873436,19.121136770955165,19.8752318507496,26.65148655518228
594,na,28.622024760072165,36.44738809090105,18.723663047746395,26.57712475318355
595,na,30.110130146548318,43.722351446297154,120.19593725860855,120.19593725860855
596,e,105.7209433933115,105.7209433933115,25.559240854581635,33.136563500516225
597,na,57.80046887588534,59.24268298543065,18.553718212603705,31.512594516092005
598,na,34.89112039821575,36.29636684672504,35.96028356785942,50.66068060027635
599,na,17.495789812811168,105.7209433933115,41.232117170323285,49.73027253297284
600,na,34.86741797603275,81.43716930782028,120.19593725860855,120.19593725860855
601,na,25.04596787337323,27.25244134456127,34.20522133834077,35.283146019743484
602,e,105.7209433933115,105.7209433933115,120.19593725860855,120.19593725860855
603,na,25.113193011292143,32.32864789782074,26.813130471736773,35.038578638801674
604,na,105.7209433933115,105.7209433933115,22.410791543324766,28.19067789064334
605,na,24.651967334643867,26.808140652622004,21.505505643778395,22.18360117545106
606,na,30.669986202691717,105.7209433933115,30.22779983789567,34.275729187594756
607,na,34.59374280449032,35.13656047384674,10.61267268721073,24.446372026482262
608,na,45.73869783429101,55.497352204058735,120.19593725860855,120.19593725860855
609,na,31.555340203156035,43.19075698048317,19.970888799412826,46.738671058552576
610,na,33.71335241989151,105.7209433933115,28.321301808206528,53.49476326046861
611,na,25.934283729185623,31.702888774022668,28.226633239906093,39.14828043792555
612,na,17.796293857694,23.433533701818085,30.248429758330037,42.773590970020635
613,e,105.7209433933115,105.7209433933115,23.685604225183273,32.04423365006184
614,na,45.698524803618696,105.7209433933115,40.46247856890321,53.88608523681366
615,na,42.59619857852248,50.37114179094632,30.244283714557355,30.749003468748878
616,na,19.52996237710399,105.7209433933115,25.19785596044868,46.495949535697996
617,na,38.10561291738758,105.7209433933115,27.44515545309884,39.305851797081885
618,e,105.7209433933115,105.7209433933115,120.19593725860855,120.19593725860855
619,na,105.7209433933115,105.7209433933115,120.19593725860855,120.19593725860855
620,na,30.21738046997233,48.612666183129605,10.012490224639716,24.074480549187797
621,na,37.03088221669251,43.709406504790465,22.896294971063586,31.18121563028497
622,na,36.10343105194435,48.967529436045346,13.353073892054939,15.103643020811177
623,na,8.254928312405902,8.315484832615534,31.7699947229197,41.28147606457187
624,na,35.02182240468737,36.87041965560087,32.23713992874985,34.40417690571473
625,na,22.176651396191065,27.311475506921127,19.15359303566086,23.526588616893896
626,na,12.577968662013152,25.41067921210059,21.69954859103205,30.878870029630217
627,na,37.19661117260458,42.64125291834573,42.953186693336704,43.449352829506026
628,na,49.10106464450261,51.52752425157387,28.5185970462075,44.748138675913644
629,na,27.98817221582171,45.123147297333354,14.886398736908616,16.273248558683697
630,na,33.88033961727646,105.7209433933115,24.92609905854415,36.142062142574446
631,na,28.141696955682185,43.99022965136041,21.878265979179776,28.32838371659439
632,na,73.80406122664516,74.83129652523763,35.881692300676775,120.19593725860855
633,e,105.7209433933115,105.7209433933115,22.182213375115843,22.816015175666184
634,na,16.29575003329706,29.43801973426063,29.63753145713017,29.876891107557633
635,na,27.64440671977508,27.88340425042421,120.19593725860855,120.19593725860855
636,na,20.048296974393754,26.488113531685254,25.460906762581768,32.5162991656225
637,na,105.7209433933115,105.7209433933115,38.17748026967796,38.90225291421872
638,na,45.536447028594914,48.97648337260207,19.338263923162167,21.015147973268004
639,na,28.47195339633807,59.27403649334599,26.874891485762312,30.63251603420156
640,na,29.574181314486452,46.697007650332466,21.03234734995051,24.515392277842633
641,na,31.317889646835177,51.127581048733944,120.19593725860855,120.19593725860855
642,na,105.7209433933115,105.7209433933115,120.19593725860855,120.19593725860855
643,na,25.259350198626336,28.074258708096462,16.399124110186218,17.341103919961764
644,na,29.801697936823075,105.7209433933115,29.939705115379528,33.23023730695342
645,e,105.7209433933115,105.7209433933115,20.49803049780494,120.19593725860855
646,na,21.5269992788124,32.250852232857206,33.26133110986753,59.90241003218741
647,na,18.904959459980613,39.32529834077282,28.937027250859682,30.127443586397007
648,na,24.931817975813537,105.7209433933115,9.187241767933372,25.115323224136027
649,e,105.7209433933115,105.7209433933115,61.792045909185525,120.19593725860855
650,na,105.7209433933115,105.7209433933115,120.19593725860855,120.19593725860855
651,na,17.59153960228155,17.593676100187203,21.72084373205013,22.484940995393348
652,na,105.7209433933115,105.7209433933115,24.244749199846684,40.50528261439111
653,na,105.7209433933115,105.7209433933115,34.703292324722575,40.24731690665297
654,e,105.7209433933115,105.7209433933115,26.52562207667787,40.592310769053825
655,e,105.7209433933115,105.7209433933115,29.763644014236615,120.19593725860855
656,na,105.7209433933115,105.7209433933115,56.51659854331063,57.64345106500335
657,na,16.00011759511505,23.59567327056138,22.224168186839638,29.015220006283748
658,na,13.89304842626987,25.334670249528052,37.809552628555,45.50565325425125
659,na,45.41798654124532,52.00257225100353,22.310460862143653,36.61648550852236
660,na,15.755188522910649,16.63486271088935,120.19593725860855,120.19593725860855
661,na,33.44411881976562,40.86392515956074,14.684857019434684,120.19593725860855
662,na,105.7209433933115,105.7209433933115,120.19593725860855,120.19593725860855
663,e,105.7209433933115,105.7209433933115,29.886936505839728,45.01451089656023
664,e,18.699937207092038,28.655394692294017,28.434120366794662,36.54569955585039
665,na,24.850078508475637,31.26885359882542,31.364008077174972,37.618699623636566
666,na,36.16076925329491,46.58192031868287,29.408722113617426,41.29430983943217
667,na,53.951606458660045,69.77914610127554,36.62620853884833,120.19593725860855
668,na,105.7209433933115,105.7209433933115,39.830705676735874,120.19593725860855
669,e,105.7209433933115,105.7209433933115,26.593408017572084,120.19593725860855
670,na,49.500935414326065,55.99279102768551,15.677196378050335,22.698762685054888
671,na,33.17846092431069,48.63562683532491,21.856328657845935,26.703277606575206
672,na,32.961069937697644,36.90192001255462,120.19593725860855,120.19593725860855
673,na,24.747654839484326,105.7209433933115,18.36389801779625,25.539799124517874
674,e,105.7209433933115,105.7209433933115,21.70829921695606,27.06166061430092
675,na,105.7209433933115,105.7209433933115,37.42189457659645,40.73731655266305
676,na,31.840298936540652,39.59827198183319,12.348121155369894,120.19593725860855
677,na,17.29683743262202,105.7209433933115,12.753230109410396,120.19593725860855
678,na,19.360772017269447,31.19941009511114,20.449441058620284,22.524871418847816
679,na,30.86809063187194,36.11479978552879,120.19593725860855,120.19593725860855
680,na,23.050467883126238,35.07875573163758,17.74392819720929,120.19593725860855
681,na,37.08086423274912,105.7209433933115,37.78906590519094,41.870047526291785
682,na,105.7209433933115,105.7209433933115,43.86920132190572,63.07316326457825
683,na,105.7209433933115,105.7209433933115,13.445546114925362,23.037837141159308
684,na,17.899350785448423,105.7209433933115,120.19593725860855,120.19593725860855
685,na,17.07251423476177,30.698347305540747,33.90795014101779,48.845905511536024
686,na,23.709149356046684,35.11587691674953,27.097499080911867,50.6118845545645
687,na,31.979535611802596,42.077140460911245,42.393004611433355,49.68771908848639
688,na,13.831668948486419,15.783881092085963,38.41202138588525,40.816004652311655
689,na,12.015564772299854,13.916466627627411,20.032882228555273,23.61910439036408
690,na,105.7209433933115,105.7209433933115,32.68028825714875,120.19593725860855
691,na,40.209524250686,51.151883982575555,23.44038768018118,120.19593725860855
692,na,29.884594208769443,33.11588433468896,33.38899252469103,64.85385789563804
693,na,105.7209433933115,105.7209433933115,19.61813235385847,120.19593725860855
694,na,105.7209433933115,105.7209433933115,120.19593725860855,120.19593725860855
695,e,105.7209433933115,105.7209433933115,70.11497164368207,75.96565790726116
696,na,24.315828342754784,40.6675096547746,51.45324361742243,53.35508270156829
697,na,20.679457183065633,26.012908591543738,19.78758736530986,25.393576473496967
698,na,25.455577487395995,105.7209433933115,62.63327512160371,63.99443443267817
699,na,54.185191473255294,58.104197543386945,43.799979974462936,74.28264444109904
700,na,24.660089974188363,105.7209433933115,33.98822092664298,53.91160208179337
701,na,7.85954633162735,19.70314969663225,28.791038367471536,81.17789748379936
702,na,11.686791806289708,12.754677814890252,18.291794258536715,62.624532009860154
703,na,16.63580721525828,18.210824135914283,34.81737831099184,35.95020162487896
704,na,33.314363513102535,35.8772477826695,41.35564267422134,41.89823234032792
705,na,29.433046047645227,33.226029424370665,35.056762858907305,40.71276828746884
706,e,105.7209433933115,105.7209433933115,23.44793753729081,27.270989909182237
707,na,26.74144237943166,28.264143864916104,59.716194579605045,60.811522454743546
708,na,30.697749415500827,35.20283950054332,20.485295258576937,120.19593725860855
709,na,41.54550465398434,42.66838093851915,24.34896857634848,26.181919692806947
710,na,27.896499253134934,29.124712284256987,24.95650431820469,120.19593725860855
711,na,28.796406188700093,33.498107698172184,45.575676673630326,48.31655875004126
712,e,105.7209433933115,105.7209433933115,23.767595699197937,27.219696939342764
713,na,105.7209433933115,105.7209433933115,120.19593725860855,120.19593725860855
714,na,31.195201639603443,38.538331143874906,31.80934210217898,36.475633833087045
715,na,29.78119374841993,46.98062393778411,40.8904998501896,86.93114939634613
716,na,41.73217312149199,42.096992215423896,35.29531134976566,40.67053394265014
717,na,24.09996232310737,54.232717963624324,21.70172191734293,29.787711418775107
718,na,31.93607370949803,44.954953579295456,16.917194758612503,120.19593725860855
719,e,105.7209433933115,105.7209433933115,120.19593725860855,120.19593725860855
720,na,19.950468282494626,34.92819005237104,13.384060981057331,38.31723659102285
721,na,38.69235818110878,44.61140220523922,17.24880693889438,27.461607145836137
722,e,105.7209433933115,105.7209433933115,15.208273821361093,18.658289392759972
723,na,47.928015867047385,73.29786243593169,5.056887087723261,13.269296913511145
724,na,105.7209433933115,105.7209433933115,22.7671534499251,120.19593725860855
725,na,31.251338287129276,32.684995045989574,120.19593725860855,120.19593725860855
726,na,41.97839966327104,42.427573711943914,28.68397880992472,41.216065920448436
727,na,61.021545939598894,85.25689628004328,49.33495859316808,61.15739120841644
728,e,105.7209433933115,105.7209433933115,120.19593725860855,120.19593725860855
729,na,26.123779433457628,44.68890637441842,28.538682381488734,32.723756516002204
730,na,105.7209433933115,105.7209433933115,32.72436755055087,47.23924240296943
731,na,105.7209433933115,105.7209433933115,45.47455884563251,50.67926817957068
732,na,23.13500355402474,24.171798373018266,17.49474741002229,18.731213743933157
733,na,105.7209433933115,105.7209433933115,33.15067389455571,41.594993613757445
734,na,35.24200317465139,37.914438021416906,16.16778366110955,21.57590808029628
735,na,39.706990080635904,44.92881296417983,120.19593725860855,120.19593725860855
736,na,105.7209433933115,105.7209433933115,120.19593725860855,120.19593725860855
737,na,39.25574139889196,51.514927395150565,31.22746490110789,47.041264760912206
738,na,20.908116707364208,21.45479642541561,15.1867862051867,22.331872534216224
739,na,28.642694142326363,38.11877266641264,70.75760651800006,120.19593725860855
740,na,12.218108601421326,33.3473631807075,26.122597779363215,28.35944294669861
741,na,22.797128051628885,66.44527359531992,34.44710772559269,53.59718180550509
742,na,71.51167971459196,105.7209433933115,22.951333903270886,24.751634320226994
743,e,105.7209433933115,105.7209433933115,34.850257566059256,40.37841963879569
744,na,19.85786777107671,42.217389819053345,26.149536034487216,35.78515336501773
745,na,105.7209433933115,105.7209433933115,39.433983759393506,46.24325610110968
746,na,105.7209433933115,105.7209433933115,120.19593725860855,120.19593725860855
747,e,105.7209433933115,105.7209433933115,36.97467218054751,58.12965442281514
748,na,33.29944907119643,45.230708219917744,35.95611654739288,120.19593725860855
749,na,32.65856532782924,46.64832918119583,120.19593725860855,120.19593725860855
750,na,30.040561297026112,46.24195822188182,19.571936015566664,25.255867697465806
751,na,26.341282838288205,26.488816522777757,29.676052994428172,42.1340496453817
752,na,105.7209433933115,105.7209433933115,33.786375574003706,35.450330814189186
753,na,105.7209433933115,105.7209433933115,120.19593725860855,120.19593725860855
754,na,15.388548409633852,17.853695260873074,35.25068558963001,35.80674717400464
755,na,16.526189020090097,49.28428302865238,30.59271999364701,33.17766241196243
756,na,16.39471698503886,16.644441729785953,120.19593725860855,120.19593725860855
757,na,105.7209433933115,105.7209433933115,26.07653360384346,33.43093260846366
758,na,32.84561626021734,34.16214179381196,30.366379257747017,39.76271664992832
759,na,8.94168358734422,11.129113839445875,21.044486877905527,22.906807835240908
760,na,27.596352686529723,32.332924634439955,25.544972210922957,48.157021659260394
761,na,105.7209433933115,105.7209433933115,37.27606081538825,50.87878422485116
762,na,51.68791327890264,69.75599324305263,56.03164491617619,61.638008213501664
763,na,39.26821343782963,50.09662834469569,16.061641529996795,17.244552745446104
764,na,16.566818006509845,16.599234407160004,19.302113408331703,23.934423424519853
765,na,105.7209433933115,105.7209433933115,41.6010653080075,120.19593725860855
766,na,15.27012306925331,105.7209433933115,21.700357476557144,30.298356704057856
767,na,21.638514645064205,105.7209433933115,23.473875024105727,26.724925148752096
768,na,65.63402517661784,67.24506679824877,25.702559755489354,29.581827123927514
769,na,47.062774641301935,53.776707467987826,23.30298041331331,26.63033086390572
770,na,27.431137463364742,39.07580240714693,27.192030850484315,34.330091392854754
771,na,29.441945338592028,31.220906965852034,22.882529820496362,33.553113251448195
772,na,26.311006120130774,29.315862973315294,29.412884724737435,59.47774712266525
773,e,105.7209433933115,105.7209433933115,34.627041545226156,44.34495292055642
774,na,17.55781259968602,105.7209433933115,29.91859904257106,30.27841842119737
775,na,105.7209433933115,105.7209433933115,120.19593725860855,120.19593725860855
776,e,105.7209433933115,105.7209433933115,37.8375062112383,41.54450426438972
777,na,26.623968971530186,27.241517067049923,24.70801582153073,37.00853093748859
778,e,105.7209433933115,105.7209433933115,11.483246667126744,30.980785536465195
779,na,40.721750226612635,105.7209433933115,33.876446907294266,120.19593725860855
780,na,105.7209433933115,105.7209433933115,120.19593725860855,120.19593725860855
781,na,28.861131235205622,35.98284103274782,16.954037096764125,28.648126628436277
782,na,38.99787775251553,42.21198401972898,120.19593725860855,120.19593725860855
783,e,105.7209433933115,105.7209433933115,28.712059982327286,30.875084746568294
784,na,17.582337310192834,44.7195865245172,18.04293127193675,31.62130310377231
785,na,22.330998692754616,28.78650485299208,36.49072754882949,51.065678305430815
786,na,11.804406786213024,31.802807572370593,21.68236197182573,23.13336154957666
787,na,23.693821478535153,27.341026147925394,120.19593725860855,120.19593725860855
788,na,105.7209433933115,105.7209433933115,31.599406193239524,31.628694184154874
789,na,105.7209433933115,105.7209433933115,120.19593725860855,120.19593725860855
790,na,105.7209433933115,105.7209433933115,37.88610695707734,120.19593725860855
791,na,27.263163675554857,62.730144345033395,27.625201131195222,27.6765381738425
792,na,25.730641503678807,30.00410619801774,26.034416409642812,26.582244838257058
793,na,22.55062905657258,25.88380295266219,20.201562401130175,25.61306670805829
794,na,105.7209433933115,105.7209433933115,18.23603698731097,120.19593725860855
795,na,53.925889373018684,56.28138915534801,31.78113973205595,120.19593725860855
796,na,34.673928187913354,105.7209433933115,120.19593725860855,120.19593725860855
797,na,105.7209433933115,105.7209433933115,120.19593725860855,120.19593725860855
798,na,105.7209433933115,105.7209433933115,120.19593725860855,120.19593725860855
799,na,23.994792522507627,25.50058031270525,36.52636809742304,45.01640434633254
800,e,105.7209433933115,105.7209433933115,44.27459473912348,53.45267577252175
801,na,14.079168578828401,18.62075074244292,12.693496095059459,20.702295830250897
802,na,51.53168120111023,57.1167660424605,52.58329508524097,54.594060261854935
803,na,105.7209433933115,105.7209433933115,120.19593725860855,120.19593725860855
804,na,13.270199460857933,15.657839098087107,20.252139107247697,22.285589112370076
805,e,105.7209433933115,105.7209433933115,56.529710238931486,57.50141574772162
806,na,35.287317203000796,35.8913125171635,42.29615893715092,46.39646971016635
807,na,19.287802847096874,20.67356697487485,20.888531677595992,120.19593725860855
808,na,22.713794447695463,23.470236974836936,36.07389471063453,46.45579149770902
809,na,105.7209433933115,105.7209433933115,28.54165874941635,31.565728534416074
810,na,31.976313564122865,38.344856894104105,26.699210569109194,51.67763973903545
811,na,15.931073354204582,19.04446153839739,25.889238423543194,27.141104147315144
812,na,16.24954448176756,19.217606813324565,20.08559968124351,34.66085305570865
813,na,17.724969566308474,20.01794722408134,39.05813071891248,42.203734833430396
814,na,53.47903559262923,105.7209433933115,29.484785615328892,32.62905057901391
815,na,105.7209433933115,105.7209433933115,39.62417347240781,41.9815660903922
816,na,31.293583730277437,33.11928521508631,30.37506561825208,31.367820067701825
817,na,18.404311021496575,31.423539644813083,45.09014615868206,62.77573071715088
818,na,23.34615380807044,105.7209433933115,24.140603017471598,37.5944023171462
819,na,20.437295325176898,20.67955424091166,25.289421927623646,120.19593725860855
820,na,37.492664574950744,55.1032973135472,11.641655506758612,120.19593725860855
821,e,105.7209433933115,105.7209433933115,120.19593725860855,120.19593725860855
822,na,28.15661675877687,28.553643379788664,17.1453260616698,29.027967734212904
823,na,25.7508315133974,31.10045331218315,120.19593725860855,120.19593725860855
824,na,27.705995312191668,105.7209433933115,50.22694800832692,120.19593725860855
825,na,12.71854875759589,20.241520287079652,13.61442848848648,16.572310650233838
826,e,105.7209433933115,105.7209433933115,18.499260650390923,34.803810754134965
827,na,15.236488664699493,17.02692742728466,39.85884332031316,43.81616453173958
828,na,31.112032402290186,32.17382976618432,30.097559717807908,31.926409236530702
829,na,39.33993122065228,58.34861139534799,31.816691447603212,56.45398192263785
830,na,17.97380724631142,105.7209433933115,38.618928804524614,51.61196429099261
831,na,105.7209433933115,105.7209433933115,23.090654861454492,26.499194667174528
832,e,105.7209433933115,105.7209433933115,32.4035463732929,55.919382322850176
833,na,20.57562801117102,26.626674795871697,16.687883547078304,120.19593725860855
834,na,13.503810900299694,14.372612369131545,25.93683420721315,34.024145238379376
835,na,26.42602947159545,41.71866515895372,120.19593725860855,120.19593725860855
836,na,13.788276239051958,18.25250783481188,32.82034009419325,39.26747347223895
837,na,26.97236666975497,38.51862979151972,34.01462141535143,35.15467002847949
838,na,33.563946669505725,48.21752596346898,27.917491781474727,28.519324844440252
839,na,20.94362066793939,25.669334181978723,25.670514091847345,35.30181405685607
840,na,31.047976023388763,47.45429703393994,5.577857367231847,35.33905448276933
841,na,31.54563510502929,35.72916285557181,120.19593725860855,120.19593725860855
842,e,105.7209433933115,105.7209433933115,32.81672308656906,39.86732163031345
843,na,17.200217432165115,24.600954208787485,29.051812306494025,33.71302826762505
844,na,22.197638717904177,26.53140357442495,10.730845111548561,120.19593725860855
845,na,28.368971111947694,29.46614219990886,20.95970297482422,37.493883376384055
846,na,19.480923235095617,24.12799745870855,26.07314017994905,26.493515303972863
847,na,32.67245167459783,105.7209433933115,56.04964146244825,60.63145946195103
848,na,17.771597613598196,105.7209433933115,23.233101650367946,27.46260138875139
849,na,15.155776022906785,27.15490860972504,19.82742907719208,32.00290134483362
850,na,45.11334901389724,46.47106831079527,22.687967219216524,29.091234517264006
851,na,18.872991519558504,73.52649109128492,42.093579055278184,49.394200480672126
852,na,14.887307116202441,18.36159317507291,20.856543091003275,70.0871620712329
853,na,39.99400538193173,105.7209433933115,22.520328437377998,120.19593725860855
854,na,105.7209433933115,105.7209433933115,31.692384017796613,43.199531369647445
855,na,25.68401437756408,40.62752832792904,20.29863962115988,22.17816209218134
856,na,105.7209433933115,105.7209433933115,120.19593725860855,120.19593725860855
857,na,17.095968538267684,22.805720004939374,26.748963165136633,28.43956791293852
858,na,23.888492083493624,63.52755498200933,36.23056688161635,39.796428966983775
859,na,29.38505072418333,38.53117719529036,21.731543695960482,23.56602491819964
860,na,17.005582930872453,25.27598605338619,57.37186651315353,70.85130719761284
861,e,105.7209433933115,105.7209433933115,23.557955853309043,36.88607013184732
862,e,105.7209433933115,105.7209433933115,120.19593725860855,120.19593725860855
863,na,105.7209433933115,105.7209433933115,19.53338195289996,31.757430925698753
864,na,37.84788464850569,54.905561781471036,34.55702585390706,47.875545928835415
865,na,34.6409417482919,45.21669488403418,120.19593725860855,120.19593725860855
866,na,28.28054482880331,32.96586471627182,35.04672556866809,40.2711450147219
867,na,105.7209433933115,105.7209433933115,37.7915333367407,39.14743623392205
868,na,22.668221703106845,105.7209433933115,29.75212575379574,44.03481210401793
869,na,105.7209433933115,105.7209433933115,39.26997325241761,44.55899649393071
870,na,24.546963704968384,27.81517016681546,9.067906396770109,18.866671756543806
871,e,105.7209433933115,105.7209433933115,120.19593725860855,120.19593725860855
872,na,36.71760794413218,42.807855287232286,25.812128514816834,27.987867985280126
873,na,105.7209433933115,105.7209433933115,29.792146037009587,32.51298202659012
874,na,44.78597655616888,58.90922162329542,18.596156709532757,21.269404671810978
875,na,105.7209433933115,105.7209433933115,24.067130264626698,27.308330495405862
876,na,27.156826142330694,29.54557483806299,31.267824349281003,120.19593725860855
877,na,29.845431677151673,45.421135670474186,71.30647006179582,72.23798458961632
878,na,25.88537172048404,33.07926791636348,25.91972584017045,77.35741810706551
879,na,19.27108228544792,43.52504819522844,19.893415374327937,21.486463173253245
880,na,29.974441233150884,31.702861836597364,23.750904464525743,24.1055903669613
881,e,105.7209433933115,105.7209433933115,55.831498114994,64.95905710734866
882,na,56.99085431956758,59.472279854289184,35.10057758250417,54.39763790264437
883,na,23.34938215251948,105.7209433933115,29.138820122165292,36.64945106485218
884,na,33.36657137793185,43.365365651281124,42.24184968088473,42.686376763587816
885,na,18.97940005797765,105.7209433933115,29.526424837081674,30.98513426405273
886,na,29.67000607823968,41.6396187755703,32.475924349201094,33.05998589457672
887,na,20.76515139645508,38.27331399963155,21.12553624611686,37.42493331516143
888,na,33.308466653357215,105.7209433933115,15.768164967411943,120.19593725860855
889,na,38.72333328274482,105.7209433933115,43.198641395803534,53.58251962960734
890,na,44.80513667449382,50.08227126129274,26.625657358887008,28.484694942589
891,e,105.7209433933115,105.7209433933115,50.02216762663115,78.9194986974331
892,na,20.649672047291837,30.822265658535617,23.964364603539035,34.029265100202394
893,na,105.7209433933115,105.7209433933115,36.582467678366264,48.60366129699746
894,na,32.784338990075376,41.22691931149877,120.19593725860855,120.19593725860855
895,e,105.7209433933115,105.7209433933115,120.19593725860855,120.19593725860855
896,na,27.812418777659424,105.7209433933115,20.61915189330738,21.29152692678579
897,na,33.01155348670708,34.00937068544287,20.296098670019227,30.2541655165255
898,na,30.476113579036284,30.80159452306395,20.99371912820024,42.495886546119195
899,na,15.006426977088976,15.788712437528222,15.770511913905912,44.572518309977916
900,na,105.7209433933115,105.7209433933115,17.87990121446972,120.19593725860855
901,na,19.159331374953634,31.6554399349331,36.61773331078319,55.97929408952157
902,na,105.7209433933115,105.7209433933115,41.72772656099912,59.8676894981894
903,na,6.862125208109036,26.215882220429474,8.69667713019725,14.069245633863078
904,e,105.7209433933115,105.7209433933115,21.9519054782177,23.02592934150679
905,na,21.855547576518745,28.368246632856593,13.290727639879961,22.44652583325685
906,na,105.7209433933115,105.7209433933115,41.366368865048244,46.84951468617265
907,na,41.879716718162165,105.7209433933115,22.087003928754935,27.505052400092506
908,e,105.7209433933115,105.7209433933115,30.740272861527124,46.70502313393511
909,na,31.855023555763896,41.26863184450775,22.88570972665052,28.90721400873255
910,e,105.7209433933115,105.7209433933115,32.67419292300769,51.36761069660351
911,e,105.7209433933115,105.7209433933115,20.354141742614978,47.997250014275615
912,na,39.00827020011642,105.7209433933115,60.28071259864012,120.19593725860855
913,e,105.7209433933115,105.7209433933115,34.91195532087114,35.04704437190699
914,e,105.7209433933115,105.7209433933115,37.97238924188161,42.72222117115697
915,na,105.7209433933115,105.7209433933115,120.19593725860855,120.19593725860855
916,na,105.7209433933115,105.7209433933115,20.976264842214697,39.36246960896218
917,na,32.871924446570745,105.7209433933115,20.005329486570563,23.923456181713533
918,na,25.2250291972823,28.17205105405195,120.19593725860855,120.19593725860855
919,na,105.7209433933115,105.7209433933115,24.393165177768484,31.383943952815116
920,na,23.805982370162482,43.01870498773528,30.098637361660302,42.95473332226622
921,na,49.67360708481253,78.07229925178413,120.19593725860855,120.19593725860855
922,na,31.12247850965006,32.427862974273545,22.030556898689856,32.629164371668686
923,na,43.94018472840013,50.26754945837836,22.91019936462846,120.19593725860855
924,na,40.87904750948846,61.42707937059486,36.1271717212186,45.331478937876255
925,na,24.84255876071007,31.759567436127856,24.850656427050534,120.19593725860855
926,na,14.460004303584611,18.294805043294115,16.893552754967182,120.19593725860855
927,na,105.7209433933115,105.7209433933115,30.631201372417713,120.19593725860855
928,na,29.924254257354068,48.40216516046999,45.418892141793265,62.543910148496444
929,na,61.79271616339155,69.75557310950896,18.39759402882931,22.729848458832805
930,na,28.050972726852073,34.74134634934151,36.643969117474455,37.314034099236636
931,na,28.732619144505087,30.40663420878654,20.208413688622812,120.19593725860855
932,na,26.880755149919008,44.46506391170846,13.488578176235874,14.51116025745575
933,na,23.052723133033968,38.380246235343904,34.67161845158033,36.81348826389555
934,na,105.7209433933115,105.7209433933115,120.19593725860855,120.19593725860855
935,na,22.675345962686652,31.13667484117858,24.057460129307287,120.19593725860855
936,na,32.95889992836814,35.279426459655724,44.129430513441356,45.34985634455323
937,e,105.7209433933115,105.7209433933115,27.288437695837594,30.64458168066401
938,na,105.7209433933115,105.7209433933115,120.19593725860855,120.19593725860855
939,na,105.7209433933115,105.7209433933115,36.497308247900364,38.700521902836414
940,na,23.148631365560135,24.76270490797241,28.408326304755082,33.74284316880292
941,na,105.7209433933115,105.7209433933115,120.19593725860855,120.19593725860855
942,na,13.368209283813918,29.338039508594566,23.34186792140431,46.06118270613766
943,na,35.265689252874935,105.7209433933115,120.19593725860855,120.19593725860855
944,na,26.694442309050235,30.896009037968906,120.19593725860855,120.19593725860855
945,na,33.792408467536745,105.7209433933115,39.71993959291686,42.39338539857397
946,na,48.308604984246024,55.63381431181407,28.400653486860985,120.19593725860855
947,e,105.7209433933115,105.7209433933115,63.508206329911886,65.19039314697743
948,na,20.504448912890844,24.49101447250153,26.491016986943997,38.7983666431322
949,na,25.029909082732644,54.4940373988009,26.72790431718573,120.19593725860855
950,e,105.7209433933115,105.7209433933115,26.338883550799267,45.51952967171496
951,na,105.7209433933115,105.7209433933115,29.10149431741577,120.19593725860855
952,na,105.7209433933115,105.7209433933115,120.19593725860855,120.19593725860855
953,na,27.76344933695542,35.19420129732621,16.645399282410803,41.99728142012807
954,na,24.295418906700434,34.866572084552914,38.385907097638466,39.33386912111543
955,na,20.050729290643215,21.386240833495016,46.225224568801885,50.8817520428299
956,na,18.36683116648956,24.748213262608267,24.953749907393565,120.19593725860855
957,na,28.60527325211445,34.412178824677085,22.928528875246137,120.19593725860855
958,na,29.577836634559596,33.71067230338044,27.96148011607844,35.781774325049334
959,na,13.516441281241773,34.07192165370709,29.188146885360787,41.56302245673614
960,na,23.55155795861747,25.52413747872711,13.657878110078444,17.58307900837985
961,na,25.612950665832383,105.7209433933115,18.689166550935962,20.365461559584478
962,na,105.7209433933115,105.7209433933115,30.768367155208907,30.897393219532297
963,na,105.7209433933115,105.7209433933115,30.783471995927176,30.982842815328553
964,na,105.7209433933115,105.7209433933115,120.19593725860855,120.19593725860855
965,na,29.01812545668055,49.1702296041204,23.294797960578542,51.72036544251804
966,na,16.324740614250395,16.895353704595305,18.78855593684889,21.600322291997077
967,na,37.618215143516295,48.386677149667705,120.19593725860855,120.19593725860855
968,na,24.77962515545,26.141898477456497,18.616278857646563,120.19593725860855
969,na,47.08192426651395,105.7209433933115,22.563255770856134,29.866163993420436
970,na,24.00223220926319,28.555650247835604,9.77228425704903,30.604078821318314
971,na,105.7209433933115,105.7209433933115,120.19593725860855,120.19593725860855
972,na,105.7209433933115,105.7209433933115,34.98770667078676,38.861606288656375
973,na,17.73874269441326,105.7209433933115,40.069125719871984,120.19593725860855
974,na,24.89262875557413,26.549460055177736,120.19593725860855,120.19593725860855
975,na,21.755560820155452,46.427963070716864,27.832550455909242,120.19593725860855
976,na,26.296967740889496,35.613208216626724,60.199781405678536,120.19593725860855
977,na,28.58171220977787,33.6514180625614,21.864355830978095,29.221072854843662
978,na,21.472239980030395,105.7209433933115,26.698432002943132,120.19593725860855
979,na,26.96276254612282,31.76037354893529,36.86226674099069,44.85361924007467
980,e,105.7209433933115,105.7209433933115,30.86461354897331,33.89961801306364
981,na,40.116156619190264,42.176623235436296,25.574222564477054,27.302870290173594
982,e,105.7209433933115,105.7209433933115,17.840656421673614,23.41895171133143
983,e,105.7209433933115,105.7209433933115,120.19593725860855,120.19593725860855
984,na,105.7209433933115,105.7209433933115,120.19593725860855,120.19593725860855
985,e,105.7209433933115,105.7209433933115,29.08524539911231,30.07234249165372
986,e,105.7209433933115,105.7209433933115,32.27789216522856,37.09515122080385
987,na,28.598434570115447,29.281488185181004,29.01341743218936,37.920050139224166
988,na,8.932684857737073,14.998819326346052,28.434601195985824,37.51660918646886
989,na,105.7209433933115,105.7209433933115,50.25083620393439,51.24620702470676
990,e,105.7209433933115,105.7209433933115,57.85280341475767,120.19593725860855
991,na,105.7209433933115,105.7209433933115,120.19593725860855,120.19593725860855
992,e,105.7209433933115,105.7209433933115,34.73137941178554,42.754075443112306
993,na,105.7209433933115,105.7209433933115,35.36987568386451,35.971844370641726
994,na,37.149666734109125,42.31286233822416,46.06101007154131,52.03255121804243
995,na,27.477046627772747,34.60251110448183,19.780414971639964,21.878998357266852
996,na,32.83332399832426,38.744257754846345,26.758554255168455,39.34820798827721
997,na,105.7209433933115,105.7209433933115,34.51619396315542,41.92710285679937
998,na,30.361415112153864,32.52698697609907,20.039043139504823,35.507734686114894
999,na,12.114271180347252,14.377231347855766,43.91409506826523,49.262621470021024
