node, assignment, time2inf_trt, time2death_trt, time2inf_con, time2death_con
0,na,-1,0,-1,0
1,na,-1,0,-1,0
2,na,-1,0,-1,0
3,na,-1,0,-1,0
4,na,85.24018161503176,85.24018161503176,20.01351599250909,67.01237583591083
5,e,85.24018161503176,85.24018161503176,9.818466916019348,17.253683038735424
6,na,85.24018161503176,85.24018161503176,73.01517824212577,73.01517824212577
7,na,10.588995369704417,10.998380043025437,5.922879475774692,9.88298993565482
8,na,16.93915843205104,29.251450208582927,5.767597686130826,11.865353214849724
9,na,8.796797161714313,12.281781235405079,12.891994865994002,28.937484766645163
10,e,85.24018161503176,85.24018161503176,7.730789600201449,8.84571223427735
11,na,7.558083523426895,14.459416025153367,2.41988128742041,73.01517824212577
12,na,4.819157115967362,85.24018161503176,73.01517824212577,73.01517824212577
13,e,30.79735708758205,36.23668598642706,5.585868275709623,5.913167824714486
14,e,85.24018161503176,85.24018161503176,73.01517824212577,73.01517824212577
15,na,85.24018161503176,85.24018161503176,73.01517824212577,73.01517824212577
16,na,85.24018161503176,85.24018161503176,51.8456398279578,52.22058983500615
17,na,45.88519246672656,57.494573148791844,73.01517824212577,73.01517824212577
18,na,85.24018161503176,85.24018161503176,7.827525565641322,10.904118661690335
19,na,11.290342493239764,85.24018161503176,21.65471702603292,23.34834191906332
20,na,72.13511672187325,81.61335103408504,73.01517824212577,73.01517824212577
21,na,85.24018161503176,85.24018161503176,73.01517824212577,73.01517824212577
22,na,85.24018161503176,85.24018161503176,25.111613851882684,26.45991244703456
23,e,85.24018161503176,85.24018161503176,73.01517824212577,73.01517824212577
24,na,3.254430703987756,4.502191358871699,3.3688644797778724,7.0084317495904465
25,na,85.24018161503176,85.24018161503176,73.01517824212577,73.01517824212577
26,na,85.24018161503176,85.24018161503176,20.36608860699175,20.84992650965501
27,na,22.351943110238544,22.74065244255025,41.75659829162093,46.46800476274599
28,na,85.24018161503176,85.24018161503176,20.251526591742433,33.36158081059871
29,na,47.75590454281298,48.25477285352545,13.13687436203012,16.494253918418295
30,na,85.24018161503176,85.24018161503176,16.446800297145668,17.98601634440796
31,e,85.24018161503176,85.24018161503176,12.068898124519933,21.167991996950576
32,na,20.500386701636394,23.72616055934562,73.01517824212577,73.01517824212577
33,e,85.24018161503176,85.24018161503176,73.01517824212577,73.01517824212577
34,e,85.24018161503176,85.24018161503176,73.01517824212577,73.01517824212577
35,na,85.24018161503176,85.24018161503176,73.01517824212577,73.01517824212577
36,e,85.24018161503176,85.24018161503176,13.605590298189245,19.874972427548716
37,e,85.24018161503176,85.24018161503176,37.968042655768585,41.64386547349804
38,e,85.24018161503176,85.24018161503176,73.01517824212577,73.01517824212577
39,e,85.24018161503176,85.24018161503176,34.163103344974516,40.9394351782742
40,e,85.24018161503176,85.24018161503176,73.01517824212577,73.01517824212577
41,e,85.24018161503176,85.24018161503176,17.132541313105875,25.225022722852994
42,e,20.947888334901027,21.728902017775287,24.528071061190605,30.122972850933827
43,na,85.24018161503176,85.24018161503176,73.01517824212577,73.01517824212577
44,na,33.21246702508368,39.58049684832558,2.280000308778508,7.721837021217055
45,na,85.24018161503176,85.24018161503176,26.215665229415713,39.038422364080695
46,na,50.992609181678006,52.33228589751438,18.240734403257566,22.32166817323245
47,na,0,11.67381159354123,0,73.01517824212577
48,e,85.24018161503176,85.24018161503176,73.01517824212577,73.01517824212577
49,na,85.24018161503176,85.24018161503176,73.01517824212577,73.01517824212577
50,na,85.24018161503176,85.24018161503176,73.01517824212577,73.01517824212577
51,e,16.293528289662877,16.33087215887822,73.01517824212577,73.01517824212577
52,na,85.24018161503176,85.24018161503176,73.01517824212577,73.01517824212577
53,e,85.24018161503176,85.24018161503176,14.913818668753477,15.844009591537024
54,na,18.364685405308926,25.442045204925506,50.28311547831316,58.08309750120409
55,na,85.24018161503176,85.24018161503176,73.01517824212577,73.01517824212577
56,na,85.24018161503176,85.24018161503176,29.569151334988884,73.01517824212577
57,e,85.24018161503176,85.24018161503176,60.95657451471896,62.30541033148808
58,na,85.24018161503176,85.24018161503176,25.09154018848516,28.22691509959349
59,e,85.24018161503176,85.24018161503176,33.07068173195293,35.9713289660002
60,na,31.579201967389054,34.020963520545074,73.01517824212577,73.01517824212577
61,e,85.24018161503176,85.24018161503176,73.01517824212577,73.01517824212577
62,na,85.24018161503176,85.24018161503176,73.01517824212577,73.01517824212577
63,na,85.24018161503176,85.24018161503176,73.01517824212577,73.01517824212577
64,na,85.24018161503176,85.24018161503176,73.01517824212577,73.01517824212577
65,e,85.24018161503176,85.24018161503176,73.01517824212577,73.01517824212577
66,na,19.231401776335215,25.141364840062547,6.6926099509935115,8.943814045405423
67,e,85.24018161503176,85.24018161503176,73.01517824212577,73.01517824212577
68,na,85.24018161503176,85.24018161503176,33.57952789948354,73.01517824212577
69,e,85.24018161503176,85.24018161503176,45.24841421383899,50.28770395799806
70,na,85.24018161503176,85.24018161503176,73.01517824212577,73.01517824212577
71,e,71.40583279906053,72.92620231581252,73.01517824212577,73.01517824212577
72,na,60.08357379852504,60.57869320924176,32.54181392607563,43.71196787626807
73,na,85.24018161503176,85.24018161503176,73.01517824212577,73.01517824212577
74,na,85.24018161503176,85.24018161503176,27.568349548867698,32.345066573271644
75,na,85.24018161503176,85.24018161503176,73.01517824212577,73.01517824212577
76,na,85.24018161503176,85.24018161503176,15.523513773055177,16.79874105768297
77,na,85.24018161503176,85.24018161503176,5.155621288844308,5.367498108241435
78,e,85.24018161503176,85.24018161503176,73.01517824212577,73.01517824212577
79,e,85.24018161503176,85.24018161503176,73.01517824212577,73.01517824212577
80,na,11.671330827739082,15.183478784758275,10.452267959484074,10.640412742395622
81,na,85.24018161503176,85.24018161503176,73.01517824212577,73.01517824212577
82,e,85.24018161503176,85.24018161503176,23.25294212540425,32.3928126656465
83,na,85.24018161503176,85.24018161503176,45.400121576235,45.455437633887556
84,na,85.24018161503176,85.24018161503176,73.01517824212577,73.01517824212577
85,na,85.24018161503176,85.24018161503176,73.01517824212577,73.01517824212577
86,na,0,7.19534218067015,0,5.195815944394785
87,e,85.24018161503176,85.24018161503176,45.10548575452038,46.321658138898876
88,na,85.24018161503176,85.24018161503176,8.977916939913646,14.896210432966848
89,na,85.24018161503176,85.24018161503176,73.01517824212577,73.01517824212577
90,na,27.00722352486296,45.6629998143772,73.01517824212577,73.01517824212577
91,e,85.24018161503176,85.24018161503176,62.21061126272737,64.59275858907965
92,e,85.24018161503176,85.24018161503176,7.460373231105847,13.391736442864888
93,na,85.24018161503176,85.24018161503176,73.01517824212577,73.01517824212577
94,e,85.24018161503176,85.24018161503176,73.01517824212577,73.01517824212577
95,na,9.449967772312737,9.591276786377243,20.151387745671475,22.637855188094953
96,e,85.24018161503176,85.24018161503176,73.01517824212577,73.01517824212577
97,na,14.742641034418707,17.184804669147187,11.496617222211558,12.056902323676463
98,e,85.24018161503176,85.24018161503176,73.01517824212577,73.01517824212577
99,e,85.24018161503176,85.24018161503176,73.01517824212577,73.01517824212577
100,na,5.4318670862745995,16.594044021236414,1.591744962607939,4.784902376446652
101,na,0,4.438399711345287,0,0.5866016060222168
102,e,85.24018161503176,85.24018161503176,73.01517824212577,73.01517824212577
103,na,85.24018161503176,85.24018161503176,73.01517824212577,73.01517824212577
104,e,85.24018161503176,85.24018161503176,6.396393348279509,6.713361619900472
105,e,85.24018161503176,85.24018161503176,1.3242959749497738,15.767464132448252
106,na,85.24018161503176,85.24018161503176,73.01517824212577,73.01517824212577
107,e,85.24018161503176,85.24018161503176,73.01517824212577,73.01517824212577
108,na,7.1244113761961385,18.790265968194337,25.895149349691152,26.441808980221364
109,na,46.63248670092567,56.1805690386313,31.440791229259904,36.159195360866114
110,e,85.24018161503176,85.24018161503176,73.01517824212577,73.01517824212577
111,na,85.24018161503176,85.24018161503176,40.004797224305285,40.97427226293144
112,e,85.24018161503176,85.24018161503176,8.780260926039464,10.46617828204566
113,na,17.675117773379444,21.067821803360516,13.91835415127256,16.00620696274536
114,e,85.24018161503176,85.24018161503176,21.073921022122978,25.061582786417954
115,e,85.24018161503176,85.24018161503176,48.54030639921969,54.35377868637088
116,e,13.316579697027228,16.931754412349076,73.01517824212577,73.01517824212577
117,na,29.739973579132293,31.47034796541128,20.453768799032638,21.080818609519692
118,na,85.24018161503176,85.24018161503176,73.01517824212577,73.01517824212577
119,na,85.24018161503176,85.24018161503176,33.28117378549223,40.614857581678855
120,e,35.597278037078645,38.271616571431736,8.582473127441407,23.8219742381583
121,e,85.24018161503176,85.24018161503176,16.778175870568734,73.01517824212577
122,e,85.24018161503176,85.24018161503176,73.01517824212577,73.01517824212577
123,na,19.017614485257578,19.558049890937983,9.060228300390705,9.089787736329907
124,na,0,10.339264129091552,0,13.666629391765401
125,e,85.24018161503176,85.24018161503176,73.01517824212577,73.01517824212577
126,na,85.24018161503176,85.24018161503176,73.01517824212577,73.01517824212577
127,e,85.24018161503176,85.24018161503176,73.01517824212577,73.01517824212577
128,na,85.24018161503176,85.24018161503176,73.01517824212577,73.01517824212577
129,e,42.81226661934141,45.360056527226234,3.129323892403001,3.5226186687565635
130,na,85.24018161503176,85.24018161503176,73.01517824212577,73.01517824212577
131,e,85.24018161503176,85.24018161503176,73.01517824212577,73.01517824212577
132,e,85.24018161503176,85.24018161503176,73.01517824212577,73.01517824212577
133,na,27.6548632510774,33.51309464928128,6.664304063999195,14.701809312092882
134,e,85.24018161503176,85.24018161503176,31.537170247187994,31.98111212694308
135,na,14.4423043699167,18.49573493042882,3.189794053608628,4.731607011578121
136,na,31.052112918857848,40.89198800655864,10.461059643983864,11.163220293842938
137,e,85.24018161503176,85.24018161503176,53.182822014059184,56.9249343514889
138,na,22.06120519617301,32.35828371210558,31.61871909768975,38.07435690573634
139,na,9.15110102534136,9.9125405858679,8.190828112113987,73.01517824212577
140,e,85.24018161503176,85.24018161503176,73.01517824212577,73.01517824212577
141,na,85.24018161503176,85.24018161503176,73.01517824212577,73.01517824212577
142,e,85.24018161503176,85.24018161503176,73.01517824212577,73.01517824212577
143,na,0.9550249611095439,4.306665803865989,28.713209704339565,73.01517824212577
144,na,85.24018161503176,85.24018161503176,73.01517824212577,73.01517824212577
145,e,85.24018161503176,85.24018161503176,18.18105998304056,21.21005382727308
146,e,39.65275604787643,48.91176744746406,22.721478859696038,28.71518134983702
147,na,25.39932068460313,25.803459078320508,20.343275810754935,20.988332385359804
148,na,85.24018161503176,85.24018161503176,73.01517824212577,73.01517824212577
149,e,85.24018161503176,85.24018161503176,73.01517824212577,73.01517824212577
150,e,85.24018161503176,85.24018161503176,21.19946832775271,73.01517824212577
151,e,85.24018161503176,85.24018161503176,46.97303177807139,47.45497711921783
152,e,85.24018161503176,85.24018161503176,15.851836828783377,19.07368805068294
153,e,85.24018161503176,85.24018161503176,73.01517824212577,73.01517824212577
154,na,16.813924016504487,26.515245445704682,32.69171360218937,42.61388745040718
155,e,17.326349760182154,85.24018161503176,17.85940678811659,17.945583388089535
156,na,85.24018161503176,85.24018161503176,73.01517824212577,73.01517824212577
157,e,85.24018161503176,85.24018161503176,55.582323773977045,63.11486770232383
158,na,85.24018161503176,85.24018161503176,73.01517824212577,73.01517824212577
159,na,85.24018161503176,85.24018161503176,26.180444734030576,39.7859106558554
160,e,85.24018161503176,85.24018161503176,73.01517824212577,73.01517824212577
161,e,85.24018161503176,85.24018161503176,73.01517824212577,73.01517824212577
162,e,85.24018161503176,85.24018161503176,73.01517824212577,73.01517824212577
163,na,7.6812045311789605,9.312380432252155,73.01517824212577,73.01517824212577
164,na,85.24018161503176,85.24018161503176,36.30904241159278,36.61808268288196
165,na,56.67718603795322,59.48497250948967,19.91218537393437,25.06434311449242
166,e,85.24018161503176,85.24018161503176,25.494018821385094,25.63372044024953
167,na,85.24018161503176,85.24018161503176,73.01517824212577,73.01517824212577
168,e,85.24018161503176,85.24018161503176,73.01517824212577,73.01517824212577
169,na,85.24018161503176,85.24018161503176,73.01517824212577,73.01517824212577
170,na,85.24018161503176,85.24018161503176,73.01517824212577,73.01517824212577
171,na,23.835644912079037,35.640995549450615,73.01517824212577,73.01517824212577
172,na,85.24018161503176,85.24018161503176,37.919402497626166,40.27176824178078
173,e,85.24018161503176,85.24018161503176,18.79247047724034,19.14965059237313
174,e,85.24018161503176,85.24018161503176,30.072066465166554,30.43529491063677
175,na,37.56152720064772,40.60208432136683,73.01517824212577,73.01517824212577
176,na,7.496718160294178,14.101549960113525,6.969064027826504,73.01517824212577
177,e,85.24018161503176,85.24018161503176,73.01517824212577,73.01517824212577
178,e,44.21415305593979,66.33866414830702,6.438000436146391,11.804922713024439
179,e,48.82775678714231,49.17826130180793,73.01517824212577,73.01517824212577
180,e,48.75854913745628,51.77086962482234,0.8860422838855048,12.916634892700209
181,e,85.24018161503176,85.24018161503176,73.01517824212577,73.01517824212577
182,na,85.24018161503176,85.24018161503176,34.62711682913473,50.39134070270619
183,na,85.24018161503176,85.24018161503176,73.01517824212577,73.01517824212577
184,na,35.95406607315368,38.61906424674789,73.01517824212577,73.01517824212577
185,na,85.24018161503176,85.24018161503176,25.957436776865347,29.803912505801158
186,na,52.04890926467367,61.829359153411296,73.01517824212577,73.01517824212577
187,e,85.24018161503176,85.24018161503176,14.128088138112192,16.311787402526555
188,e,21.253420006967175,85.24018161503176,73.01517824212577,73.01517824212577
189,na,85.24018161503176,85.24018161503176,73.01517824212577,73.01517824212577
190,e,85.24018161503176,85.24018161503176,73.01517824212577,73.01517824212577
191,na,85.24018161503176,85.24018161503176,73.01517824212577,73.01517824212577
192,na,11.282520767098378,85.24018161503176,3.039746612484948,3.1086667337594704
193,e,85.24018161503176,85.24018161503176,25.698420109285156,59.902609614009314
194,e,85.24018161503176,85.24018161503176,5.074590312609294,7.839943056816723
195,e,85.24018161503176,85.24018161503176,73.01517824212577,73.01517824212577
196,na,85.24018161503176,85.24018161503176,73.01517824212577,73.01517824212577
197,na,85.24018161503176,85.24018161503176,73.01517824212577,73.01517824212577
198,na,85.24018161503176,85.24018161503176,10.439125131280028,13.45930198203381
199,e,85.24018161503176,85.24018161503176,73.01517824212577,73.01517824212577
200,na,85.24018161503176,85.24018161503176,73.01517824212577,73.01517824212577
201,e,56.144451083652115,56.812398429229525,73.01517824212577,73.01517824212577
202,e,85.24018161503176,85.24018161503176,36.45616801372397,39.862423691086946
203,na,85.24018161503176,85.24018161503176,25.771663665377833,27.733329621663593
204,e,85.24018161503176,85.24018161503176,73.01517824212577,73.01517824212577
205,na,0,7.753456193323013,0,0.03923399935753856
206,na,85.24018161503176,85.24018161503176,32.63294097911623,36.54759866107759
207,na,85.24018161503176,85.24018161503176,73.01517824212577,73.01517824212577
208,e,85.24018161503176,85.24018161503176,21.199354774337106,24.027713604190176
209,na,85.24018161503176,85.24018161503176,73.01517824212577,73.01517824212577
210,e,85.24018161503176,85.24018161503176,10.22058283699753,19.792840522497617
211,e,4.271326671534532,12.041633874786665,7.871362192683819,9.628960571046338
212,e,85.24018161503176,85.24018161503176,73.01517824212577,73.01517824212577
213,na,73.32224006047937,85.24018161503176,73.01517824212577,73.01517824212577
214,na,3.5044844940415576,10.655105983791062,73.01517824212577,73.01517824212577
215,e,85.24018161503176,85.24018161503176,20.72104274473967,22.575840264968363
216,e,85.24018161503176,85.24018161503176,73.01517824212577,73.01517824212577
217,na,1.7423955167296425,12.01087556741307,1.9198209213268929,4.287681141683806
218,e,22.02046416187471,24.634786943862867,19.945749690105497,23.229346646125958
219,na,1.9519137370676927,10.228248588640998,27.935029983803947,34.021932508789355
220,na,0,1.4549931507037523,0,3.8176704247576816
221,na,85.24018161503176,85.24018161503176,73.01517824212577,73.01517824212577
222,e,33.3923645416501,41.61719758595546,22.61359586657961,29.699456709564835
223,e,19.867161053569394,25.63349024377504,73.01517824212577,73.01517824212577
224,na,-1,0,-1,0
225,na,85.24018161503176,85.24018161503176,73.01517824212577,73.01517824212577
226,na,85.24018161503176,85.24018161503176,38.261898223485886,40.169382859252025
227,e,85.24018161503176,85.24018161503176,73.01517824212577,73.01517824212577
228,na,12.770568814784578,14.45736527184926,30.29425439071824,35.79964700402169
229,na,0.0340763060819442,9.15873330103573,6.178275168923402,11.983414173443766
230,e,85.24018161503176,85.24018161503176,73.01517824212577,73.01517824212577
231,na,85.24018161503176,85.24018161503176,73.01517824212577,73.01517824212577
232,e,85.24018161503176,85.24018161503176,22.088633449343074,73.01517824212577
233,e,85.24018161503176,85.24018161503176,73.01517824212577,73.01517824212577
234,e,85.24018161503176,85.24018161503176,31.510120186313102,36.06268203800296
235,e,85.24018161503176,85.24018161503176,73.01517824212577,73.01517824212577
236,na,85.24018161503176,85.24018161503176,73.01517824212577,73.01517824212577
237,e,85.24018161503176,85.24018161503176,11.249996043523135,16.383219023498476
238,na,4.71798910881232,5.104049292236393,3.8138718452258775,10.475243727247761
239,e,85.24018161503176,85.24018161503176,32.954480600866944,39.747028753088095
240,na,49.08906473904597,50.43688091982042,73.01517824212577,73.01517824212577
241,e,85.24018161503176,85.24018161503176,73.01517824212577,73.01517824212577
242,e,72.4341966644695,74.26886778009315,23.49864725808269,25.383492277469866
243,e,85.24018161503176,85.24018161503176,60.986590769840475,71.09584323337951
244,na,32.91527269962477,35.723739282639464,33.93550075088333,35.28725374982439
245,na,85.24018161503176,85.24018161503176,6.518423143446311,13.395651070527405
246,na,85.24018161503176,85.24018161503176,73.01517824212577,73.01517824212577
247,e,85.24018161503176,85.24018161503176,11.607088750520557,15.400444290724074
248,e,85.24018161503176,85.24018161503176,22.19292609461553,22.46355129341163
249,na,85.24018161503176,85.24018161503176,23.649434310849458,27.600549415047507
250,e,21.119199700586663,22.631009834073517,19.298274969779012,33.127345054611006
251,e,85.24018161503176,85.24018161503176,73.01517824212577,73.01517824212577
252,na,2.745961335099119,3.019936018852514,73.01517824212577,73.01517824212577
253,e,85.24018161503176,85.24018161503176,73.01517824212577,73.01517824212577
254,na,85.24018161503176,85.24018161503176,73.01517824212577,73.01517824212577
255,e,85.24018161503176,85.24018161503176,73.01517824212577,73.01517824212577
256,na,0,4.9904060879865835,0,5.649405209083069
257,na,85.24018161503176,85.24018161503176,7.006565340315607,11.380844375047076
258,e,85.24018161503176,85.24018161503176,73.01517824212577,73.01517824212577
259,e,24.96894733208978,28.7241019738441,12.076371338252367,73.01517824212577
260,na,85.24018161503176,85.24018161503176,73.01517824212577,73.01517824212577
261,e,85.24018161503176,85.24018161503176,73.01517824212577,73.01517824212577
262,e,85.24018161503176,85.24018161503176,25.212771673330444,36.2597410430111
263,na,85.24018161503176,85.24018161503176,73.01517824212577,73.01517824212577
264,na,3.2010087200751864,5.048192357045448,3.7667248550827193,4.340168918316201
265,na,85.24018161503176,85.24018161503176,73.01517824212577,73.01517824212577
266,na,85.24018161503176,85.24018161503176,73.01517824212577,73.01517824212577
267,na,2.966157714943877,5.190351270518021,1.2751945408160075,3.892167477332448
268,e,85.24018161503176,85.24018161503176,16.22298082617074,27.297924891507055
269,na,85.24018161503176,85.24018161503176,29.51052394934451,32.564162386120195
270,na,85.24018161503176,85.24018161503176,20.422348964966083,20.522491897062352
271,e,85.24018161503176,85.24018161503176,10.13658405008598,11.52791884901941
272,na,85.24018161503176,85.24018161503176,26.699485703424813,30.729671167358088
273,e,40.90658481208112,42.40309606556776,73.01517824212577,73.01517824212577
274,e,85.24018161503176,85.24018161503176,14.554421926397481,16.476782857724977
275,e,47.479855530933136,49.75780174796521,73.01517824212577,73.01517824212577
276,e,85.24018161503176,85.24018161503176,37.421587369234864,40.474197845725804
277,e,2.518724386514647,3.9563729539210395,73.01517824212577,73.01517824212577
278,na,74.30290927323672,82.10820787346154,59.34461471829194,65.65552502766586
279,e,85.24018161503176,85.24018161503176,55.06854696051857,56.057361907315
280,na,85.24018161503176,85.24018161503176,43.59896981052869,47.19908236129868
281,e,37.12705698440375,47.51194545105409,73.01517824212577,73.01517824212577
282,e,85.24018161503176,85.24018161503176,11.47395625504419,18.256254658404224
283,e,85.24018161503176,85.24018161503176,73.01517824212577,73.01517824212577
284,na,85.24018161503176,85.24018161503176,73.01517824212577,73.01517824212577
285,e,85.24018161503176,85.24018161503176,73.01517824212577,73.01517824212577
286,na,25.01346240656967,28.02125806353318,7.570552887191229,7.585022468988701
287,na,31.24326344496093,33.51876976122325,24.60906761148791,25.185842784937574
288,na,0.33121161306624386,2.2035506659347037,8.624910574661943,9.003594425034226
289,na,44.25256031134074,44.54313019060696,6.59089056266338,9.644925008540898
290,e,49.97544520423271,64.24947258203224,11.03443840231028,11.47790318566048
291,e,85.24018161503176,85.24018161503176,22.169846436986784,22.25361599600238
292,e,36.98821410040422,42.0881362539317,9.668619814817124,73.01517824212577
293,e,22.56841494253676,22.79737249407757,73.01517824212577,73.01517824212577
294,e,85.24018161503176,85.24018161503176,53.794792886571614,54.31109318126766
295,e,85.24018161503176,85.24018161503176,73.01517824212577,73.01517824212577
296,na,85.24018161503176,85.24018161503176,73.01517824212577,73.01517824212577
297,na,6.535305232726125,7.691574208112618,33.18584804651416,36.824954142944776
298,na,85.24018161503176,85.24018161503176,73.01517824212577,73.01517824212577
299,e,31.50595807129264,37.64253165550667,32.02377187997803,33.41863004680955
300,na,85.24018161503176,85.24018161503176,73.01517824212577,73.01517824212577
301,na,27.02793969032951,28.73577002731383,24.381636031577923,29.285378005072292
302,na,10.088108511616968,11.028866711405032,4.836089890669102,21.465080235421702
303,e,85.24018161503176,85.24018161503176,73.01517824212577,73.01517824212577
304,na,85.24018161503176,85.24018161503176,3.4186431132162416,4.772915907552398
305,e,85.24018161503176,85.24018161503176,22.11158239776824,26.890841772855243
306,na,85.24018161503176,85.24018161503176,73.01517824212577,73.01517824212577
307,na,85.24018161503176,85.24018161503176,25.457300288166625,34.64817631614173
308,na,3.61863939721811,4.191541482104477,2.1871738556526217,8.541916024133082
309,e,18.045340757040723,25.978298323601987,38.00003220370793,39.210011040717866
310,e,85.24018161503176,85.24018161503176,73.01517824212577,73.01517824212577
311,e,39.2484459272442,43.19814326763734,26.92798949351122,33.99959944016691
312,e,85.24018161503176,85.24018161503176,73.01517824212577,73.01517824212577
313,e,85.24018161503176,85.24018161503176,73.01517824212577,73.01517824212577
314,na,85.24018161503176,85.24018161503176,33.491591457209196,36.49587854939987
315,na,85.24018161503176,85.24018161503176,73.01517824212577,73.01517824212577
316,na,6.855312062575211,7.295294150224242,4.8376896014919,7.582420084891968
317,e,18.449740526452167,25.00048403396808,21.16170135295525,21.536129589575953
318,e,27.728638827401927,37.453959760814435,8.568403389560194,9.91697175655683
319,na,17.883157613285192,18.79306209568073,73.01517824212577,73.01517824212577
320,na,85.24018161503176,85.24018161503176,11.834149023225672,15.74220046559829
321,na,31.525594249562463,37.49413219325065,73.01517824212577,73.01517824212577
322,na,85.24018161503176,85.24018161503176,16.60473024992088,20.164216809563065
323,e,85.24018161503176,85.24018161503176,24.96105781683842,27.234434633257642
324,e,85.24018161503176,85.24018161503176,73.01517824212577,73.01517824212577
325,e,85.24018161503176,85.24018161503176,28.132387277688952,30.35614942667396
326,na,85.24018161503176,85.24018161503176,15.227840609231425,16.46737634329761
327,na,85.24018161503176,85.24018161503176,73.01517824212577,73.01517824212577
328,e,85.24018161503176,85.24018161503176,34.96469133897655,38.09578115132447
329,na,85.24018161503176,85.24018161503176,26.129542734409124,27.66570004800229
330,na,85.24018161503176,85.24018161503176,8.393212191474339,10.969525966738885
331,na,85.24018161503176,85.24018161503176,10.843887927809092,27.172212166548174
332,e,85.24018161503176,85.24018161503176,73.01517824212577,73.01517824212577
333,e,26.68850554777519,32.0236821357154,16.243212591162873,16.9692833706806
334,e,85.24018161503176,85.24018161503176,36.5419570865848,38.798158174133235
335,e,85.24018161503176,85.24018161503176,73.01517824212577,73.01517824212577
336,na,85.24018161503176,85.24018161503176,73.01517824212577,73.01517824212577
337,e,6.329117824619988,12.461042514483367,5.858204694455729,8.315447538304005
338,e,42.8377826982266,49.299525402110206,19.800139415814716,23.21636605236199
339,e,85.24018161503176,85.24018161503176,31.349667280322887,37.46713397170246
340,na,85.24018161503176,85.24018161503176,73.01517824212577,73.01517824212577
341,na,14.456501271863916,15.38991515626807,73.01517824212577,73.01517824212577
342,e,85.24018161503176,85.24018161503176,36.19085053448992,38.233341792458724
343,na,85.24018161503176,85.24018161503176,73.01517824212577,73.01517824212577
344,e,85.24018161503176,85.24018161503176,40.339435124642286,41.47728943944064
345,na,85.24018161503176,85.24018161503176,8.56812097330098,9.942456126636587
346,na,85.24018161503176,85.24018161503176,73.01517824212577,73.01517824212577
347,na,85.24018161503176,85.24018161503176,73.01517824212577,73.01517824212577
348,na,85.24018161503176,85.24018161503176,12.28071206657165,22.61903283126484
349,na,15.896448840101911,85.24018161503176,18.942038369324102,25.57907225504371
350,na,85.24018161503176,85.24018161503176,73.01517824212577,73.01517824212577
351,e,85.24018161503176,85.24018161503176,23.495391241985914,26.93742658014505
352,e,85.24018161503176,85.24018161503176,19.8869748622157,24.075379626725525
353,e,24.55902676069361,28.180124666735864,18.456491737858116,20.53269264324524
354,na,85.24018161503176,85.24018161503176,25.27029180398,35.79768886663276
355,na,85.24018161503176,85.24018161503176,4.942973457120481,5.471247836013367
356,na,85.24018161503176,85.24018161503176,73.01517824212577,73.01517824212577
357,e,85.24018161503176,85.24018161503176,73.01517824212577,73.01517824212577
358,e,85.24018161503176,85.24018161503176,73.01517824212577,73.01517824212577
359,e,85.24018161503176,85.24018161503176,73.01517824212577,73.01517824212577
360,na,85.24018161503176,85.24018161503176,73.01517824212577,73.01517824212577
361,e,85.24018161503176,85.24018161503176,73.01517824212577,73.01517824212577
362,na,12.149061589669259,16.235034861299383,10.764233686801022,17.604101884309028
363,na,85.24018161503176,85.24018161503176,73.01517824212577,73.01517824212577
364,na,28.208613593054718,32.36456499859938,9.140857184652695,11.107722039958658
365,na,41.915783028367414,44.92011638323049,73.01517824212577,73.01517824212577
366,na,46.37590690124783,58.42173581549193,73.01517824212577,73.01517824212577
367,na,7.088674447713642,22.797592286813153,24.583011520078692,32.518048797587156
368,e,85.24018161503176,85.24018161503176,73.01517824212577,73.01517824212577
369,e,85.24018161503176,85.24018161503176,11.145547656171393,12.013338947213207
370,na,0,2.8233686701476453,0,6.642297892349569
371,na,85.24018161503176,85.24018161503176,73.01517824212577,73.01517824212577
372,e,85.24018161503176,85.24018161503176,6.108051964961067,73.01517824212577
373,na,21.628451761958452,29.488809054069,73.01517824212577,73.01517824212577
374,na,10.392799198257874,19.3141495482188,47.56082290263485,59.33839068714851
375,na,85.24018161503176,85.24018161503176,73.01517824212577,73.01517824212577
376,na,5.090793438523245,12.41712954384824,73.01517824212577,73.01517824212577
377,e,85.24018161503176,85.24018161503176,19.98473892824022,22.967232935117295
378,na,26.86875380592578,41.35253882550693,42.0034927666643,43.26611292931422
379,na,85.24018161503176,85.24018161503176,13.5441741401439,73.01517824212577
380,e,17.540158583331205,23.966316817777454,31.879387796436106,33.448728933545
381,e,85.24018161503176,85.24018161503176,73.01517824212577,73.01517824212577
382,na,8.779627362220007,8.9060236832194,20.957214769970683,34.59218671669678
383,na,0,1.7712046292809673,0,3.157261039497668
384,na,85.24018161503176,85.24018161503176,61.346575566893726,63.4157052488361
385,e,85.24018161503176,85.24018161503176,13.359732441899686,16.524052870252387
386,na,85.24018161503176,85.24018161503176,11.942368504054233,13.13631764026326
387,e,85.24018161503176,85.24018161503176,73.01517824212577,73.01517824212577
388,na,85.24018161503176,85.24018161503176,73.01517824212577,73.01517824212577
389,e,85.24018161503176,85.24018161503176,8.530968300195486,12.91922096156925
390,na,85.24018161503176,85.24018161503176,73.01517824212577,73.01517824212577
391,e,85.24018161503176,85.24018161503176,73.01517824212577,73.01517824212577
392,na,-1,0,-1,0
393,e,85.24018161503176,85.24018161503176,73.01517824212577,73.01517824212577
394,na,85.24018161503176,85.24018161503176,73.01517824212577,73.01517824212577
395,e,85.24018161503176,85.24018161503176,43.51680151326487,48.176056832995684
396,na,15.71334276900934,21.02624889932089,73.01517824212577,73.01517824212577
397,na,63.68969617388654,74.52059985621159,13.789592506948887,18.945832717495552
398,e,85.24018161503176,85.24018161503176,73.01517824212577,73.01517824212577
399,e,85.24018161503176,85.24018161503176,73.01517824212577,73.01517824212577
400,na,85.24018161503176,85.24018161503176,73.01517824212577,73.01517824212577
401,e,85.24018161503176,85.24018161503176,73.01517824212577,73.01517824212577
402,e,14.357279301203029,17.507846655018202,51.89791120182779,55.362892017527244
403,na,85.24018161503176,85.24018161503176,73.01517824212577,73.01517824212577
404,e,85.24018161503176,85.24018161503176,29.467909905910766,32.87992859158958
405,e,68.68770504931165,71.21056479999467,10.03393360229632,19.371237490130728
406,na,85.24018161503176,85.24018161503176,73.01517824212577,73.01517824212577
407,na,85.24018161503176,85.24018161503176,9.277963854732969,73.01517824212577
408,e,17.415420473788956,19.065557879531816,11.601623804557695,15.352778569434117
409,e,85.24018161503176,85.24018161503176,27.278950940173583,35.32578818727167
410,na,85.24018161503176,85.24018161503176,29.257868126324666,35.6029211742428
411,e,85.24018161503176,85.24018161503176,73.01517824212577,73.01517824212577
412,na,85.24018161503176,85.24018161503176,73.01517824212577,73.01517824212577
413,e,66.61197656510228,70.19639503724828,7.486461760920252,8.860451017643813
414,e,85.24018161503176,85.24018161503176,33.97236719388234,35.3620261525287
415,na,6.437415653837376,6.7720043292989995,45.681817137670734,49.5238333895982
416,e,52.97400321959109,58.08571976910643,17.68481467720785,18.810376920680692
417,na,6.532428191698641,7.939811832765587,12.649963298585227,14.212393369811245
418,na,17.81408662194091,20.727860767232343,11.265140472776986,13.012946421703946
419,na,85.24018161503176,85.24018161503176,17.310281144358516,21.81729487611376
420,e,85.24018161503176,85.24018161503176,28.302752294995788,30.582395878690793
421,e,85.24018161503176,85.24018161503176,30.419553031920074,35.90961866618115
422,e,85.24018161503176,85.24018161503176,33.40961695338034,73.01517824212577
423,na,85.24018161503176,85.24018161503176,56.37540531367966,59.48154361108808
424,e,85.24018161503176,85.24018161503176,73.01517824212577,73.01517824212577
425,e,85.24018161503176,85.24018161503176,73.01517824212577,73.01517824212577
426,na,23.075665914642133,24.882690966937933,11.637746904647264,14.114109892450813
427,e,85.24018161503176,85.24018161503176,73.01517824212577,73.01517824212577
428,na,85.24018161503176,85.24018161503176,73.01517824212577,73.01517824212577
429,e,85.24018161503176,85.24018161503176,15.53020818965218,21.973433203551917
430,e,24.440015552098973,24.787725501565443,73.01517824212577,73.01517824212577
431,e,85.24018161503176,85.24018161503176,73.01517824212577,73.01517824212577
432,e,45.90211563894739,49.31921571962439,73.01517824212577,73.01517824212577
433,e,85.24018161503176,85.24018161503176,16.40930767545752,25.154622418619695
434,na,85.24018161503176,85.24018161503176,16.871354729372175,17.988990554770172
435,na,20.427539525732524,30.59835981110727,73.01517824212577,73.01517824212577
436,na,27.95174273852355,28.51497659801114,73.01517824212577,73.01517824212577
437,e,85.24018161503176,85.24018161503176,42.881291594312856,46.78979470907865
438,na,85.24018161503176,85.24018161503176,25.907480808390012,34.960718046174
439,e,21.36873189862346,25.491351818153138,39.23599041462773,46.45506599009813
440,na,85.24018161503176,85.24018161503176,73.01517824212577,73.01517824212577
441,na,14.889734474558926,17.69153683753417,38.23026180086266,73.01517824212577
442,e,85.24018161503176,85.24018161503176,12.627667995432391,13.869016257740462
443,na,85.24018161503176,85.24018161503176,73.01517824212577,73.01517824212577
444,na,36.920153155342156,41.33654836161841,48.9845540090525,50.02051124676449
445,na,54.152617199777374,55.13431222095745,9.950520944352238,10.771826440166933
446,e,20.28529682249933,22.262604365791198,38.83067777406186,73.01517824212577
447,e,85.24018161503176,85.24018161503176,73.01517824212577,73.01517824212577
448,e,85.24018161503176,85.24018161503176,18.05258500878015,23.500518744010897
449,e,85.24018161503176,85.24018161503176,26.229206409848217,27.488223138087303
450,na,85.24018161503176,85.24018161503176,35.29758400647361,73.01517824212577
451,e,33.518617398977995,33.95589441872806,73.01517824212577,73.01517824212577
452,e,85.24018161503176,85.24018161503176,73.01517824212577,73.01517824212577
453,e,85.24018161503176,85.24018161503176,73.01517824212577,73.01517824212577
454,e,29.79279582361624,30.989250788677598,9.401746328965446,10.421653718865397
455,na,22.630648165910962,39.49178869534535,73.01517824212577,73.01517824212577
456,e,85.24018161503176,85.24018161503176,24.383291969582693,29.363448311184513
457,e,85.24018161503176,85.24018161503176,73.01517824212577,73.01517824212577
458,e,85.24018161503176,85.24018161503176,8.346856329065208,13.048852406767903
459,na,85.24018161503176,85.24018161503176,45.32384032135458,52.77247123176518
460,na,85.24018161503176,85.24018161503176,73.01517824212577,73.01517824212577
461,na,85.24018161503176,85.24018161503176,24.23495161647557,24.24451994990843
462,e,85.24018161503176,85.24018161503176,73.01517824212577,73.01517824212577
463,e,85.24018161503176,85.24018161503176,73.01517824212577,73.01517824212577
464,e,52.630646633628295,65.06146216339003,12.583899991323845,17.6318144620112
465,na,85.24018161503176,85.24018161503176,73.01517824212577,73.01517824212577
466,e,85.24018161503176,85.24018161503176,9.325589857549998,12.41060120350886
467,e,85.24018161503176,85.24018161503176,73.01517824212577,73.01517824212577
468,na,9.820346162912271,13.38538041684706,73.01517824212577,73.01517824212577
469,e,85.24018161503176,85.24018161503176,34.523448767826345,36.085724735450064
470,na,85.24018161503176,85.24018161503176,73.01517824212577,73.01517824212577
471,e,85.24018161503176,85.24018161503176,2.1267999140155247,6.174326263333602
472,e,85.24018161503176,85.24018161503176,73.01517824212577,73.01517824212577
473,e,19.344849175822656,22.765640390459613,33.41091799479667,36.58193889013068
474,e,85.24018161503176,85.24018161503176,20.050405775532006,24.671167395270306
475,na,85.24018161503176,85.24018161503176,73.01517824212577,73.01517824212577
476,e,85.24018161503176,85.24018161503176,73.01517824212577,73.01517824212577
477,na,85.24018161503176,85.24018161503176,73.01517824212577,73.01517824212577
478,na,85.24018161503176,85.24018161503176,73.01517824212577,73.01517824212577
479,e,85.24018161503176,85.24018161503176,73.01517824212577,73.01517824212577
480,e,85.24018161503176,85.24018161503176,73.01517824212577,73.01517824212577
481,na,32.01908283018196,85.24018161503176,7.33102930862835,73.01517824212577
482,na,33.00642614280747,33.790708190315655,8.81383590079434,9.481593213950879
483,e,85.24018161503176,85.24018161503176,27.86628738536731,31.71653058328356
484,e,85.24018161503176,85.24018161503176,11.499654119126495,11.730812678080987
485,na,-1,0,-1,0
486,e,85.24018161503176,85.24018161503176,73.01517824212577,73.01517824212577
487,na,85.24018161503176,85.24018161503176,2.005714162098955,3.4998685971715444
488,e,85.24018161503176,85.24018161503176,73.01517824212577,73.01517824212577
489,na,22.691670702157886,25.178567032326562,6.810888219898249,7.296882814718733
490,e,85.24018161503176,85.24018161503176,73.01517824212577,73.01517824212577
491,na,85.24018161503176,85.24018161503176,73.01517824212577,73.01517824212577
492,e,85.24018161503176,85.24018161503176,73.01517824212577,73.01517824212577
493,e,85.24018161503176,85.24018161503176,73.01517824212577,73.01517824212577
494,e,85.24018161503176,85.24018161503176,73.01517824212577,73.01517824212577
495,na,85.24018161503176,85.24018161503176,36.84665489468581,37.04091179883117
496,e,37.27710948130723,44.1651702090951,48.89386524933756,53.576966638869756
497,e,85.24018161503176,85.24018161503176,16.397347762206316,17.024406264986425
498,na,85.24018161503176,85.24018161503176,73.01517824212577,73.01517824212577
499,na,24.927595850207844,33.61456836122024,16.075393788604547,16.792984099827223
500,na,52.33874793853481,53.87646591678251,8.859476963122685,17.056901036849965
501,na,38.91639843394019,43.21927365087562,26.155364177986783,28.514323205416222
502,e,85.24018161503176,85.24018161503176,73.01517824212577,73.01517824212577
503,e,85.24018161503176,85.24018161503176,13.874441126938832,73.01517824212577
504,e,19.979936493308543,22.705379419118685,31.460252910353333,40.47677224729661
505,na,85.24018161503176,85.24018161503176,73.01517824212577,73.01517824212577
506,e,85.24018161503176,85.24018161503176,36.53304969493389,39.356349568566735
507,na,47.54032557839497,49.01838721485032,16.364812414888263,33.291312339280736
508,na,85.24018161503176,85.24018161503176,16.42426009028456,73.01517824212577
509,na,15.179375715282909,21.897513614022998,11.474941049092335,19.272500960634897
510,na,85.24018161503176,85.24018161503176,73.01517824212577,73.01517824212577
511,na,8.6563811517243,8.720799913812087,73.01517824212577,73.01517824212577
512,e,85.24018161503176,85.24018161503176,73.01517824212577,73.01517824212577
513,e,85.24018161503176,85.24018161503176,73.01517824212577,73.01517824212577
514,e,85.24018161503176,85.24018161503176,24.704989203782898,37.34312925453948
515,e,85.24018161503176,85.24018161503176,73.01517824212577,73.01517824212577
516,e,85.24018161503176,85.24018161503176,73.01517824212577,73.01517824212577
517,na,5.554644179570617,8.96987441277614,6.542660027132074,9.092740932188084
518,e,85.24018161503176,85.24018161503176,73.01517824212577,73.01517824212577
519,na,4.539909719834923,8.696065856459864,20.352094514899115,20.67818053210103
520,na,85.24018161503176,85.24018161503176,73.01517824212577,73.01517824212577
521,e,85.24018161503176,85.24018161503176,73.01517824212577,73.01517824212577
522,e,23.67871697356769,24.392287034253613,14.079905851625725,15.639582524381764
523,e,85.24018161503176,85.24018161503176,73.01517824212577,73.01517824212577
524,e,85.24018161503176,85.24018161503176,73.01517824212577,73.01517824212577
525,na,2.7257254816743415,10.100982247090874,4.592968693527839,8.418369362907164
526,na,85.24018161503176,85.24018161503176,21.651278434591777,26.09462481383233
527,e,85.24018161503176,85.24018161503176,73.01517824212577,73.01517824212577
528,na,85.24018161503176,85.24018161503176,26.20649139365582,26.262334218261977
529,na,40.38354021257852,54.13921306758405,6.410094759006884,12.329754590901109
530,e,85.24018161503176,85.24018161503176,73.01517824212577,73.01517824212577
531,e,18.718586001020466,18.94802457520207,73.01517824212577,73.01517824212577
532,e,85.24018161503176,85.24018161503176,21.887529398734493,23.089335233415163
533,e,85.24018161503176,85.24018161503176,27.295202509109696,41.783002852629984
534,e,85.24018161503176,85.24018161503176,73.01517824212577,73.01517824212577
535,na,85.24018161503176,85.24018161503176,73.01517824212577,73.01517824212577
536,na,18.138802779766532,29.39433142767141,73.01517824212577,73.01517824212577
537,na,85.24018161503176,85.24018161503176,6.192213530036199,10.101306409037068
538,na,34.53788521471342,37.45280997148281,73.01517824212577,73.01517824212577
539,e,85.24018161503176,85.24018161503176,73.01517824212577,73.01517824212577
540,e,85.24018161503176,85.24018161503176,73.01517824212577,73.01517824212577
541,na,25.322572726413167,47.90537854085354,1.3782084153201106,6.415030755456944
542,na,7.082040593391396,7.2268268699410845,73.01517824212577,73.01517824212577
543,na,13.76068802888544,15.797507982477992,7.954933848874384,9.391778435167256
544,na,85.24018161503176,85.24018161503176,35.66723050415139,36.77831769071265
545,e,85.24018161503176,85.24018161503176,73.01517824212577,73.01517824212577
546,na,85.24018161503176,85.24018161503176,73.01517824212577,73.01517824212577
547,e,85.24018161503176,85.24018161503176,73.01517824212577,73.01517824212577
548,e,85.24018161503176,85.24018161503176,73.01517824212577,73.01517824212577
549,e,44.073864718085396,45.42752086842914,73.01517824212577,73.01517824212577
550,na,85.24018161503176,85.24018161503176,73.01517824212577,73.01517824212577
551,e,85.24018161503176,85.24018161503176,73.01517824212577,73.01517824212577
552,na,85.24018161503176,85.24018161503176,34.12465208733995,34.506041550720845
553,e,85.24018161503176,85.24018161503176,73.01517824212577,73.01517824212577
554,na,85.24018161503176,85.24018161503176,5.8292215910603735,7.005345600679501
555,na,85.24018161503176,85.24018161503176,73.01517824212577,73.01517824212577
556,e,85.24018161503176,85.24018161503176,29.262207168769432,36.81754385584158
557,na,85.24018161503176,85.24018161503176,73.01517824212577,73.01517824212577
558,na,85.24018161503176,85.24018161503176,73.01517824212577,73.01517824212577
559,na,85.24018161503176,85.24018161503176,23.40747390582993,27.34275788782085
560,na,85.24018161503176,85.24018161503176,73.01517824212577,73.01517824212577
561,e,85.24018161503176,85.24018161503176,73.01517824212577,73.01517824212577
562,e,85.24018161503176,85.24018161503176,73.01517824212577,73.01517824212577
563,e,85.24018161503176,85.24018161503176,43.31288946537789,53.09590869594176
564,e,85.24018161503176,85.24018161503176,73.01517824212577,73.01517824212577
565,na,85.24018161503176,85.24018161503176,73.01517824212577,73.01517824212577
566,na,85.24018161503176,85.24018161503176,73.01517824212577,73.01517824212577
567,e,85.24018161503176,85.24018161503176,15.051511749221996,15.243150440696189
568,na,85.24018161503176,85.24018161503176,73.01517824212577,73.01517824212577
569,na,85.24018161503176,85.24018161503176,73.01517824212577,73.01517824212577
570,e,85.24018161503176,85.24018161503176,21.220411115389247,24.06189514719335
571,na,11.305306239895424,14.244744133624263,24.005096016542446,26.093406790583703
572,e,1.7362565049764995,1.8864888454825084,17.948054344183436,26.18627128656729
573,na,85.24018161503176,85.24018161503176,73.01517824212577,73.01517824212577
574,e,85.24018161503176,85.24018161503176,11.68126514219909,12.415250290471688
575,e,12.934080756076556,28.170214406873182,18.914247172273555,21.013102950568065
576,na,85.24018161503176,85.24018161503176,7.230318843426582,15.163192655953821
577,na,85.24018161503176,85.24018161503176,22.336413400736028,73.01517824212577
578,e,85.24018161503176,85.24018161503176,7.845121413025299,19.131223555051257
579,na,85.24018161503176,85.24018161503176,73.01517824212577,73.01517824212577
580,e,7.190957001788744,7.4311560634349245,20.96125142085352,23.600764390038858
581,na,85.24018161503176,85.24018161503176,73.01517824212577,73.01517824212577
582,e,21.177819807374718,21.34048647771272,14.82678109812834,15.988809623552465
583,na,30.515026273390493,32.96129208222934,32.245010130888154,42.77612983566264
584,e,85.24018161503176,85.24018161503176,73.01517824212577,73.01517824212577
585,na,0.6470932827428741,2.680386960171134,1.0600929465039342,3.535267466449571
586,na,85.24018161503176,85.24018161503176,7.75958314700452,9.405910423846848
587,na,3.370692370571514,7.746875379878065,0.9407189568883538,6.681591770798803
588,na,6.110996974928907,6.197449066187872,14.310547599844359,22.21396990633336
589,na,85.24018161503176,85.24018161503176,16.6852560778239,23.55760760385027
590,na,85.24018161503176,85.24018161503176,73.01517824212577,73.01517824212577
591,na,85.24018161503176,85.24018161503176,21.25469270019248,30.819259158159042
592,e,12.982665219690045,13.008574425031991,0.7578551434235281,4.186382976415914
593,na,85.24018161503176,85.24018161503176,73.01517824212577,73.01517824212577
594,na,17.776599143673398,18.292506951336414,3.583190448687776,4.372374170455311
595,na,8.115474704123146,11.364487703210987,20.473530139107595,24.457689940705027
596,e,85.24018161503176,85.24018161503176,16.546869702448795,25.417049288924453
597,na,85.24018161503176,85.24018161503176,18.273807892318786,23.39101251176914
598,na,85.24018161503176,85.24018161503176,73.01517824212577,73.01517824212577
599,na,85.24018161503176,85.24018161503176,73.01517824212577,73.01517824212577
600,e,85.24018161503176,85.24018161503176,73.01517824212577,73.01517824212577
601,na,5.199377283906902,5.626418162771785,7.21162563318959,10.821118886223214
602,e,85.24018161503176,85.24018161503176,25.558488130485078,26.84465800139348
603,e,55.2077298611763,59.200153524830085,12.807470512247656,21.044501223410673
604,e,85.24018161503176,85.24018161503176,9.628201778997285,10.338480563899578
605,e,85.24018161503176,85.24018161503176,19.304332487784652,23.593671440028885
606,e,85.24018161503176,85.24018161503176,6.082055956892467,7.256100703817647
607,e,85.24018161503176,85.24018161503176,41.01969422071446,45.27487104224772
608,e,75.54187360080313,81.24747956302235,73.01517824212577,73.01517824212577
609,na,85.24018161503176,85.24018161503176,73.01517824212577,73.01517824212577
610,e,85.24018161503176,85.24018161503176,73.01517824212577,73.01517824212577
611,e,85.24018161503176,85.24018161503176,13.066912838503313,21.061887386670104
612,na,17.32729806688611,19.811607068870423,73.01517824212577,73.01517824212577
613,e,85.24018161503176,85.24018161503176,17.961532895519515,19.924881679245683
614,na,2.8468473961938643,5.310179776645449,15.429359069740197,16.30305592173379
615,na,85.24018161503176,85.24018161503176,54.84540052042422,57.42798474011731
616,e,85.24018161503176,85.24018161503176,41.797392210057396,64.20982178068769
617,e,34.858786808082776,46.40405992721181,22.234161876560186,35.44566438192437
618,e,85.24018161503176,85.24018161503176,26.405978403759534,44.52301394954996
619,na,22.415596672388933,25.56244203305659,15.247751203582734,73.01517824212577
620,na,85.24018161503176,85.24018161503176,73.01517824212577,73.01517824212577
621,e,85.24018161503176,85.24018161503176,73.01517824212577,73.01517824212577
622,e,85.24018161503176,85.24018161503176,42.66985383117139,46.70697717742194
623,e,85.24018161503176,85.24018161503176,73.01517824212577,73.01517824212577
624,e,22.566465633678963,85.24018161503176,73.01517824212577,73.01517824212577
625,e,85.24018161503176,85.24018161503176,73.01517824212577,73.01517824212577
626,na,40.43256402062108,46.487473142836215,21.94353536615934,73.01517824212577
627,e,85.24018161503176,85.24018161503176,41.950450463235065,45.410111415798454
628,e,85.24018161503176,85.24018161503176,32.933531404237186,39.011222004589584
629,na,85.24018161503176,85.24018161503176,73.01517824212577,73.01517824212577
630,na,85.24018161503176,85.24018161503176,70.7424639918364,72.95965756804964
631,e,85.24018161503176,85.24018161503176,18.12107794073125,22.702359288501263
632,na,5.519101777170357,6.506199259392265,11.35825718635176,13.916959562440807
633,na,14.13919477669817,16.643783420735872,20.744999579383965,22.773007169651482
634,na,4.604708908612284,7.677372355151332,6.033841581611575,21.24366232611326
635,e,85.24018161503176,85.24018161503176,7.181266794367009,73.01517824212577
636,e,85.24018161503176,85.24018161503176,23.32727909356409,30.24713950601752
637,e,85.24018161503176,85.24018161503176,20.404940127189686,24.27301790720247
638,e,85.24018161503176,85.24018161503176,73.01517824212577,73.01517824212577
639,e,85.24018161503176,85.24018161503176,73.01517824212577,73.01517824212577
640,na,85.24018161503176,85.24018161503176,23.450347372116237,32.832782955408085
641,na,85.24018161503176,85.24018161503176,11.050958230000488,15.447260435690298
642,na,85.24018161503176,85.24018161503176,73.01517824212577,73.01517824212577
643,e,85.24018161503176,85.24018161503176,11.333212073928658,17.464354768147402
644,na,24.4562476875239,29.38610034117089,73.01517824212577,73.01517824212577
645,e,85.24018161503176,85.24018161503176,24.41849201042625,33.98768978563033
646,na,35.209142618847345,35.25824889011578,29.440779892715152,29.987449808484175
647,na,85.24018161503176,85.24018161503176,29.55749301724959,30.187057979778885
648,na,85.24018161503176,85.24018161503176,73.01517824212577,73.01517824212577
649,na,85.24018161503176,85.24018161503176,20.222125847362328,23.86919063761292
650,na,85.24018161503176,85.24018161503176,73.01517824212577,73.01517824212577
651,e,85.24018161503176,85.24018161503176,4.112433200378776,7.9021140017116025
652,e,85.24018161503176,85.24018161503176,28.332187127774922,33.216621249752684
653,e,85.24018161503176,85.24018161503176,73.01517824212577,73.01517824212577
654,na,28.650671371638115,85.24018161503176,15.82456274551479,17.05891429502646
655,na,85.24018161503176,85.24018161503176,9.5712860255192,11.103417863932863
656,e,85.24018161503176,85.24018161503176,13.373703651835028,16.63054042321585
657,na,85.24018161503176,85.24018161503176,14.604674003600637,16.607586470083284
658,e,85.24018161503176,85.24018161503176,21.95787323836646,24.64711599303672
659,na,85.24018161503176,85.24018161503176,15.57188508347456,16.530013782902795
660,na,12.275551658129142,16.228276796359637,73.01517824212577,73.01517824212577
661,e,32.82613112998337,34.188577217489815,73.01517824212577,73.01517824212577
662,e,12.803601496720287,16.69528070849174,32.48517022174881,33.137806667133624
663,na,85.24018161503176,85.24018161503176,73.01517824212577,73.01517824212577
664,na,0.760702702517622,2.3881396717781795,2.9947295336372015,7.3845783729696
665,e,85.24018161503176,85.24018161503176,5.198362498409056,73.01517824212577
666,na,60.432726374393255,63.306752612591254,73.01517824212577,73.01517824212577
667,na,16.621881904004695,85.24018161503176,32.7661504750232,35.625351009534
668,na,12.98580600743219,23.551110077385214,0.2578181559011277,4.751931187287792
669,na,85.24018161503176,85.24018161503176,73.01517824212577,73.01517824212577
670,e,22.547003777757983,23.64448111989364,15.366353872289121,22.158629069166185
671,e,85.24018161503176,85.24018161503176,73.01517824212577,73.01517824212577
672,na,5.153995741956144,85.24018161503176,3.3507630217980338,6.505122335280265
673,na,0,3.4750874531430185,0,2.2869204384885746
674,na,85.24018161503176,85.24018161503176,61.98870989832246,62.44357611137061
675,na,34.61774185888224,53.295928565606744,3.4181074334696593,12.468676113777587
676,e,85.24018161503176,85.24018161503176,10.249247746673475,15.822710368195356
677,e,85.24018161503176,85.24018161503176,12.616354428020971,15.255765002339027
678,e,85.24018161503176,85.24018161503176,11.459029038970222,22.29734892706951
679,na,4.721724859525207,7.146228289329968,1.2174063044329522,3.368270192983707
680,e,85.24018161503176,85.24018161503176,6.504074666268062,6.824506156691719
681,na,85.24018161503176,85.24018161503176,73.01517824212577,73.01517824212577
682,e,85.24018161503176,85.24018161503176,25.9353568328208,29.17200665207132
683,na,85.24018161503176,85.24018161503176,73.01517824212577,73.01517824212577
684,na,85.24018161503176,85.24018161503176,73.01517824212577,73.01517824212577
685,e,85.24018161503176,85.24018161503176,73.01517824212577,73.01517824212577
686,na,85.24018161503176,85.24018161503176,73.01517824212577,73.01517824212577
687,na,85.24018161503176,85.24018161503176,73.01517824212577,73.01517824212577
688,na,85.24018161503176,85.24018161503176,18.23782187219636,73.01517824212577
689,na,85.24018161503176,85.24018161503176,29.136059382686934,29.738173733808534
690,na,5.613808505991493,11.33753035748919,73.01517824212577,73.01517824212577
691,e,85.24018161503176,85.24018161503176,73.01517824212577,73.01517824212577
692,e,85.24018161503176,85.24018161503176,19.997825535150508,24.66004069237579
693,na,64.17457118262558,65.65501032045862,73.01517824212577,73.01517824212577
694,e,85.24018161503176,85.24018161503176,73.01517824212577,73.01517824212577
695,na,42.23614844730916,54.50579292711285,20.30742941975774,24.212374206062538
696,na,85.24018161503176,85.24018161503176,6.541689429799018,7.876811312461128
697,na,85.24018161503176,85.24018161503176,25.319809995161812,26.846587171299884
698,na,85.24018161503176,85.24018161503176,7.896468613017717,10.565983583698772
699,na,85.24018161503176,85.24018161503176,73.01517824212577,73.01517824212577
700,na,85.24018161503176,85.24018161503176,73.01517824212577,73.01517824212577
701,na,18.480318325597587,24.448421448924808,27.076759798728233,41.05379486420323
702,na,85.24018161503176,85.24018161503176,31.46783640280645,33.493202566982426
703,e,85.24018161503176,85.24018161503176,73.01517824212577,73.01517824212577
704,na,0,3.018643733435815,0,0.8442632294579998
705,e,85.24018161503176,85.24018161503176,25.84919584646741,31.33942407261583
706,na,85.24018161503176,85.24018161503176,6.6557846440266575,11.89632218906118
707,na,85.24018161503176,85.24018161503176,18.752946981557955,22.235822486109296
708,na,85.24018161503176,85.24018161503176,73.01517824212577,73.01517824212577
709,na,85.24018161503176,85.24018161503176,73.01517824212577,73.01517824212577
710,na,85.24018161503176,85.24018161503176,73.01517824212577,73.01517824212577
711,e,85.24018161503176,85.24018161503176,12.699248164080771,15.38705487479513
712,e,8.05057560069698,15.704243885989229,11.434702674726186,14.663074457543047
713,na,56.0738318123662,56.79647743187552,9.31437301797511,10.655164494043202
714,e,85.24018161503176,85.24018161503176,73.01517824212577,73.01517824212577
715,e,28.707656776285482,33.29311345803907,18.207717080376057,19.08121923216777
716,e,13.230862928704022,85.24018161503176,30.395027357522114,73.01517824212577
717,na,30.223475935262403,35.70296179061204,7.726809136127048,9.226866644626954
718,na,85.24018161503176,85.24018161503176,11.426814988334643,15.015672567350283
719,e,41.49285806120727,42.37779899533963,19.02069386914917,30.285086622650166
720,na,0,0.9423478924663564,0,0.7189615711950041
721,na,85.24018161503176,85.24018161503176,73.01517824212577,73.01517824212577
722,e,42.63040623842468,44.84357859205923,43.47810902420892,44.0433529612817
723,e,6.227857383584155,11.70433752152815,13.835378483101808,21.538439963659897
724,e,12.489795975161462,12.629162984552833,13.867197801346917,13.944453996485713
725,e,85.24018161503176,85.24018161503176,24.12842794406367,27.28464724651805
726,e,85.24018161503176,85.24018161503176,73.01517824212577,73.01517824212577
727,na,85.24018161503176,85.24018161503176,15.919831858834442,16.264117036383734
728,na,85.24018161503176,85.24018161503176,37.04558565235982,38.890485860656554
729,na,85.24018161503176,85.24018161503176,56.88547123541786,60.38571632409804
730,na,13.583697258331512,13.735447664309604,73.01517824212577,73.01517824212577
731,e,85.24018161503176,85.24018161503176,73.01517824212577,73.01517824212577
732,e,85.24018161503176,85.24018161503176,73.01517824212577,73.01517824212577
733,e,85.24018161503176,85.24018161503176,65.29419312963215,70.7165616705416
734,na,85.24018161503176,85.24018161503176,17.583904777580333,22.614203402656756
735,na,85.24018161503176,85.24018161503176,73.01517824212577,73.01517824212577
736,na,27.815035673865005,31.687768388662537,73.01517824212577,73.01517824212577
737,na,8.942660284790403,9.054210668265899,19.163301439302344,28.825142614031837
738,e,85.24018161503176,85.24018161503176,21.694627375719094,24.459631879477758
739,na,85.24018161503176,85.24018161503176,73.01517824212577,73.01517824212577
740,na,58.610471803909476,59.63492145120359,73.01517824212577,73.01517824212577
741,na,85.24018161503176,85.24018161503176,26.932367995287,28.11761242431043
742,e,85.24018161503176,85.24018161503176,18.226192438191934,18.347433226478135
743,e,27.96520105217155,28.044045730370403,73.01517824212577,73.01517824212577
744,na,21.97601969051745,23.813622794505264,16.314195775130294,22.763845767676756
745,e,85.24018161503176,85.24018161503176,73.01517824212577,73.01517824212577
746,e,85.24018161503176,85.24018161503176,10.714588481712893,73.01517824212577
747,e,85.24018161503176,85.24018161503176,19.8687442662178,28.63546744010809
748,e,19.10745649433229,20.096360938427438,22.203062190145925,22.85053736173225
749,e,85.24018161503176,85.24018161503176,40.594355797307415,51.60062022351249
750,e,34.20228583622863,34.53515182809221,16.718893905540387,17.929749456503725
751,na,85.24018161503176,85.24018161503176,24.91117957349121,24.918702858594486
752,e,85.24018161503176,85.24018161503176,73.01517824212577,73.01517824212577
753,e,85.24018161503176,85.24018161503176,15.328227882281073,18.700164020174856
754,na,85.24018161503176,85.24018161503176,73.01517824212577,73.01517824212577
755,na,85.24018161503176,85.24018161503176,46.40527536575195,46.78071988027594
756,na,85.24018161503176,85.24018161503176,18.75281845069765,18.800607061276637
757,na,85.24018161503176,85.24018161503176,73.01517824212577,73.01517824212577
758,e,5.943841668130374,7.49778128598558,73.01517824212577,73.01517824212577
759,na,85.24018161503176,85.24018161503176,19.979512630621883,21.002046446511255
760,e,85.24018161503176,85.24018161503176,73.01517824212577,73.01517824212577
761,e,11.490229364617662,19.07057534936384,7.696705265603892,9.134881115015473
762,na,85.24018161503176,85.24018161503176,21.302936241767014,23.40468378679136
763,e,5.209987367337673,5.547838314470639,33.59034812766455,36.18119247398789
764,e,85.24018161503176,85.24018161503176,73.01517824212577,73.01517824212577
765,e,85.24018161503176,85.24018161503176,5.266069731212792,16.67519651466517
766,na,7.355937951522897,8.571688084139181,19.07335426662921,20.413057383789454
767,e,85.24018161503176,85.24018161503176,9.362945337675885,15.72971962042316
768,e,85.24018161503176,85.24018161503176,73.01517824212577,73.01517824212577
769,na,85.24018161503176,85.24018161503176,46.54463803136806,48.831698911888694
770,e,85.24018161503176,85.24018161503176,73.01517824212577,73.01517824212577
771,e,20.67042256370224,29.638260811548765,53.2827842968082,55.27843520260504
772,e,85.24018161503176,85.24018161503176,21.748323516197214,32.886734229943464
773,e,22.203230288431897,23.459918719516413,73.01517824212577,73.01517824212577
774,na,30.839000119413686,31.220358389995347,21.44298786730753,25.30209874221538
775,e,85.24018161503176,85.24018161503176,31.58118987388083,33.07254228415758
776,na,12.591263320062218,18.570453962727086,17.824587808036984,23.340997346326986
777,na,85.24018161503176,85.24018161503176,17.664599911997545,18.56748201511028
778,na,85.24018161503176,85.24018161503176,35.16286950581173,48.435861158076435
779,e,85.24018161503176,85.24018161503176,13.622417853617062,22.73680560294301
780,e,43.75753845102267,44.49439467447423,73.01517824212577,73.01517824212577
781,e,85.24018161503176,85.24018161503176,73.01517824212577,73.01517824212577
782,na,9.098671521333848,11.494154091975336,73.01517824212577,73.01517824212577
783,na,85.24018161503176,85.24018161503176,73.01517824212577,73.01517824212577
784,e,85.24018161503176,85.24018161503176,13.59807192716347,17.059952534628795
785,e,85.24018161503176,85.24018161503176,6.831772766728848,7.426709507266599
786,e,85.24018161503176,85.24018161503176,60.54522924046961,73.01517824212577
787,e,85.24018161503176,85.24018161503176,5.4951549427280995,17.878032246675833
788,na,85.24018161503176,85.24018161503176,73.01517824212577,73.01517824212577
789,e,85.24018161503176,85.24018161503176,28.956438623410822,33.18806846963188
790,e,85.24018161503176,85.24018161503176,73.01517824212577,73.01517824212577
791,e,85.24018161503176,85.24018161503176,33.670778321056545,35.34409876434509
792,e,85.24018161503176,85.24018161503176,6.809818959951948,8.129170932851512
793,na,17.89428711766914,23.265765566122443,13.91885202939542,14.584164212991915
794,e,26.135500589023273,28.14400244467658,12.982112178609853,15.304697408566819
795,na,85.24018161503176,85.24018161503176,73.01517824212577,73.01517824212577
796,na,85.24018161503176,85.24018161503176,73.01517824212577,73.01517824212577
797,na,85.24018161503176,85.24018161503176,23.48573516695775,28.489830564414387
798,na,85.24018161503176,85.24018161503176,50.236888444677625,51.812291635040545
799,e,85.24018161503176,85.24018161503176,73.01517824212577,73.01517824212577
800,na,71.61590245221036,74.2767726840374,32.3786273599627,33.74873966167227
801,e,85.24018161503176,85.24018161503176,73.01517824212577,73.01517824212577
802,e,85.24018161503176,85.24018161503176,14.546496767063719,16.011607123825115
803,na,85.24018161503176,85.24018161503176,27.123852370479323,27.43573961043253
804,na,85.24018161503176,85.24018161503176,73.01517824212577,73.01517824212577
805,e,85.24018161503176,85.24018161503176,27.5153379704412,27.74976744877188
806,na,6.250561616075554,19.444795199392264,28.076917058039328,28.33834530182998
807,e,85.24018161503176,85.24018161503176,33.181067839307445,57.834339240269024
808,na,30.133749957464985,31.047194551591886,16.844247032376423,35.57546084418071
809,na,85.24018161503176,85.24018161503176,13.308211091373478,19.936572848031336
810,na,85.24018161503176,85.24018161503176,73.01517824212577,73.01517824212577
811,e,14.954902115766725,20.84702258350919,41.63661292134516,43.50539856311648
812,na,1.2228900207745272,4.426471615546083,5.958032340799093,10.636122371546358
813,e,85.24018161503176,85.24018161503176,73.01517824212577,73.01517824212577
814,na,-1,0,-1,0
815,e,85.24018161503176,85.24018161503176,73.01517824212577,73.01517824212577
816,e,85.24018161503176,85.24018161503176,73.01517824212577,73.01517824212577
817,e,85.24018161503176,85.24018161503176,73.01517824212577,73.01517824212577
818,na,85.24018161503176,85.24018161503176,73.01517824212577,73.01517824212577
819,e,85.24018161503176,85.24018161503176,73.01517824212577,73.01517824212577
820,na,85.24018161503176,85.24018161503176,73.01517824212577,73.01517824212577
821,na,85.24018161503176,85.24018161503176,16.010260556489452,16.257238029496538
822,na,10.887197988482118,85.24018161503176,16.55574556865637,17.294842434012192
823,na,56.16889419965489,60.00746187665471,22.309799256852315,29.546609202668957
824,e,85.24018161503176,85.24018161503176,73.01517824212577,73.01517824212577
825,e,85.24018161503176,85.24018161503176,73.01517824212577,73.01517824212577
826,e,85.24018161503176,85.24018161503176,13.808307788694437,14.205465874777957
827,na,0,1.3523492556144179,0,1.432139950450748
828,na,54.01407377807806,58.02013399115483,21.90962139760558,26.09826648143823
829,na,85.24018161503176,85.24018161503176,73.01517824212577,73.01517824212577
830,na,85.24018161503176,85.24018161503176,73.01517824212577,73.01517824212577
831,e,85.24018161503176,85.24018161503176,73.01517824212577,73.01517824212577
832,e,85.24018161503176,85.24018161503176,29.958922350919437,38.58442385802126
833,na,85.24018161503176,85.24018161503176,48.45799173403523,52.29489590857242
834,na,0,4.1682432932812326,0,6.931626386692427
835,e,85.24018161503176,85.24018161503176,73.01517824212577,73.01517824212577
836,na,73.95395049011749,75.74198353427492,73.01517824212577,73.01517824212577
837,na,85.24018161503176,85.24018161503176,73.01517824212577,73.01517824212577
838,e,85.24018161503176,85.24018161503176,73.01517824212577,73.01517824212577
839,na,85.24018161503176,85.24018161503176,34.330374205741954,37.87033875920081
840,e,85.24018161503176,85.24018161503176,73.01517824212577,73.01517824212577
841,e,85.24018161503176,85.24018161503176,73.01517824212577,73.01517824212577
842,e,85.24018161503176,85.24018161503176,7.45490620087119,9.337629288125735
843,e,35.1399200059541,37.310805498318906,8.43488583282097,21.113980863921476
844,e,85.24018161503176,85.24018161503176,6.624167467091301,8.476929734262903
845,na,85.24018161503176,85.24018161503176,55.92003111362255,58.09617420497514
846,na,11.476327278736514,31.89587292654038,16.94249054948949,23.354745267461002
847,na,85.24018161503176,85.24018161503176,57.42137136106297,57.67783544561499
848,na,13.758923222671974,20.948596641870665,8.831460419082942,10.13384582614058
849,na,85.24018161503176,85.24018161503176,73.01517824212577,73.01517824212577
850,na,85.24018161503176,85.24018161503176,73.01517824212577,73.01517824212577
851,na,85.24018161503176,85.24018161503176,73.01517824212577,73.01517824212577
852,na,85.24018161503176,85.24018161503176,31.63376508015026,73.01517824212577
853,e,85.24018161503176,85.24018161503176,73.01517824212577,73.01517824212577
854,na,26.30540840127789,26.44394647657431,6.961367967480666,7.598309486679899
855,e,85.24018161503176,85.24018161503176,73.01517824212577,73.01517824212577
856,na,5.9937676488379745,85.24018161503176,13.109840966939274,15.788557106320889
857,na,85.24018161503176,85.24018161503176,8.168158986458625,12.652865672671114
858,na,70.89627064482646,73.75175337372981,40.987043591603246,44.31613527279887
859,na,85.24018161503176,85.24018161503176,26.52537845004886,27.752882053953797
860,na,85.24018161503176,85.24018161503176,24.69399505677254,26.417257945439303
861,e,16.426469568682634,16.667037282383713,7.216288752910092,10.710523231279437
862,na,65.18885843034978,74.12196853011622,8.223792576707147,8.691000154340244
863,na,12.285461014883,85.24018161503176,2.1182748890207557,2.8516269463112343
864,e,85.24018161503176,85.24018161503176,73.01517824212577,73.01517824212577
865,e,85.24018161503176,85.24018161503176,25.067871608825474,29.614347154760335
866,e,85.24018161503176,85.24018161503176,73.01517824212577,73.01517824212577
867,na,85.24018161503176,85.24018161503176,73.01517824212577,73.01517824212577
868,e,85.24018161503176,85.24018161503176,73.01517824212577,73.01517824212577
869,na,85.24018161503176,85.24018161503176,39.79628278048972,52.17899685122788
870,e,85.24018161503176,85.24018161503176,73.01517824212577,73.01517824212577
871,e,85.24018161503176,85.24018161503176,73.01517824212577,73.01517824212577
872,e,85.24018161503176,85.24018161503176,27.956766130516016,31.897461206062363
873,e,85.24018161503176,85.24018161503176,73.01517824212577,73.01517824212577
874,e,85.24018161503176,85.24018161503176,73.01517824212577,73.01517824212577
875,e,85.24018161503176,85.24018161503176,6.193185884658854,16.169087836916646
876,na,0,4.058311710882895,0,12.822680575284114
877,e,85.24018161503176,85.24018161503176,35.185310125414105,38.73211285042861
878,na,85.24018161503176,85.24018161503176,73.01517824212577,73.01517824212577
879,na,7.901433290626179,85.24018161503176,15.697532737963236,16.213146250958815
880,e,85.24018161503176,85.24018161503176,73.01517824212577,73.01517824212577
881,na,85.24018161503176,85.24018161503176,73.01517824212577,73.01517824212577
882,na,85.24018161503176,85.24018161503176,15.006151520526704,15.817966047036467
883,na,85.24018161503176,85.24018161503176,73.01517824212577,73.01517824212577
884,e,85.24018161503176,85.24018161503176,14.304247948001448,24.406297033429844
885,e,85.24018161503176,85.24018161503176,73.01517824212577,73.01517824212577
886,e,85.24018161503176,85.24018161503176,21.438869401568997,27.56971143976464
887,na,85.24018161503176,85.24018161503176,60.1563686716553,70.11115065085953
888,e,85.24018161503176,85.24018161503176,8.386459589843946,10.209328347549263
889,e,85.24018161503176,85.24018161503176,73.01517824212577,73.01517824212577
890,na,85.24018161503176,85.24018161503176,17.909433421317097,20.903505166461176
891,na,85.24018161503176,85.24018161503176,29.708043058918587,41.394703397995166
892,na,85.24018161503176,85.24018161503176,73.01517824212577,73.01517824212577
893,e,85.24018161503176,85.24018161503176,73.01517824212577,73.01517824212577
894,na,85.24018161503176,85.24018161503176,73.01517824212577,73.01517824212577
895,e,85.24018161503176,85.24018161503176,73.01517824212577,73.01517824212577
896,e,13.10235769360689,16.159259667939565,16.76848464223557,17.080049516812007
897,na,20.494401891304218,26.99520421145787,27.52280733991979,39.34096618534733
898,e,85.24018161503176,85.24018161503176,33.75893106563079,35.771119418823105
899,e,85.24018161503176,85.24018161503176,73.01517824212577,73.01517824212577
900,e,85.24018161503176,85.24018161503176,21.148557929274542,26.22265165048291
901,na,85.24018161503176,85.24018161503176,73.01517824212577,73.01517824212577
902,e,85.24018161503176,85.24018161503176,24.20769697720302,27.475838342492604
903,e,85.24018161503176,85.24018161503176,73.01517824212577,73.01517824212577
904,e,85.24018161503176,85.24018161503176,73.01517824212577,73.01517824212577
905,na,10.996980161274555,13.647990771607194,4.6106659230690505,5.002986285465337
906,na,85.24018161503176,85.24018161503176,73.01517824212577,73.01517824212577
907,e,85.24018161503176,85.24018161503176,73.01517824212577,73.01517824212577
908,e,85.24018161503176,85.24018161503176,18.593838217576167,19.370051025817084
909,e,85.24018161503176,85.24018161503176,73.01517824212577,73.01517824212577
910,na,85.24018161503176,85.24018161503176,73.01517824212577,73.01517824212577
911,e,85.24018161503176,85.24018161503176,73.01517824212577,73.01517824212577
912,e,46.84333274547921,49.40592678509314,73.01517824212577,73.01517824212577
913,na,85.24018161503176,85.24018161503176,73.01517824212577,73.01517824212577
914,na,58.50971646174251,72.06524329251017,14.42782541826679,29.3682772544861
915,na,29.773532400546486,29.917235348529772,34.51749364867532,46.83283430299543
916,na,85.24018161503176,85.24018161503176,26.43172045748455,27.12929057684694
917,na,37.93999679155528,50.8564285157224,73.01517824212577,73.01517824212577
918,e,85.24018161503176,85.24018161503176,73.01517824212577,73.01517824212577
919,e,31.858757619551326,32.47691272205822,73.01517824212577,73.01517824212577
920,na,85.24018161503176,85.24018161503176,73.01517824212577,73.01517824212577
921,e,16.87319022147181,19.782045089873986,33.43404999580694,39.90760316494361
922,na,85.24018161503176,85.24018161503176,73.01517824212577,73.01517824212577
923,e,85.24018161503176,85.24018161503176,73.01517824212577,73.01517824212577
924,na,0,12.079017089711346,0,5.65518780331706
925,e,17.18242688367231,19.925732371258846,25.333855190164265,25.487105573548057
926,e,34.40865185592396,43.77862978352442,73.01517824212577,73.01517824212577
927,na,71.02155760551774,76.02510289938043,27.162493439309134,28.706508079923303
928,e,85.24018161503176,85.24018161503176,10.560341412071805,15.385017764279766
929,na,85.24018161503176,85.24018161503176,73.01517824212577,73.01517824212577
930,na,1.4796488106794168,2.3823631245941863,1.999142872760762,12.448272285316428
931,e,85.24018161503176,85.24018161503176,24.160362475064847,30.563698906784552
932,na,85.24018161503176,85.24018161503176,73.01517824212577,73.01517824212577
933,na,85.24018161503176,85.24018161503176,29.78473480855193,32.60003560340801
934,e,85.24018161503176,85.24018161503176,73.01517824212577,73.01517824212577
935,e,85.24018161503176,85.24018161503176,73.01517824212577,73.01517824212577
936,e,13.79238960795539,19.439363771358586,5.017419536727374,9.570867278163469
937,e,85.24018161503176,85.24018161503176,73.01517824212577,73.01517824212577
938,na,5.760754414302525,7.404161682400957,9.82881003239886,16.25857921601439
939,na,20.170080204670548,31.247715628249992,6.69021177682271,8.505010155796732
940,e,7.797839658862447,9.71835167496329,2.94325625153338,5.760170318636709
941,na,4.096658844707672,21.01739252566424,26.559301573185458,32.890616540308315
942,na,24.899515066858807,25.631935587756594,73.01517824212577,73.01517824212577
943,e,85.24018161503176,85.24018161503176,73.01517824212577,73.01517824212577
944,na,18.861684432934826,19.12263049602513,24.230122445742616,27.52320533191827
945,na,85.24018161503176,85.24018161503176,73.01517824212577,73.01517824212577
946,na,85.24018161503176,85.24018161503176,73.01517824212577,73.01517824212577
947,e,85.24018161503176,85.24018161503176,53.23112760089476,73.01517824212577
948,e,23.23642944612381,23.708701342943467,22.121236681538853,28.946499616428333
949,na,61.622118391291664,67.2335095690107,73.01517824212577,73.01517824212577
950,na,36.3731939080129,38.09707646073121,24.78990059509211,73.01517824212577
951,na,85.24018161503176,85.24018161503176,24.852533440248436,31.60883947459969
952,na,33.34604677299326,48.559093394584075,32.49989682861308,41.77230137322585
953,na,85.24018161503176,85.24018161503176,73.01517824212577,73.01517824212577
954,e,21.236053655048583,22.194898056870127,13.33499920909154,13.79002523885032
955,e,85.24018161503176,85.24018161503176,73.01517824212577,73.01517824212577
956,e,85.24018161503176,85.24018161503176,73.01517824212577,73.01517824212577
957,na,13.084751962540674,21.13966534492747,32.57275030995134,36.32542056463553
958,e,40.73583102075269,43.29928888205237,73.01517824212577,73.01517824212577
959,e,37.0275080148267,37.299514583880615,14.563304567293857,16.130285265649015
960,na,85.24018161503176,85.24018161503176,28.50143843315475,30.112223999372794
961,e,85.24018161503176,85.24018161503176,73.01517824212577,73.01517824212577
962,e,85.24018161503176,85.24018161503176,56.43267199439079,56.47383290626262
963,na,85.24018161503176,85.24018161503176,30.591353295618347,31.055500312217376
964,na,85.24018161503176,85.24018161503176,12.63751665777005,13.217081229207304
965,e,85.24018161503176,85.24018161503176,28.7426870788141,37.139864734873335
966,na,7.2801038836853325,9.03503966662386,8.579195616753367,9.958788128494662
967,na,85.24018161503176,85.24018161503176,73.01517824212577,73.01517824212577
968,e,45.54847988720924,46.0973810886592,22.965762617396265,24.41654444257768
969,na,85.24018161503176,85.24018161503176,73.01517824212577,73.01517824212577
970,na,85.24018161503176,85.24018161503176,73.01517824212577,73.01517824212577
971,e,9.679317560363353,17.54189761200772,42.51558580270335,47.903448980691664
972,na,85.24018161503176,85.24018161503176,35.44090808735801,40.57440458468894
973,na,85.24018161503176,85.24018161503176,20.84964646816742,20.878232047192423
974,na,85.24018161503176,85.24018161503176,73.01517824212577,73.01517824212577
975,e,85.24018161503176,85.24018161503176,73.01517824212577,73.01517824212577
976,e,85.24018161503176,85.24018161503176,73.01517824212577,73.01517824212577
977,na,1.947702808396135,7.44378936420399,5.862058189411695,6.585906674253783
978,na,63.505996347873264,68.6804090593238,73.01517824212577,73.01517824212577
979,e,85.24018161503176,85.24018161503176,3.751038625646724,8.604071411771393
980,na,36.98385454764594,51.9597566987203,3.300244877506149,3.7039929062952988
981,na,85.24018161503176,85.24018161503176,73.01517824212577,73.01517824212577
982,na,10.982668089298512,11.13522510474236,32.2462050317675,32.60002175056227
983,na,0.4320787464075405,0.9368261516558625,3.9301058739132855,8.52017299874317
984,e,85.24018161503176,85.24018161503176,73.01517824212577,73.01517824212577
985,na,25.67177526413003,26.54339578998274,73.01517824212577,73.01517824212577
986,e,85.24018161503176,85.24018161503176,13.333202665726215,21.385725186220743
987,na,28.903602690307537,34.05301497771445,36.98783442038906,36.99302737129138
988,na,22.12816876098467,85.24018161503176,18.669156420778915,22.83797997742959
989,e,85.24018161503176,85.24018161503176,73.01517824212577,73.01517824212577
990,na,0,0.16139478525490605,0,73.01517824212577
991,e,85.24018161503176,85.24018161503176,32.975823214139986,43.10353347035729
992,e,85.24018161503176,85.24018161503176,49.724990593678115,60.079173222541314
993,na,85.24018161503176,85.24018161503176,36.68956358873701,52.433783747288636
994,e,85.24018161503176,85.24018161503176,73.01517824212577,73.01517824212577
995,na,85.24018161503176,85.24018161503176,15.988481944534858,16.276633479708206
996,na,85.24018161503176,85.24018161503176,73.01517824212577,73.01517824212577
997,na,85.24018161503176,85.24018161503176,73.01517824212577,73.01517824212577
998,na,17.53010339246641,85.24018161503176,13.22695719237381,13.749429866261337
999,e,21.473050083337725,24.00653366157816,22.46884820707445,26.891061954898664
