node, assignment, time2inf_trt, time2death_trt, time2inf_con, time2death_con
0,na,0,30.984105421778274,0,14.127859221189643
1,na,0,13.960670695129565,0,104.68132163836266
2,na,0,0.7608037889427517,0,104.68132163836266
3,na,0,6.270436789988839,0,13.12660237538012
4,na,26.145745456361112,26.58431302662216,21.365273116105676,41.5824534566598
5,na,15.541042745214993,99.64174191766347,23.029871230078946,23.60396590129097
6,na,26.654859271873683,99.64174191766347,32.408377474754715,34.66373044011459
7,na,23.278379880602422,99.64174191766347,20.113207341176704,24.82424962520391
8,na,20.051339106296123,25.866942739304108,16.846576106408403,30.887312340476687
9,na,22.592491915886686,22.690612726618852,19.56168358644364,20.1012939383938
10,na,34.55375971297933,47.80455706051593,26.57966232317655,38.75600816200804
11,na,99.64174191766347,99.64174191766347,41.17230450083366,104.68132163836266
12,na,9.044279148453635,99.64174191766347,25.338376788858422,48.480071075375704
13,na,17.33174818301555,17.57924950386528,18.407843015318022,104.68132163836266
14,na,99.64174191766347,99.64174191766347,104.68132163836266,104.68132163836266
15,na,13.540988202734676,21.745761018501593,20.252741204819177,28.597524262728964
16,na,17.058902996753048,99.64174191766347,12.78881438489377,21.76440031604719
17,na,17.15676619565704,21.132339608413076,25.869129131167107,78.1201534899666
18,na,18.922333959813017,35.65706947295582,17.054328641313678,23.460257196659562
19,na,12.443686329729307,41.20927218510906,14.439626292903602,18.653012431561937
20,na,22.374364091719613,99.64174191766347,25.25550984231374,39.465785127809056
21,na,17.37742131206901,99.64174191766347,14.042646665963705,15.938439828485981
22,na,58.49957525864343,99.64174191766347,15.18230030189516,20.366556818561047
23,na,31.297705902589115,33.91425226220071,14.904574018625485,104.68132163836266
24,na,32.91744932402215,58.85462573000085,14.98389254095975,26.015803592318747
25,na,23.23787547921321,45.467018800031454,16.233014318450667,104.68132163836266
26,na,11.960790785723251,14.308053203234474,104.68132163836266,104.68132163836266
27,na,20.010887252529898,26.348609969338547,12.709208938400128,17.573620956523232
28,na,26.5811531802915,38.39453354502447,42.70465530893297,104.68132163836266
29,na,99.64174191766347,99.64174191766347,104.68132163836266,104.68132163836266
30,na,99.64174191766347,99.64174191766347,21.44899889937441,40.213028624389366
31,na,28.485453378579997,36.69722891131471,34.25884663007841,35.98977616558887
32,na,21.384991888566585,33.21591005206851,14.25024741696193,24.265882167354164
33,na,13.634617352090585,37.08783763111697,8.894728212459889,11.692870558856141
34,na,99.64174191766347,99.64174191766347,21.481113806684,23.260582933765328
35,na,19.563778786526196,21.58749230470955,30.83357795683232,36.798283352196236
36,na,31.712303398496402,34.79604796576681,30.678081010686704,33.747576301504616
37,na,8.047829252032116,33.67346681917363,29.109413323195167,104.68132163836266
38,na,25.8504159457117,39.36062735333438,20.459050361750464,22.878851023123612
39,na,18.89346947674391,24.28974802715595,26.933141720539883,104.68132163836266
40,na,25.357163452631315,99.64174191766347,13.342237911357243,29.83462074816483
41,na,48.68898160900264,69.01403336203693,104.68132163836266,104.68132163836266
42,na,18.755438359391796,24.84900811539708,18.689469452326524,28.501161826011174
43,na,28.112925372994813,34.34591913153408,35.18569968880696,36.69715132071588
44,na,20.925454086241864,84.982966004653,104.68132163836266,104.68132163836266
45,na,99.64174191766347,99.64174191766347,104.68132163836266,104.68132163836266
46,na,13.061862621269459,17.085841465279124,19.1178734630066,104.68132163836266
47,na,13.444092680466916,14.797712260933396,61.81979820857078,82.63451002796562
48,na,14.110887529607986,26.073704378505074,16.142385682167365,26.89257410096505
49,na,29.443634851484,44.381001404473274,24.520087959045785,54.396525677972974
50,na,19.54653244349684,29.710746841530487,21.249021310999698,45.56929010173694
51,na,22.179143578322574,25.77265153921606,104.68132163836266,104.68132163836266
52,na,26.449925533718044,60.79811588233574,56.166128982989456,104.68132163836266
53,na,16.459797324069804,99.64174191766347,19.85730868232957,20.37222112230969
54,na,12.476212617261139,15.856440259097026,22.416802643512373,33.407389987422036
55,na,11.123174079065766,15.790092501598386,104.68132163836266,104.68132163836266
56,na,27.713946990549335,27.98672053256708,25.563243621856373,32.33445610582414
57,na,99.64174191766347,99.64174191766347,50.94548587612335,56.59356658948736
58,na,19.045148757776932,41.986588765323575,9.419224208487975,11.792609066338512
59,na,18.318403045301096,22.873643088186725,2.7857718052976534,50.090931525836396
60,na,25.847752949529333,27.238841116632912,27.23612798369979,36.265277952340554
61,na,11.668728464067657,99.64174191766347,14.279867135544192,22.096365617007603
62,na,99.64174191766347,99.64174191766347,104.68132163836266,104.68132163836266
63,na,99.64174191766347,99.64174191766347,104.68132163836266,104.68132163836266
64,na,9.283438397289409,9.951910838064636,23.263198692542797,28.013398905234634
65,na,19.810633703273222,99.64174191766347,6.490262387418813,22.83606757358667
66,na,5.962388413392919,99.64174191766347,23.538831968190518,29.16110002106994
67,na,99.64174191766347,99.64174191766347,26.309946030112002,27.678983538370527
68,na,26.354272804247486,30.98607424285267,24.478423272750117,33.00392226754477
69,na,0,23.6014420149271,0,6.525366583247928
70,na,10.585566767490139,12.870854949731491,32.05688629112661,104.68132163836266
71,na,8.833521035906383,23.54465361222662,20.91817037258028,22.722774423394853
72,na,17.844456173189613,99.64174191766347,23.314041941804486,104.68132163836266
73,na,14.051642138421766,32.49234187257826,24.08077910132057,104.68132163836266
74,na,21.299278113926746,25.880229626812955,24.516342106705665,57.503798499118375
75,na,99.64174191766347,99.64174191766347,104.68132163836266,104.68132163836266
76,na,17.547745176780275,23.656015197779265,13.793564108340362,22.816848078820673
77,na,7.469985330329392,18.127210271096946,25.389281862689703,30.741733337732708
78,na,27.588587240145632,99.64174191766347,24.6646485896988,30.618357892456874
79,na,18.955301944911113,32.21281550194245,33.52283467566531,41.92155939179483
80,na,99.64174191766347,99.64174191766347,104.68132163836266,104.68132163836266
81,na,17.628998072541044,19.9929654561557,31.37428302895572,104.68132163836266
82,na,23.761368654337026,31.556359668035643,28.116187514189683,51.92083495037274
83,na,18.06517200630996,22.952900093742187,14.451978758638878,17.37155099821003
84,na,34.26407651940648,99.64174191766347,35.07326650908245,43.07566058753942
85,na,33.51063086385891,34.83880347523732,11.161871148767995,12.923542584199373
86,na,9.946720769075775,17.632119967191784,19.982401544765075,25.771112944652316
87,na,13.55785565385076,99.64174191766347,19.368355792777656,19.85576262876616
88,na,9.176485209648295,13.45677973780285,20.175654886460382,25.723828037980752
89,na,11.420256411625292,19.10398300567337,28.001210461406966,36.44087154628887
90,na,29.583746036513674,99.64174191766347,19.99970771988867,58.27691578839704
91,na,17.395005672098385,24.98630599964194,20.799879344518757,29.332995828158193
92,na,29.804624658047235,33.463723471173616,20.560642415662286,21.407865934029036
93,na,99.64174191766347,99.64174191766347,42.40888040147714,104.68132163836266
94,na,21.775071981058996,28.819803138306693,14.07340766411471,28.888067046261014
95,na,6.795180554793108,9.101935676792646,26.718496329413092,104.68132163836266
96,na,41.08553343106771,99.64174191766347,20.531768268364686,104.68132163836266
97,na,7.3980814659167295,14.065147526362022,8.526492779857271,39.9921750438271
98,na,17.00758919394807,17.326598851350106,36.18587814549742,41.85654446989751
99,na,55.24759899787336,59.443655870849284,18.71676511138366,104.68132163836266
100,na,8.878531623528659,35.82042183381012,10.412071023307673,15.223061951079071
101,na,35.5204732905242,99.64174191766347,28.122567528457616,30.216363762938734
102,na,12.95410482552836,18.62072188592112,104.68132163836266,104.68132163836266
103,na,51.43446349690213,60.121140567071436,12.784439827868596,104.68132163836266
104,na,21.081842426730272,35.774222289794984,32.0160943642479,36.710132255161426
105,na,1.0131872485217777,17.094747689821833,20.748297343244513,43.611071076769306
106,na,99.64174191766347,99.64174191766347,104.68132163836266,104.68132163836266
107,na,22.46148015241903,99.64174191766347,12.063046286220962,104.68132163836266
108,na,26.450337218914427,30.929313979211113,13.3024957402414,19.169119463750995
109,na,22.61185810710065,29.700966173681035,20.10089872928402,31.182897867387787
110,na,30.836111871960764,64.51487056125447,26.126959524675698,26.508356690932864
111,na,2.822487730766571,15.856040158304339,23.006289607245794,29.02663970082272
112,na,18.21551420203372,21.42328090070651,29.8873191041966,68.79220885470092
113,na,17.93518065155798,32.786373707791306,40.03289125566623,104.68132163836266
114,na,16.85478617309024,99.64174191766347,14.534998728097786,17.724390500581407
115,na,47.21398417583377,47.267863791722725,104.68132163836266,104.68132163836266
116,na,10.017075710223592,99.64174191766347,21.90925274803276,27.27183395150131
117,na,7.821432399128856,99.64174191766347,12.200343058351143,13.494135178942583
118,na,13.58668877579044,47.984559903148856,12.890056806835219,20.91096096966442
119,na,8.949925020334769,22.74753921264363,25.303006990089496,25.306541975811058
120,na,8.020957469535553,15.431885372755426,21.337234039665113,22.214698887227396
121,na,4.25818272188404,5.75134830810745,9.140860877103773,20.593528915113083
122,na,99.64174191766347,99.64174191766347,22.38944079102387,28.607130134634158
123,na,21.896698789071845,25.09878151349523,7.92029751609406,17.21112071250964
124,na,27.72051793547049,40.358208349056625,11.591023429949498,27.618158406078752
125,na,21.65803355652658,30.35332380996692,104.68132163836266,104.68132163836266
126,na,25.01758464590267,34.57461111519217,19.205185434280658,34.20764392115416
127,na,0.9757645062097433,6.086761577291902,17.400706628549642,34.49053715942942
128,na,39.0192800460212,41.881230866009055,48.802931265604236,57.4747298594579
129,na,16.27957721986416,16.396455037716393,31.232136444308846,56.2619020037707
130,na,21.3816747279362,40.79002541781986,11.499696219287767,14.74911493063998
131,na,99.64174191766347,99.64174191766347,30.159849619373066,39.897173130469085
132,na,29.274527089789142,34.496992144515396,26.469331327225966,35.390970062496955
133,na,14.915854989376406,57.956504265654274,19.141036080392894,32.27875629032059
134,na,13.909562880186284,29.89332036361899,34.80829333293382,49.11166340752762
135,na,19.48066466689824,22.972299296687456,26.351818162337608,101.46107776758367
136,na,28.078682921269984,81.13128214974898,104.68132163836266,104.68132163836266
137,na,23.066892818272642,67.19485258871383,26.24391787043914,44.9703447924049
138,na,7.195862200704777,7.6521138681920915,12.65029159308625,13.513935655557615
139,na,16.425574694082766,34.76366335490323,14.527301579493503,20.642348691461816
140,na,21.46158387966148,99.64174191766347,44.142443798997235,45.38226711030096
141,na,13.717273290076655,16.867331667565917,104.68132163836266,104.68132163836266
142,na,99.64174191766347,99.64174191766347,104.68132163836266,104.68132163836266
143,na,27.33339812931153,27.576113308770868,21.862277115030558,31.284737446289242
144,na,15.0435635897933,20.097405744951786,32.81412191382378,34.79130551606078
145,na,17.965670962134237,24.145085020204792,18.983980698741117,45.550237526077694
146,na,12.150653974106163,13.780282413174609,13.794399851914884,18.654783529998777
147,na,12.58872012810364,18.676195335274517,28.471722787635837,35.92107155409174
148,na,21.888573200991527,24.715067460829346,19.312169245284117,46.98497971897718
149,na,10.53718125008349,20.765945293618582,12.272038265965142,17.320615731387374
150,na,9.484667553341367,17.442520048422544,23.18333510252883,24.211723631823986
151,na,38.111242792311494,99.64174191766347,7.786981943798444,13.354724166542525
152,na,19.311413404916813,19.760256267414494,26.972227232773626,104.68132163836266
153,na,16.415185778585176,29.271623516151845,27.178933699846354,29.490460091602987
154,na,99.64174191766347,99.64174191766347,27.60149931129431,32.65568506049044
155,na,41.52097285486328,51.975211226510964,104.68132163836266,104.68132163836266
156,na,25.456338065242765,38.85163471996314,11.026893469849046,14.183981032135724
157,na,13.416772277029311,18.840221976012536,23.834413288263402,31.697779395621442
158,na,29.52622484463956,35.18132701769152,8.675023349076303,10.762769933659474
159,na,32.3465065997411,67.61885433207621,17.4669146422074,22.848483713703338
160,na,15.037639730111474,15.261478189243691,22.7543478343509,38.487042110151776
161,na,20.70875217415225,44.87251560689874,29.956958418924213,42.66146474145543
162,na,31.007849170241464,35.36231809851128,44.15231732700803,50.248321530939656
163,na,16.2362427101157,23.150303517657424,18.70062369925397,104.68132163836266
164,na,18.924276354150994,25.467888234038956,20.93736586483619,104.68132163836266
165,na,14.623759368506988,29.113602959013797,16.72114500207956,21.830514112921247
166,na,27.162288883859844,99.64174191766347,38.342011683272155,46.329244349032145
167,na,26.48829992943738,30.641888605234723,104.68132163836266,104.68132163836266
168,na,21.40701094237454,24.787580872080905,22.29700914716002,30.67436487816539
169,na,36.958408736893475,99.64174191766347,46.71850146988007,60.57208407202856
170,na,1.722791742544969,99.64174191766347,9.464958925349292,30.023788171574303
171,na,22.718893378479223,23.517155100110145,13.431185368453749,40.56637433868548
172,na,99.64174191766347,99.64174191766347,104.68132163836266,104.68132163836266
173,na,15.931163517459353,24.429222101419995,43.49569554434468,62.07765989081363
174,na,99.64174191766347,99.64174191766347,36.57030119159018,48.833092099044684
175,na,99.64174191766347,99.64174191766347,104.68132163836266,104.68132163836266
176,na,99.64174191766347,99.64174191766347,104.68132163836266,104.68132163836266
177,na,11.82912739373677,99.64174191766347,13.705939493517807,23.744656639134096
178,na,33.59383982615938,49.40177359743117,12.617938010573209,37.66487711527774
179,na,27.679941614975778,47.9039794980582,31.64787498657262,31.648758717226144
180,na,19.34709059058818,38.91923998443785,18.73974869985093,22.56971301745537
181,na,99.64174191766347,99.64174191766347,104.68132163836266,104.68132163836266
182,na,14.082028131945297,99.64174191766347,19.544532829941687,36.20810280077019
183,na,27.179220685993702,62.733476749991596,24.927922822571666,28.180635287393915
184,na,11.908291983516268,16.109601651926162,26.23258004796872,70.10204827419159
185,na,27.154360152699045,99.64174191766347,104.68132163836266,104.68132163836266
186,na,99.64174191766347,99.64174191766347,104.68132163836266,104.68132163836266
187,na,39.64106484003218,40.20759949957066,104.68132163836266,104.68132163836266
188,na,29.321473906791322,32.76450473501743,20.328648503954707,28.038451043897105
189,na,21.650871960760586,23.91510773371362,20.636475417552838,31.018033313935373
190,na,34.02527055333036,62.12269333922371,15.314453023315144,104.68132163836266
191,na,12.704166298263836,12.76247625161255,19.508918735474754,23.3230518854699
192,na,99.64174191766347,99.64174191766347,27.936423938780436,36.94082605192781
193,na,23.40864940578396,24.289677101239754,27.2576177020253,58.49824449438613
194,na,14.479592654409212,54.06798780815275,10.827506702021148,104.68132163836266
195,na,99.64174191766347,99.64174191766347,104.68132163836266,104.68132163836266
196,na,99.64174191766347,99.64174191766347,104.68132163836266,104.68132163836266
197,na,99.64174191766347,99.64174191766347,19.537819155472185,22.717529615776357
198,na,21.368816152717066,27.842510413677832,33.39075181058978,35.37915565504118
199,na,24.427165264468062,25.160998943409776,17.778486872280578,18.118400364337848
200,na,23.577497523094248,26.948085349286313,23.0360019446131,104.68132163836266
201,na,22.398323703854334,25.308266859759954,26.5612013489542,104.68132163836266
202,na,42.61341681373586,44.980767159450224,24.483679659312326,26.584554445090063
203,na,23.489437702022816,31.89288687960742,18.93504782854244,21.964234991044716
204,na,11.63856519181039,31.572307975751162,26.6952969164425,31.318674014115697
205,na,18.254269447937073,18.317267881057145,14.306955361157733,38.67654018927241
206,na,34.60341883394513,54.1153084813689,38.13778445254203,55.29600158265677
207,na,19.572905917575493,28.9024892838727,12.888781399155812,14.825358731900419
208,na,12.369586308251575,17.199878133245385,33.52448629039401,104.68132163836266
209,na,99.64174191766347,99.64174191766347,28.72998330517976,104.68132163836266
210,na,37.95216393268709,43.41792518096125,104.68132163836266,104.68132163836266
211,na,25.655686987638283,30.30483216372881,10.058659536197355,24.52111461331851
212,na,12.11614637353236,99.64174191766347,27.791308541665266,70.26800137422687
213,na,14.869247626706894,24.842396540252036,3.3486263193144836,9.097337439721112
214,na,19.629675146240945,23.181896130249548,12.342707854052472,32.19912645252136
215,na,61.08302589537741,69.27477726320693,104.68132163836266,104.68132163836266
216,na,38.43634167103759,53.77191300168976,104.68132163836266,104.68132163836266
217,na,21.192102137929794,23.50282666809948,12.532656837347682,104.68132163836266
218,na,9.687050574949811,15.387720480058588,33.075713655245394,43.82068228523459
219,na,12.008504282744537,29.235184578409378,8.441788225220714,9.786989430634078
220,na,25.336397154499217,25.53818649843372,13.42238094291315,29.81605770942042
221,na,23.137296597377542,99.64174191766347,20.378318596245922,104.68132163836266
222,na,99.64174191766347,99.64174191766347,104.68132163836266,104.68132163836266
223,na,44.25250357720779,56.381656910082306,16.99801162643163,26.250422374015454
224,na,26.226332929828843,30.572054082487433,29.94937204058197,38.470529358920764
225,na,12.514906032148417,33.03707506850791,18.38108611440388,19.726732413020358
226,na,16.93673455254121,23.448040416055115,22.31035794677654,24.16086234025035
227,na,16.146482675242027,99.64174191766347,56.1412685002496,97.2117429532392
228,na,12.251488014315045,18.420990495975047,20.24490891926544,22.665253644428187
229,na,99.64174191766347,99.64174191766347,32.65202610116523,43.456009303408294
230,na,12.902399220978866,15.719182328007097,104.68132163836266,104.68132163836266
231,na,23.260817040860985,40.28588140985404,22.287176565351768,22.303551284762495
232,na,19.6811788786771,34.09720083889907,26.86507061479443,27.74791995136142
233,na,99.64174191766347,99.64174191766347,22.754056358655845,36.529882455727595
234,na,12.185602084679905,14.512930079451273,28.10257727943275,28.23130013115492
235,na,99.64174191766347,99.64174191766347,104.68132163836266,104.68132163836266
236,na,40.05419985039644,51.867407984926025,36.65888213339356,44.15716750503343
237,na,7.440830771684057,14.556429862611925,12.91326629944565,23.09831813428675
238,na,25.281254480711045,99.64174191766347,23.571435627630446,39.98791964884868
239,na,15.2052758548505,42.08084580797555,21.16000088457424,32.4114087306353
240,na,35.37269006112617,43.96782624712399,22.51682983666071,26.248314586986577
241,na,57.86885801736557,79.48697178143564,22.913674130328776,27.216549985734254
242,na,17.55793975857796,29.498742320575833,14.490642681545232,20.58764925349948
243,na,18.010888524819176,23.01470686962502,20.655043828270173,41.26206137175257
244,na,21.261612304335003,34.896205624224514,19.429407648928624,31.350396051923585
245,na,0,0.524685555843553,0,14.609541001929758
246,na,47.77836601510551,55.363205959515,104.68132163836266,104.68132163836266
247,na,26.842525724632463,99.64174191766347,17.55240297991022,104.68132163836266
248,na,1.0508202001755993,8.02653413819786,0.22069204418645327,0.5384997436793252
249,na,23.489147622415928,26.789415322079062,104.68132163836266,104.68132163836266
250,na,20.055425971872488,99.64174191766347,15.837393330463007,24.52548709949644
251,na,12.26188272686856,16.943537564855152,34.20413155605069,104.68132163836266
252,na,99.64174191766347,99.64174191766347,104.68132163836266,104.68132163836266
253,na,35.07357250167573,52.976387044258686,19.417938979064793,41.05354252300601
254,na,99.64174191766347,99.64174191766347,37.68967758461221,43.94751529344625
255,na,15.991859717984488,16.124092365551256,35.59265213674534,39.74667097049227
256,na,22.255996619796992,29.164932484414113,23.503414918721095,63.48681873084101
257,na,26.898031592258366,31.67748231060023,20.703551858202715,21.721503251688013
258,na,26.999219149346185,31.527507755638588,29.116115237585728,104.68132163836266
259,na,6.2362648256212925,14.5521962665025,23.23755757486773,24.800555230205855
260,na,31.71084329829644,37.15012937424147,37.806109008512074,49.57068603031682
261,na,43.648763921757705,47.227428408680815,33.17544250793371,40.13207887957623
262,na,16.30719292902954,24.482888755325238,14.619158741618893,41.9537720451193
263,na,99.64174191766347,99.64174191766347,104.68132163836266,104.68132163836266
264,na,15.036056971414139,18.61131087622783,7.130477024336455,11.844728867117107
265,na,4.73351260353823,6.951064861655442,1.5064408589030518,8.529836177507876
266,na,16.21529564487472,99.64174191766347,17.58365127285023,22.15881496852865
267,na,27.192294922642045,50.067870482246875,104.68132163836266,104.68132163836266
268,na,20.969165714976473,37.48833457825417,19.44988490320452,41.424117746642665
269,na,99.64174191766347,99.64174191766347,104.68132163836266,104.68132163836266
270,na,33.08349201655844,99.64174191766347,104.68132163836266,104.68132163836266
271,na,99.64174191766347,99.64174191766347,30.486952814713177,38.27895220649731
272,na,12.886876094485071,14.4854637591625,15.30857079019493,104.68132163836266
273,na,99.64174191766347,99.64174191766347,22.073949283668256,104.68132163836266
274,na,15.230737758888232,99.64174191766347,8.725853471656986,14.2736182727273
275,na,14.278691185482398,20.860131741385445,27.86153119904824,104.68132163836266
276,na,23.032408333440895,30.406936380033976,14.096346151990138,14.263448512351015
277,na,4.47108297689685,4.630058047231273,19.412528467081177,23.687458612452087
278,na,30.153871314976268,41.62078241330012,28.323854786526617,104.68132163836266
279,na,10.080390964714477,16.997059842534046,21.571111191168985,26.639693720724154
280,na,18.055512267461644,49.14441988313226,41.169436569168525,65.76709439230008
281,na,6.426819510146292,10.588815702059884,21.71985559036656,62.75522391092185
282,na,18.621623091427285,33.37551171380463,27.376656900497217,104.68132163836266
283,na,15.17090301164489,16.74353626979177,32.67504928091339,104.68132163836266
284,na,20.883428284208275,29.721337443914514,19.403023040311357,24.78078759019111
285,na,20.19797503514271,25.829830470523977,30.312653857347915,104.68132163836266
286,na,15.013132050649356,99.64174191766347,15.098177747339818,104.68132163836266
287,na,3.4423573988288734,5.705780476279896,18.005944277186156,27.164220736017292
288,na,34.60521405600363,71.08405747742252,104.68132163836266,104.68132163836266
289,na,7.045155842694449,99.64174191766347,17.731258836163526,21.90903717076617
290,na,99.64174191766347,99.64174191766347,104.68132163836266,104.68132163836266
291,na,26.38679884589154,43.14307965268041,22.49700497234625,31.13575304258591
292,na,37.55719144138219,49.978732456765066,27.419750935116433,104.68132163836266
293,na,13.639297939449577,22.658969774605552,12.225105547629985,104.68132163836266
294,na,8.779041614437425,16.17862738828408,19.18437170227652,104.68132163836266
295,na,30.84276180688227,41.267817863988746,34.21159679472847,57.6328838987373
296,na,24.80035254823064,29.256225567037475,27.291390188714328,31.41742097222715
297,na,13.194829008756125,18.419392994118517,24.32933216925009,33.50515804324337
298,na,9.017579392088804,14.592949064048385,26.1765543422121,104.68132163836266
299,na,16.134467770493792,22.377051837458815,19.60033748598069,49.91074109935113
300,na,23.51034237180567,99.64174191766347,49.04225160653255,55.440445142884684
301,na,62.01863477094556,62.20930334196825,16.58084775219427,16.693976247986008
302,na,55.84576694145652,63.82279296585218,31.124450244427862,32.7150534242009
303,na,21.315135333005156,29.86286426743331,25.886080476269143,39.11663397477489
304,na,99.64174191766347,99.64174191766347,19.78805172721559,28.562059142700207
305,na,31.738605799027294,40.70060002436802,24.452601357367005,30.924935821142004
306,na,9.774860419050672,29.853740706130665,16.846274313245587,18.087186013202565
307,na,13.4669002614514,99.64174191766347,23.708764321890165,25.435444566965373
308,na,23.900433073611975,24.11865753996211,7.364081931377549,9.88755522446231
309,na,15.367351550687909,18.14166726937153,14.122818232668351,20.887957502755484
310,na,50.99589981393036,55.445191538421426,33.50431013878447,56.318104847724136
311,na,40.661711933634166,49.24027594018491,104.68132163836266,104.68132163836266
312,na,4.041829682077596,15.584684694913419,36.942305472995436,50.04398133579427
313,na,19.93471619006143,24.490078525663474,22.028343893651876,34.79208404406821
314,na,20.748551954572196,99.64174191766347,41.63739955374351,47.644481974445945
315,na,99.64174191766347,99.64174191766347,104.68132163836266,104.68132163836266
316,na,78.63781490781449,99.64174191766347,28.49794326659278,29.659668447019154
317,na,25.7315465464941,26.335026699179696,104.68132163836266,104.68132163836266
318,na,16.451687320344146,25.972733323922853,18.362107547416024,24.482365714750024
319,na,8.577245940518957,53.471083446882105,10.58358812295667,11.06873530375807
320,na,16.49975554401979,16.568687125929817,23.732645352639118,42.738184872310576
321,na,8.962336030137294,99.64174191766347,22.40241224854673,23.275393525545635
322,na,7.296859450034854,24.802628146279105,5.729168290951595,16.752035105225556
323,na,16.993051752618232,99.64174191766347,20.304823779733226,22.839860283616254
324,na,18.020659981904863,41.36968533672855,27.082567007289267,29.763685741621504
325,na,99.64174191766347,99.64174191766347,64.0901277807998,70.23088261005444
326,na,26.729906650421157,51.17429952033262,11.505111042875486,17.404224415633493
327,na,24.074820420259595,99.64174191766347,43.96789623412367,51.47185827088575
328,na,30.2793611686416,43.309023429243695,17.91833826486852,34.13238895667953
329,na,16.972217546487123,30.633535499319944,24.17117798376799,104.68132163836266
330,na,31.73695162688446,38.794502633522484,17.006131890287044,28.616429024079515
331,na,53.080344077833544,70.52152108432114,104.68132163836266,104.68132163836266
332,na,99.64174191766347,99.64174191766347,104.68132163836266,104.68132163836266
333,na,99.64174191766347,99.64174191766347,104.68132163836266,104.68132163836266
334,na,16.509947642409493,18.54658835598193,19.357539109660976,104.68132163836266
335,na,10.742398983593096,12.672697716627548,14.237286200009791,104.68132163836266
336,na,17.21345815213979,38.31102182336287,19.849517286722975,39.68733442463516
337,na,13.993096043227744,99.64174191766347,19.301175611988977,19.489957191282183
338,na,18.51678071193237,99.64174191766347,21.422023174409127,30.111649812468066
339,na,20.178963500357984,99.64174191766347,33.04602574304617,40.1573570917313
340,na,99.64174191766347,99.64174191766347,48.61895755358029,49.212860975048
341,na,29.033309280128393,99.64174191766347,104.68132163836266,104.68132163836266
342,na,13.88107843581679,27.462402733173327,104.68132163836266,104.68132163836266
343,na,24.701919698183445,25.325419291884266,18.236186085929894,104.68132163836266
344,na,99.64174191766347,99.64174191766347,23.61064147246175,104.68132163836266
345,na,46.07481077656934,99.64174191766347,104.68132163836266,104.68132163836266
346,na,99.64174191766347,99.64174191766347,104.68132163836266,104.68132163836266
347,na,99.64174191766347,99.64174191766347,25.096541830281296,28.89116260312251
348,na,99.64174191766347,99.64174191766347,29.86643559935357,104.68132163836266
349,na,20.75006563848399,32.9738291688313,26.43096140608872,31.27291447832353
350,na,27.204698784652777,29.542579399937377,32.98096665621673,45.680738673089756
351,na,20.099812876650446,22.427620719080405,16.83024959219594,64.68458549305319
352,na,17.353623499766677,17.818726100827348,36.932693437842445,40.98548376574582
353,na,25.28883644770871,47.579177255210425,27.257223745718747,104.68132163836266
354,na,17.935007761118502,99.64174191766347,18.443192809083843,29.471491129234096
355,na,5.405321370091385,25.086765843255662,104.68132163836266,104.68132163836266
356,na,99.64174191766347,99.64174191766347,104.68132163836266,104.68132163836266
357,na,21.5475071466955,30.357993888472592,16.15597049291027,26.12064467499916
358,na,23.645084413211954,28.39358692603031,18.57005637490522,18.935183211664622
359,na,30.219822687813238,99.64174191766347,24.85227202725233,28.813917568598512
360,na,28.980119868645897,35.37992774591071,104.68132163836266,104.68132163836266
361,na,20.696757977823808,29.71796622779788,26.157926494487345,27.55354408844426
362,na,20.967735425759855,34.334634078263214,17.83741838177695,45.83634322466437
363,na,40.69821000579335,99.64174191766347,22.069261011170404,32.07838009698503
364,na,25.461122558289553,99.64174191766347,4.060696059709104,104.68132163836266
365,na,16.220613858536648,24.140495127886776,40.31686608490313,61.30582601333217
366,na,18.678065574524418,22.272372763205976,6.663279528501437,20.20747428215314
367,na,22.513412848539854,26.876316442467996,27.819617239631206,41.06987408125542
368,na,21.0808530986783,29.440009187327444,16.025847280995123,21.330980996394658
369,na,15.948619563321609,37.30505483241071,44.239354465861645,71.60284416789922
370,na,13.375277427094755,99.64174191766347,27.815326049559847,36.052653777903295
371,na,99.64174191766347,99.64174191766347,104.68132163836266,104.68132163836266
372,na,99.64174191766347,99.64174191766347,19.43251770272505,25.960611270181204
373,na,23.188535592500177,27.87487922574854,17.646350656362678,104.68132163836266
374,na,99.64174191766347,99.64174191766347,21.16615901134806,36.294344317900325
375,na,35.1165870883954,40.37343880866594,30.681956022921415,104.68132163836266
376,na,11.981341346572307,99.64174191766347,18.637547610421212,30.975246909494327
377,na,11.21347333974282,19.884808904100108,12.999015256224014,104.68132163836266
378,na,15.806762006440382,20.059985140276492,27.02166937074976,31.314962435515717
379,na,25.477911340067347,26.520372375127153,32.059804510352755,38.82665185120377
380,na,99.64174191766347,99.64174191766347,104.68132163836266,104.68132163836266
381,na,15.637870666464373,28.25386657755777,21.40412390522692,34.148743951368836
382,na,19.784085435022064,99.64174191766347,31.747231206315508,90.11378656466067
383,na,99.64174191766347,99.64174191766347,104.68132163836266,104.68132163836266
384,na,25.764733277492162,29.37615687329134,15.595012526142598,22.61841778022742
385,na,21.062295083624335,23.37940579453581,25.796570404450073,31.168161368497486
386,na,14.60191808917376,99.64174191766347,23.836592553409744,35.969540407527504
387,na,20.310842447939173,31.78406808155609,5.501444448530019,5.7025997077626345
388,na,14.190324744541005,15.570638718694411,19.163167256711663,24.102669908493883
389,na,99.64174191766347,99.64174191766347,104.68132163836266,104.68132163836266
390,na,16.932160141972453,22.1072607207936,35.87213027014401,41.73483175885807
391,na,26.105780086963886,34.667937477375595,14.405807016715595,40.23942868722284
392,na,8.83072987714333,99.64174191766347,104.68132163836266,104.68132163836266
393,na,27.588987895610778,99.64174191766347,104.68132163836266,104.68132163836266
394,na,18.744840570287394,99.64174191766347,14.879236426056087,16.07422456908489
395,na,15.414859449478772,19.869799110076897,20.9572512754119,23.81534934503533
396,na,28.816634481290787,88.61454888056801,28.373763108000496,59.364935657687404
397,na,28.64582879962542,49.714752334388855,33.44176166649994,54.913342533840776
398,na,27.0145617925803,34.87203445796962,32.99989811073935,33.01879541583265
399,na,21.819584477421184,41.483162565473116,46.080894582206476,60.173052733932046
400,na,99.64174191766347,99.64174191766347,60.58066859018467,69.75625607022636
401,na,8.76941599995392,18.254839685053078,33.785735077040954,104.68132163836266
402,na,25.27501065604216,48.27526245517669,15.555639017683433,27.353167306450953
403,na,33.555781168793374,46.636370609204256,45.55601334714872,51.39371572799375
404,na,14.72163037056182,16.42604978752628,13.797296821101936,28.838277258104764
405,na,49.45364622055407,53.721262923033066,104.68132163836266,104.68132163836266
406,na,28.937081877640736,82.74883779706433,21.071642734278964,21.182508786313246
407,na,13.301877421224852,15.161848723052412,29.237852252515452,30.461921261066436
408,na,99.64174191766347,99.64174191766347,25.343931044801632,26.00595826203214
409,na,20.03258493139623,99.64174191766347,26.76960712185532,30.265054495060262
410,na,32.847716289680214,99.64174191766347,28.875234823560437,29.456065023016645
411,na,37.557631620709515,69.84846554682166,28.474444176261194,29.34410879770763
412,na,25.27933111185964,33.66679747131487,25.67106915954639,54.64139558134852
413,na,10.082243517317307,99.64174191766347,18.91565991966473,104.68132163836266
414,na,99.64174191766347,99.64174191766347,28.579393099107133,28.59294196327121
415,na,29.78449099224842,32.69631000670923,23.061167829955092,36.39312973359856
416,na,4.241212518002652,28.0439482486778,11.851492143028247,14.031251214267671
417,na,16.791282431389927,21.367221259750547,32.110237871470304,37.88013501687457
418,na,14.890631513944687,99.64174191766347,36.64974422946977,37.32876914767753
419,na,59.480222962847975,61.76550675575813,17.634558196194796,19.414010637378787
420,na,99.64174191766347,99.64174191766347,104.68132163836266,104.68132163836266
421,na,16.452189040541747,25.377012371171006,9.949382238916563,11.560175865520483
422,na,17.41779036404784,17.96050180141917,22.63236885027226,104.68132163836266
423,na,13.331952795453635,17.621537126979355,35.73767277121554,39.5171754998488
424,na,99.64174191766347,99.64174191766347,42.365848599769365,104.68132163836266
425,na,24.332778206082484,27.516354477031392,25.29018784517287,47.59537361086946
426,na,99.64174191766347,99.64174191766347,104.68132163836266,104.68132163836266
427,na,31.331036348541723,34.589851032887374,43.40447206400665,64.47971612254345
428,na,21.214088359794808,21.640994725722056,12.75934912092032,16.843055240528624
429,na,1.1452324008991406,5.183783212923009,35.82446573565262,35.92721870200903
430,na,35.69758979772894,41.91599306739802,21.291485391255684,46.772544593110254
431,na,12.072217895131702,27.690038108528185,37.60873962910815,38.08847296976606
432,na,17.140172351815842,21.48430533035156,31.526807540214293,47.92688338965464
433,na,30.029948304208716,38.327270574156984,19.70611388847046,34.57033952175377
434,na,5.956798407599669,85.54220989769006,24.99525004459854,31.641088573606822
435,na,21.34316384549829,22.029892390333973,15.935380057781275,30.25164687420425
436,na,99.64174191766347,99.64174191766347,29.88216310347879,30.30993842819191
437,na,19.876917246908246,30.19662321475612,28.30381127665988,28.87392207575477
438,na,18.066938412877086,27.85510491181307,13.930759758458064,21.97320840483559
439,na,99.64174191766347,99.64174191766347,104.68132163836266,104.68132163836266
440,na,24.62363033668234,71.80611449917696,36.4706818265691,104.68132163836266
441,na,8.53148345811853,99.64174191766347,22.559469914208076,27.799357099842666
442,na,19.028801735731843,35.2732783830068,15.257234969948344,16.957562366160197
443,na,11.881828227986038,15.746515791613332,104.68132163836266,104.68132163836266
444,na,24.693323129946684,28.038949873820734,34.1911541467371,104.68132163836266
445,na,34.6716556758118,46.276120651057646,23.27247834792512,30.55044282304243
446,na,9.20883175211276,13.091617430798674,40.05360573001071,48.12911335007613
447,na,18.98076710260719,19.082622207394728,23.492807791334496,25.49025187073929
448,na,21.752537225698397,26.16482442298769,11.978779995819014,12.46102216339954
449,na,26.74483998608393,37.06621206813428,3.9176499471437696,104.68132163836266
450,na,99.64174191766347,99.64174191766347,104.68132163836266,104.68132163836266
451,na,11.483544751787019,22.319206316488387,25.724217804139972,33.59073197177566
452,na,36.395328079079576,99.64174191766347,104.68132163836266,104.68132163836266
453,na,99.64174191766347,99.64174191766347,32.11252773734607,74.36192607045783
454,na,17.897235287926446,38.80772243494179,21.586807898578623,23.87676506137857
455,na,9.899683559475076,41.882515946533516,17.3197003701362,21.883842490047826
456,na,22.779505700890432,99.64174191766347,17.768868446610323,23.551332609411148
457,na,25.600009095525696,37.0374707537597,13.814538997173678,14.679519434967053
458,na,20.24989144001647,24.959963283872373,25.953359236411288,32.696680353589436
459,na,17.344693980986655,23.032312732298962,33.50477193885597,47.888959396550284
460,na,7.667093777876586,99.64174191766347,20.316278505491923,104.68132163836266
461,na,10.06774177531004,17.07891138358778,11.520047501978574,104.68132163836266
462,na,43.35668579568811,43.60528626156572,104.68132163836266,104.68132163836266
463,na,17.915534158783228,28.281449706652577,28.566459744597942,28.861823207756743
464,na,8.176856772931817,13.283960616605832,17.377130408404142,18.73841641008582
465,na,24.20423841878392,26.74826315281204,19.23454463383838,20.892349854005367
466,na,99.64174191766347,99.64174191766347,104.68132163836266,104.68132163836266
467,na,22.263752119363286,22.388482873208087,17.418411004998955,23.08994663984345
468,na,23.17404713269765,23.894873211563638,28.227263373357133,33.103521033312674
469,na,31.129295029274243,36.55727764726112,30.489068033547145,46.65564783178161
470,na,7.8115434615301425,23.239679198746764,7.225756026884387,13.099199131592727
471,na,24.3976961024468,34.05638352873448,2.08983297290462,104.68132163836266
472,na,20.407197438302045,23.758239378241637,46.55682696753204,104.68132163836266
473,na,26.5379887882391,35.36470742192686,20.639561208718607,21.97603482105194
474,na,2.4257314405174752,10.96767662216567,31.095277227944553,36.16921043034292
475,na,35.40388844762432,46.89630180288133,13.142019576707952,13.77949647010987
476,na,20.67819577232937,23.383576564916403,22.101051657778388,104.68132163836266
477,na,99.64174191766347,99.64174191766347,104.68132163836266,104.68132163836266
478,na,21.76069351794999,28.380064511132943,25.57963552204649,27.685053559803837
479,na,20.07585282643499,47.851076207292984,21.71526983988918,23.61612791164123
480,na,31.813493452322035,45.815357864315466,104.68132163836266,104.68132163836266
481,na,99.64174191766347,99.64174191766347,104.68132163836266,104.68132163836266
482,na,33.66175327380406,50.073344354274795,31.96643835246805,74.07556644096451
483,na,11.931386086368668,21.552009012554894,20.550504053026827,31.18805744089837
484,na,14.52027094985466,45.220551415960166,39.89917123274227,49.37367522063003
485,na,99.64174191766347,99.64174191766347,104.68132163836266,104.68132163836266
486,na,24.220984752012534,32.12137924763731,104.68132163836266,104.68132163836266
487,na,15.766881887049992,17.481361924534543,104.68132163836266,104.68132163836266
488,na,99.64174191766347,99.64174191766347,17.709015984125482,41.034091064260835
489,na,31.577689873891153,34.681804638884,104.68132163836266,104.68132163836266
490,na,12.238629979703177,13.194167833544556,18.497356090412442,20.067219126292052
491,na,12.781336613834597,41.91634207130372,15.290416755269593,104.68132163836266
492,na,13.474651088303403,16.79225554667384,25.165564968485512,26.524213051144535
493,na,22.530478290259076,26.743794574552407,14.14888972996057,16.16584603916214
494,na,23.578311552781177,27.963867213541114,104.68132163836266,104.68132163836266
495,na,11.599705071468042,30.108798980551796,10.907255404577478,27.44098431655766
496,na,21.010471424940334,24.950435659543164,16.938984857308853,104.68132163836266
497,na,18.62867159948969,21.76756072340381,104.68132163836266,104.68132163836266
498,na,70.51567670429051,79.18489295826208,104.68132163836266,104.68132163836266
499,na,23.06778429354414,24.03152444732149,30.22543656296281,55.73091049886467
500,na,38.86387115109352,46.69885459962763,26.839714485794445,29.71909395711632
501,na,38.39373532613066,46.49141967969242,59.051661415282254,62.082459970001096
502,na,32.09220823722834,35.56543437633116,16.005742448204998,22.3912990377834
503,na,25.382263808343165,99.64174191766347,20.602519392002762,35.113822719452685
504,na,29.613003016025594,39.61096806460335,33.646679745699174,34.257654309540754
505,na,9.863664035596988,28.91349280041698,15.543542870820657,30.384271841018176
506,na,33.21804484357311,99.64174191766347,23.103572110088756,28.94269841052077
507,na,99.64174191766347,99.64174191766347,41.8559786729761,46.467613714736856
508,na,37.99648267390467,79.45216075054975,16.730213173453084,104.68132163836266
509,na,12.791363767175977,23.167873441617367,14.989588143233876,21.803449776465825
510,na,23.358723098581684,60.29007269113895,22.17142824927602,27.02368419857296
511,na,20.272317090625336,24.449596527313716,25.62882279614735,28.63021559714498
512,na,23.92040810359493,26.26133495870135,104.68132163836266,104.68132163836266
513,na,11.753228733200382,26.37646411420568,36.4838901611515,44.318634119831614
514,na,8.959298641780496,9.150109725926821,21.720940814245008,37.83160678248074
515,na,32.291628580257694,43.97124082843719,22.163068464192126,25.206960932979882
516,na,20.082985989009387,29.66613526217879,104.68132163836266,104.68132163836266
517,na,10.630857501521158,26.979543369706313,67.50061834436241,77.56701482475614
518,na,28.258959900288154,30.672623952405353,38.89696988525429,73.28473863185752
519,na,28.078797885016435,38.02471960648356,19.044302986656707,104.68132163836266
520,na,40.785205199518735,99.64174191766347,12.03054802404992,12.870558268669074
521,na,19.619707535382666,33.77596830005495,29.926451116021212,33.868982946370224
522,na,24.16351762990715,99.64174191766347,31.383125681209876,46.27732023650837
523,na,17.05427836514522,21.922835434147864,34.234036816442725,46.01771017873442
524,na,13.04090355075382,24.017983168435272,12.81146425861598,16.057582124878817
525,na,7.109761610514767,9.873290840395944,25.112479429873222,25.42262058889542
526,na,27.204958655137403,46.65296393467963,21.46322404571123,22.75669618475253
527,na,11.212943219122359,99.64174191766347,12.415364396399836,104.68132163836266
528,na,23.933935707082814,29.01126153773412,15.632578768065999,21.65174560420185
529,na,9.918181564526206,15.892573497576592,15.596012112552803,18.65673044509539
530,na,9.041845829620732,28.124537702172248,18.083936133630623,22.834859358843673
531,na,19.424723069989934,41.08671772548026,17.24926129145159,104.68132163836266
532,na,21.497893001697502,27.862619332272406,14.299751701986752,24.226808993454057
533,na,10.473927192500893,11.977919616891223,14.033233600307316,104.68132163836266
534,na,13.84268905083145,56.17286037438481,25.84245152863355,28.553487881342328
535,na,99.64174191766347,99.64174191766347,34.69977162246486,53.46772318652297
536,na,99.64174191766347,99.64174191766347,15.669354028828296,16.006552227640743
537,na,99.64174191766347,99.64174191766347,21.50700500764222,29.223277875899704
538,na,7.514408565691158,11.665657295159143,104.68132163836266,104.68132163836266
539,na,99.64174191766347,99.64174191766347,104.68132163836266,104.68132163836266
540,na,14.823890541361193,30.486007578963182,22.622740521459214,34.40344834923549
541,na,13.365063819646453,24.20476351737675,23.950105789219016,38.20743778665763
542,na,99.64174191766347,99.64174191766347,19.083953235105593,26.483798092399475
543,na,21.854993906567927,99.64174191766347,18.985651581590634,24.70418166656865
544,na,20.891527567891615,26.46787849573817,16.329158581748718,17.997315015735023
545,na,24.794829374996834,28.585047734157424,36.33452889657826,39.684811987354976
546,na,4.843769156938046,40.29671506892588,11.601955987934039,17.185586405256515
547,na,28.64293636699355,99.64174191766347,29.788233750103476,104.68132163836266
548,na,23.4945967775734,26.467283268314638,33.27876599361046,33.86895309033204
549,na,20.812665331919415,25.300522238740438,21.805590856252607,104.68132163836266
550,na,10.998589617632826,99.64174191766347,4.801936722610149,12.13478397566627
551,na,11.55638057739685,47.84315027446135,19.740353476252583,25.706097153454145
552,na,18.41919627083556,21.641823745861164,16.413466776656243,104.68132163836266
553,na,15.023066565667376,29.615712170003615,28.794836356776493,45.25375079661995
554,na,15.979917490306308,19.113517097641786,19.745448626539243,104.68132163836266
555,na,99.64174191766347,99.64174191766347,21.219423660850083,25.244661533904832
556,na,99.64174191766347,99.64174191766347,104.68132163836266,104.68132163836266
557,na,17.084376105230874,17.753961076924824,23.441751815276394,35.8698048187175
558,na,3.377775347250966,40.698196612750145,28.6981122879515,31.981813861660758
559,na,19.938440653140105,37.70668101583979,21.242111040688307,25.531708331008975
560,na,22.07614188789831,27.412972386159037,23.229210959424073,33.17480913845501
561,na,99.64174191766347,99.64174191766347,24.904487908468937,29.348087292308836
562,na,17.218758169502497,18.94013486891736,13.95570276098704,19.805347294875123
563,na,7.582135165133345,14.655710204102446,15.834875225473944,23.436109177236354
564,na,14.938423273310868,15.41910513680542,10.320302292716944,11.811554469333617
565,na,99.64174191766347,99.64174191766347,104.68132163836266,104.68132163836266
566,na,21.57990712084575,30.435013387930603,104.68132163836266,104.68132163836266
567,na,99.64174191766347,99.64174191766347,21.626320390526708,52.37588450299151
568,na,24.232407054299763,34.69475722194608,40.51926613936305,43.89323174895617
569,na,21.039700874844858,72.28019106383515,42.337140172769814,48.22618170527581
570,na,16.667950341420756,27.69322066903095,34.00348268408836,41.41295994010514
571,na,99.64174191766347,99.64174191766347,104.68132163836266,104.68132163836266
572,na,16.379475826124466,31.337328013505815,22.557271700791755,26.740700056376138
573,na,99.64174191766347,99.64174191766347,27.80252073360663,36.59058394531414
574,na,99.64174191766347,99.64174191766347,104.68132163836266,104.68132163836266
575,na,99.64174191766347,99.64174191766347,18.594623771779585,29.129235557496784
576,na,22.692168754265463,25.554165857838267,46.98629545457268,60.05088589970794
577,na,12.079155343326299,99.64174191766347,8.183644324569604,9.680157135965779
578,na,27.91360736165932,47.09712163287647,23.6661170957208,31.1812014410954
579,na,17.427361687612027,99.64174191766347,44.89633282806052,104.68132163836266
580,na,12.723889473651965,19.301737880598775,8.251954101845008,19.009869364790035
581,na,10.168171616490971,24.82474268030502,29.392946870891016,40.934356354971555
582,na,3.4476844364590815,10.602784717352378,25.996365445653794,31.769438000809956
583,na,16.320650742261883,23.85051223371727,5.066189569810226,7.107854675766466
584,na,9.437272960564242,21.22384800313378,104.68132163836266,104.68132163836266
585,na,22.0189756011876,99.64174191766347,52.23439569030766,104.68132163836266
586,na,15.046085219820627,99.64174191766347,10.879943811092991,82.91829941204391
587,na,28.287088312042282,42.46678088805373,104.68132163836266,104.68132163836266
588,na,20.80538871489368,99.64174191766347,15.389851574318353,15.500908721233058
589,na,30.714622230812825,56.51807145715119,20.449976931644393,24.45443068652745
590,na,45.348425388366394,72.15449905558295,19.535202884769408,104.68132163836266
591,na,21.941742322496147,26.126272006228284,30.255792097376226,53.58018256371399
592,na,48.984120673204515,99.64174191766347,67.7365546138854,71.53488139926324
593,na,17.324580060717356,42.70000776522325,8.386070654828897,104.68132163836266
594,na,99.64174191766347,99.64174191766347,57.2273691154175,91.76203324421641
595,na,21.911434859136016,99.64174191766347,29.546288763971393,39.24962019405867
596,na,23.755862629716976,29.191441263708942,9.272304426821826,15.039291046810524
597,na,28.563488304637392,35.136046659836694,10.32804346350321,23.826597610606807
598,na,29.536805549003567,29.719249089719025,104.68132163836266,104.68132163836266
599,na,99.64174191766347,99.64174191766347,104.68132163836266,104.68132163836266
600,na,8.52095025870897,13.12258913076032,10.6770349463054,11.781346317871112
601,na,9.493258059749643,16.849192682464693,13.254036049156765,27.35577898268401
602,na,23.793926728532607,35.98545724922806,28.938438870267543,42.85431374327637
603,na,18.066402629895816,99.64174191766347,23.292199475153744,24.976135235523408
604,na,23.66954413092025,27.37790744868293,19.53000472827713,29.77575864993611
605,na,15.528139179024881,18.12933081113747,10.979945924141154,12.626587545955728
606,na,99.64174191766347,99.64174191766347,104.68132163836266,104.68132163836266
607,na,99.64174191766347,99.64174191766347,17.723120340163753,104.68132163836266
608,na,14.390652705755286,99.64174191766347,23.58414539095265,25.692941162736602
609,na,15.51605240057805,17.658855181155168,24.778076786281453,30.526121250736168
610,na,6.973445840087114,7.528539503174081,14.115017473269008,38.901621589352416
611,na,36.38125164202026,90.52580520306196,17.589142276447514,104.68132163836266
612,na,13.88213594586077,28.414909934930154,36.07696157650158,46.563332478583966
613,na,99.64174191766347,99.64174191766347,104.68132163836266,104.68132163836266
614,na,24.854354262641788,49.458634793959284,26.350469784475273,30.88388947642663
615,na,13.722217963375257,16.455875959850683,14.917528313374888,18.541211996773473
616,na,22.250478931890825,29.116938224334632,24.56448434781464,27.210191340839682
617,na,14.778814575190188,24.600021016243534,12.171795007883784,104.68132163836266
618,na,38.367656579129424,41.682322401923024,30.113748612041057,30.528697372140904
619,na,99.64174191766347,99.64174191766347,31.44809664934901,41.19318427683255
620,na,99.64174191766347,99.64174191766347,23.553203033978836,48.39878507343804
621,na,18.2426880141026,99.64174191766347,19.992301525310793,23.47617851501957
622,na,20.458038927774115,22.346725589286056,39.68418459502043,48.02552726896988
623,na,7.431206911839464,16.845348463695363,0.2321036060915497,0.6115551231118368
624,na,16.305875066227408,52.86681565645781,46.05687884396664,62.17974926015016
625,na,99.64174191766347,99.64174191766347,25.225671819483473,29.82779081906603
626,na,18.05298273675078,21.117367782403534,19.233534288488045,37.0691334794604
627,na,12.369767675188374,99.64174191766347,9.066800415556346,39.574599884420934
628,na,15.344679674332033,17.41728534375184,26.288385112037098,104.68132163836266
629,na,23.632972700716955,41.966630029235496,16.118438088787936,17.083650652286064
630,na,7.488970896521251,99.64174191766347,104.68132163836266,104.68132163836266
631,na,99.64174191766347,99.64174191766347,21.77768719310436,22.40749240502069
632,na,20.939363650844577,36.013707317377836,15.523543343363528,15.993653908131426
633,na,48.498669774601204,88.91899493406933,26.726123660746097,29.684904154571996
634,na,27.5535243103623,51.184812903556384,35.54821703602858,38.84259522208753
635,na,10.764976686351995,99.64174191766347,13.37447022246887,18.796971785434966
636,na,10.95500738650341,99.64174191766347,11.028608651211918,11.425788495514464
637,na,19.97068800740689,43.05090801534634,11.408667619628767,13.936578363643834
638,na,23.571040350025736,99.64174191766347,10.647509768807577,14.063100266502627
639,na,17.790363164166397,23.38777218918274,23.235859586550514,28.43533895158251
640,na,23.654666804407793,61.12617467953095,104.68132163836266,104.68132163836266
641,na,8.366281125914867,9.502819929614242,104.68132163836266,104.68132163836266
642,na,3.418809248881977,14.315458047598627,21.353985267208856,24.46680135280352
643,na,17.441324314588098,18.779437877160607,10.641191166162075,12.27414596980761
644,na,19.889625368569828,22.699549623503597,40.22250839046445,49.781286550112405
645,na,99.64174191766347,99.64174191766347,35.69454441796546,104.68132163836266
646,na,29.65220767530836,38.40927158715776,25.192663486377313,30.669114445855534
647,na,17.161471635223275,27.731192717825387,31.208920618900844,46.508280007189036
648,na,20.28587649181329,20.896751249626718,19.186461867200997,26.91832207592989
649,na,15.142236532747896,20.406075660526113,11.976393425278726,104.68132163836266
650,na,18.87536493313914,59.03662277574783,3.1982998776705873,23.076212333029243
651,na,30.655863734582674,62.48989242784509,104.68132163836266,104.68132163836266
652,na,23.099846093501203,24.520021371807957,74.3044546289618,104.68132163836266
653,na,99.64174191766347,99.64174191766347,35.81165147402866,38.40286118194669
654,na,10.5043479424305,99.64174191766347,28.237305995847574,104.68132163836266
655,na,16.859478709529373,31.02051039205213,43.763208619637496,46.60898048300116
656,na,24.914019334539567,25.089278843303376,13.980666776227167,18.016961528429604
657,na,13.094533033555278,99.64174191766347,6.504075799187444,9.160896982823447
658,na,22.28752278746277,27.825909952204004,19.116212307346924,37.366190089876625
659,na,41.82558752040443,44.268518451955195,24.076638748663548,24.909145606884437
660,na,99.64174191766347,99.64174191766347,104.68132163836266,104.68132163836266
661,na,19.844879796058454,47.977523805720864,31.97358757949976,104.68132163836266
662,na,33.44987694118821,38.54733450039753,37.748989580351164,42.28611178024703
663,na,24.792004783552184,25.847836601986227,29.60443587108743,32.68021558163341
664,na,7.697803418165739,12.64727197964614,19.00646116003453,26.910368462473272
665,na,13.972536500701452,17.899791165893955,104.68132163836266,104.68132163836266
666,na,99.64174191766347,99.64174191766347,104.68132163836266,104.68132163836266
667,na,16.27259580564431,45.66718954420716,16.34016902490941,104.68132163836266
668,na,24.634748040938064,24.851663568336733,37.006353919424875,76.45668249303871
669,na,99.64174191766347,99.64174191766347,42.408897546072645,42.896224980908684
670,na,13.022504944618932,37.812663823747954,104.68132163836266,104.68132163836266
671,na,18.87149219821497,19.0127046648288,15.624414523124152,15.682828308916262
672,na,18.031140984497576,21.063997792914286,26.853302754758086,34.826372590640936
673,na,21.447387135229278,99.64174191766347,23.587964829727532,26.917751671113074
674,na,21.78970157874408,40.4483979441321,16.2629017075222,17.807809122598048
675,na,25.43547380911254,34.00728636189792,18.674599571181183,104.68132163836266
676,na,99.64174191766347,99.64174191766347,25.52614644878598,34.97316624384623
677,na,29.409667191262862,65.68525442442726,28.179809268124174,42.02927350386818
678,na,5.944586864029529,9.14718198490956,22.301981912594897,31.203935680209256
679,na,22.919227879858113,25.218170939233705,18.907960053435996,28.51709252801442
680,na,25.929700441413267,99.64174191766347,104.68132163836266,104.68132163836266
681,na,7.621063625754199,99.64174191766347,104.68132163836266,104.68132163836266
682,na,99.64174191766347,99.64174191766347,104.68132163836266,104.68132163836266
683,na,99.64174191766347,99.64174191766347,104.68132163836266,104.68132163836266
684,na,14.795458569893905,99.64174191766347,10.673391098168175,14.958012906129161
685,na,99.64174191766347,99.64174191766347,104.68132163836266,104.68132163836266
686,na,11.53246790285191,13.584688619863753,22.637428212541707,29.819942955914243
687,na,37.53914551942554,38.06742125680976,17.286160185486533,19.676474165328912
688,na,17.961023404982942,36.559051989254236,104.68132163836266,104.68132163836266
689,na,19.52028015870219,99.64174191766347,41.20141450656075,41.491248511465415
690,na,10.41481204263812,10.519577706688182,12.778135599146651,17.453147983142344
691,na,66.08850973732939,70.80836831945386,32.41448463543693,104.68132163836266
692,na,17.5481449050866,33.823208357417926,32.21637539464165,55.212992136481304
693,na,99.64174191766347,99.64174191766347,104.68132163836266,104.68132163836266
694,na,18.098574428901482,25.44553366481048,17.324503509256882,17.332138947694943
695,na,99.64174191766347,99.64174191766347,104.68132163836266,104.68132163836266
696,na,60.129685747716614,68.12376906837555,32.19976088209349,37.81110501617993
697,na,18.374365289085592,48.28181864292783,5.483141216860062,10.37533134191203
698,na,12.595976033039932,99.64174191766347,10.564251707831861,23.42698199563049
699,na,99.64174191766347,99.64174191766347,17.59407494378622,18.236130070703226
700,na,19.071263177824992,23.2067132022366,9.17088280799375,16.887938402645947
701,na,14.534554381346078,21.46518718062493,6.069606132793787,13.915976918544345
702,na,16.498926174137893,22.041505251645486,16.910852158727668,31.080294587006698
703,na,99.64174191766347,99.64174191766347,104.68132163836266,104.68132163836266
704,na,8.04039033830549,12.07363942621997,17.931349650272644,21.78467773404737
705,na,8.312622921150018,34.426162071629086,13.800194175932283,30.2161310301446
706,na,11.544262935685301,17.855588797333304,21.873049759734528,32.902029614059806
707,na,99.64174191766347,99.64174191766347,104.68132163836266,104.68132163836266
708,na,20.33197331501621,41.26417089676729,29.66350994322864,39.03132099744292
709,na,25.756551144282895,30.635207714351797,18.85006239023001,25.178117965676098
710,na,32.587018987672934,34.95514849939712,27.003962137797064,32.008307109958054
711,na,30.41697626641547,56.45649376828015,49.18164669901526,104.68132163836266
712,na,35.93472889130578,51.181044360388746,43.78242034068492,62.75395399804742
713,na,99.64174191766347,99.64174191766347,45.10783044061386,56.87958218101323
714,na,32.54259144046196,56.18710257095489,55.845818510699964,58.89248201670228
715,na,34.07878059496091,49.335592416064614,104.68132163836266,104.68132163836266
716,na,14.263990462235967,21.717650986090145,14.629091850504375,15.798471751044794
717,na,23.84994763249883,28.392797413751005,10.252571300375264,11.167546738882992
718,na,11.23818494658189,20.99658508898587,25.937439118676927,44.878322253685816
719,na,10.67752742012406,17.85621071723784,20.415456850317483,104.68132163836266
720,na,99.64174191766347,99.64174191766347,104.68132163836266,104.68132163836266
721,na,28.22037626907447,99.64174191766347,22.50742545162954,28.516382029223593
722,na,99.64174191766347,99.64174191766347,43.75055083378797,48.99703329772239
723,na,99.64174191766347,99.64174191766347,31.744198021068588,34.05857991279621
724,na,99.64174191766347,99.64174191766347,104.68132163836266,104.68132163836266
725,na,17.63398121005947,21.353068805240728,23.947330230021056,30.154845872196404
726,na,99.64174191766347,99.64174191766347,104.68132163836266,104.68132163836266
727,na,37.417052654732274,43.4264030900511,10.297414569310954,15.353188231587122
728,na,16.388571286538568,99.64174191766347,26.711409133255763,37.296226094433216
729,na,35.727904339249,53.3184591934598,38.813398582587254,104.68132163836266
730,na,20.35475747817374,99.64174191766347,24.49840515950985,45.540469388915476
731,na,24.735219951984927,99.64174191766347,18.3816441263506,19.813147996484876
732,na,18.69872062127623,18.706076251190826,13.852816279497864,20.119510226346176
733,na,99.64174191766347,99.64174191766347,45.38578293748891,51.67521232261693
734,na,17.060859285959822,99.64174191766347,21.093950576319752,46.807941795285664
735,na,14.757508343557527,17.934229141912013,18.782594561001293,19.671529893812526
736,na,20.076170122744497,21.14701088331509,24.068638024986143,104.68132163836266
737,na,15.982700620969421,99.64174191766347,7.528841839480673,27.651971313793926
738,na,13.168536907098154,99.64174191766347,19.331959574704367,20.819675108534955
739,na,13.24024155639382,14.894212076873329,11.625113134111803,22.315636197223025
740,na,17.88558413017653,25.893587259053575,104.68132163836266,104.68132163836266
741,na,19.087919624928414,23.80242346470299,53.11323102295235,55.38505169636806
742,na,10.030621368725209,30.042505729221688,15.447258089213356,49.05235155645885
743,na,26.326331764828534,35.54279341973075,58.95761819127163,67.45569218857355
744,na,12.675550699671316,36.265065076018985,17.705009453293425,19.3406124717452
745,na,16.446634530347172,38.09847456887276,104.68132163836266,104.68132163836266
746,na,25.536424757485534,29.754013244726977,28.736735286769562,104.68132163836266
747,na,49.003270206338335,55.10436658221675,104.68132163836266,104.68132163836266
748,na,16.562529923383877,22.393194860848592,23.326506921770186,35.80826843788494
749,na,13.729630923287216,18.319204426535784,16.362839671448707,104.68132163836266
750,na,99.64174191766347,99.64174191766347,30.49118632957015,55.690694913145016
751,na,37.1932594246033,99.64174191766347,40.83880240997516,41.32922927319923
752,na,9.23888347269859,99.64174191766347,41.48666978653552,104.68132163836266
753,na,99.64174191766347,99.64174191766347,104.68132163836266,104.68132163836266
754,na,11.640132681943994,18.08407608140559,11.23096278922445,11.845113794035099
755,na,13.724980119352622,99.64174191766347,20.116300842792196,21.07839842276215
756,na,99.64174191766347,99.64174191766347,104.68132163836266,104.68132163836266
757,na,15.049075845680244,99.64174191766347,25.952104860355906,104.68132163836266
758,na,99.64174191766347,99.64174191766347,24.65110107892377,32.30660315157484
759,na,16.432309192120726,21.421847727530032,16.697799180983488,31.4305899183602
760,na,11.547709187801525,99.64174191766347,12.613701364705664,16.642370452610283
761,na,17.965327656778726,30.498873225808712,41.833603698895985,51.28017512562115
762,na,12.282594609880444,12.720864173731014,17.88508242013346,104.68132163836266
763,na,25.396524070456405,30.794085774925687,24.106279136123668,25.810308289350424
764,na,44.658546866905084,48.92917543613325,104.68132163836266,104.68132163836266
765,na,17.834533432345,99.64174191766347,104.68132163836266,104.68132163836266
766,na,19.540505968486006,32.27886041170581,104.68132163836266,104.68132163836266
767,na,99.64174191766347,99.64174191766347,44.50882874471332,104.68132163836266
768,na,21.936458348905425,24.16700878683267,32.9284288350597,37.430372732006134
769,na,67.44524325564856,67.47874131294637,13.621255893175523,16.107674832331636
770,na,40.910537367230056,99.64174191766347,31.09344805303193,53.50765802432734
771,na,14.474060622396394,28.386211335467358,104.68132163836266,104.68132163836266
772,na,8.10126363339904,10.36967317620543,19.569572240636244,35.25819529657389
773,na,24.853747408503605,99.64174191766347,104.68132163836266,104.68132163836266
774,na,29.211366093894185,46.8119060177417,32.24620437535538,45.81128349450167
775,na,28.665294630882368,37.83586401678543,39.70040593413446,51.05560578025189
776,na,99.64174191766347,99.64174191766347,104.68132163836266,104.68132163836266
777,na,15.611402094764335,17.167264730194333,17.38075580785338,31.206927098550622
778,na,18.556109291411776,20.247859039158797,14.110395122705127,14.794222652472838
779,na,38.50460349778991,41.58819223208214,29.640928071805508,35.420257959009454
780,na,5.031789135443754,22.995316124519317,39.66371696901826,44.56221090916816
781,na,22.39355931116944,30.56139065804285,22.139987976858517,25.476184651064912
782,na,18.999839318955996,99.64174191766347,42.81077511349636,42.88286850986414
783,na,22.57416987999231,29.9285047956033,21.711367067894916,28.586844297237775
784,na,10.746997566952357,99.64174191766347,45.56833977219138,60.34391705719167
785,na,14.883535151425704,99.64174191766347,22.47777432960147,24.636196281094723
786,na,16.988251980584224,99.64174191766347,14.762683708617535,35.794813571371314
787,na,18.653815068719258,22.562278393596902,17.818095708509897,21.373787066543247
788,na,21.0869239156019,25.630933928202328,13.233395583080172,16.26490504968486
789,na,7.233175920710528,14.237636517284889,31.716948976591283,40.71692771661936
790,na,16.48848515593409,99.64174191766347,16.80579734160639,104.68132163836266
791,na,19.984732125047255,20.617747904232413,32.0112903313305,34.78830923625169
792,na,99.64174191766347,99.64174191766347,104.68132163836266,104.68132163836266
793,na,99.64174191766347,99.64174191766347,104.68132163836266,104.68132163836266
794,na,20.660662828028467,35.357601529762476,15.84328658130467,20.162407133421993
795,na,99.64174191766347,99.64174191766347,18.72643385601196,22.930089555058213
796,na,7.082330269407519,14.08009999110993,44.0676295322754,51.298928355476555
797,na,32.05953472754837,34.538843600449354,104.68132163836266,104.68132163836266
798,na,35.04154558917437,99.64174191766347,32.06553795787726,34.045923751451625
799,na,99.64174191766347,99.64174191766347,25.07001380309243,25.94505811497225
800,na,43.28186315024282,47.41472855720427,25.97693453034777,34.579485584730456
801,na,40.02563154630269,50.85634597603611,36.6164470882292,48.6412936496829
802,na,31.578071332460542,37.42738646379163,19.43004846908587,23.42209824278284
803,na,55.69209609219956,63.41547795461082,104.68132163836266,104.68132163836266
804,na,26.260616136149633,28.283105516830535,20.938598329731338,31.508548047413704
805,na,7.782318204540376,10.153166280283557,16.394015134132967,20.074179667999502
806,na,33.673400688606286,34.25244618362333,28.130283395177916,29.765805232010983
807,na,13.083058845725324,14.355489280884465,12.401946470574716,20.044691099711912
808,na,17.864611404645387,99.64174191766347,13.070925088339518,18.755850337704402
809,na,22.210796540378542,40.370741242732564,27.88657515098957,104.68132163836266
810,na,99.64174191766347,99.64174191766347,53.02054144081789,60.44884375099969
811,na,32.80670936859805,38.42048302361637,104.68132163836266,104.68132163836266
812,na,15.678284810922753,38.766349468040254,19.317762940380316,31.974472728014355
813,na,99.64174191766347,99.64174191766347,104.68132163836266,104.68132163836266
814,na,22.042771853171907,23.250657376764053,49.69437334754357,104.68132163836266
815,na,15.607902541994827,99.64174191766347,6.689902431973118,12.869814314023415
816,na,17.58523571541795,17.823664539043982,38.12832478657832,48.95936611240105
817,na,20.90852585602176,26.67301596233277,16.1064748496394,29.74993654215152
818,na,33.20399307255091,42.3326035685274,19.142615282173544,22.66235901297425
819,na,99.64174191766347,99.64174191766347,104.68132163836266,104.68132163836266
820,na,34.23192865527171,37.57278518731091,33.09644546215981,33.474342143947645
821,na,4.358644370298607,34.244998094217436,17.148374270550324,27.890900192976975
822,na,19.56154070086902,24.329074456445042,104.68132163836266,104.68132163836266
823,na,14.259465580829191,23.447630022358442,15.192866976362604,17.367647790610828
824,na,21.106096707750346,41.2052767861761,17.53338062783556,49.06390149231387
825,na,99.64174191766347,99.64174191766347,104.68132163836266,104.68132163836266
826,na,25.94715482385291,28.23816901444273,16.833828402095847,104.68132163836266
827,na,27.42416723346106,31.091685063475886,19.142972253086107,34.09628112950073
828,na,39.67308685047343,47.44746081683252,26.829400700704177,104.68132163836266
829,na,16.887353016413897,25.136080420230464,49.228910529853565,104.68132163836266
830,na,99.64174191766347,99.64174191766347,31.365996327563707,104.68132163836266
831,na,24.90652203739985,25.366518263461707,104.68132163836266,104.68132163836266
832,na,99.64174191766347,99.64174191766347,28.450917968137134,29.961339684582253
833,na,11.360630995627371,99.64174191766347,24.778087312811994,52.08125875758116
834,na,99.64174191766347,99.64174191766347,104.68132163836266,104.68132163836266
835,na,45.47780658578166,87.69191407511937,104.68132163836266,104.68132163836266
836,na,23.088271193740177,24.01465638498192,104.68132163836266,104.68132163836266
837,na,37.01905336120806,47.167713320454915,18.71182829792844,29.74890666175563
838,na,26.95601756410176,31.020967558109753,26.984454360291036,32.363498841196
839,na,18.31831320379172,21.317732520646306,19.528844584372212,20.945547764074945
840,na,18.71305996299422,22.436848874649623,29.70927682166733,32.618510286656246
841,na,13.769088666678385,28.748786530500688,14.65681811817753,22.565606676648372
842,na,24.890574668910833,34.783138331358025,36.695641949855336,57.5681080177717
843,na,43.96359984665384,46.388504822930535,32.3091290002393,40.373079026961115
844,na,43.518336007887314,50.72784913144841,23.98560042310401,104.68132163836266
845,na,16.461758282706427,21.35389796246979,12.704620243375185,33.66441476749185
846,na,15.094656502764286,99.64174191766347,24.643553986757144,104.68132163836266
847,na,22.817254738010483,69.00107462660101,44.75736500960613,55.625144452356786
848,na,28.43458880134864,37.09306452285404,13.1100473408509,20.67031549513797
849,na,24.921398394930492,26.86952425979278,10.050402588829783,27.987093443385344
850,na,99.64174191766347,99.64174191766347,22.969735706736298,104.68132163836266
851,na,31.725868309505717,41.11575638152057,23.48592904611427,104.68132163836266
852,na,20.54729499052702,32.29231846102027,30.919069052243348,31.74040690778535
853,na,13.917415265246246,15.227747286739907,8.963416262406943,104.68132163836266
854,na,20.711256480002973,34.84274478820647,23.174932175328166,47.203406787524216
855,na,13.796645622652441,21.492238068765403,30.66815750091286,34.56021971554866
856,na,5.580897867716458,19.172634716884538,14.211387545359262,15.606448985937128
857,na,99.64174191766347,99.64174191766347,28.274603390064954,71.78677604221826
858,na,15.666713068224794,27.979317427282876,18.884661155088864,25.349625264760977
859,na,37.21770825576996,39.084926476066514,31.251251670549404,44.22666482798357
860,na,8.332616246714903,10.291511350867852,26.15845787004538,44.806225459064784
861,na,26.582626293515183,99.64174191766347,53.59230735014108,104.68132163836266
862,na,34.846478729513926,99.64174191766347,22.837940812085222,104.68132163836266
863,na,20.70073976729008,26.80608168324433,42.031587672485685,54.980876625982546
864,na,31.135625939195656,33.60453786113098,39.53596743292634,48.4382085210559
865,na,9.462634806698874,20.25193458936279,17.605110256213013,28.3431339680392
866,na,24.564647113636987,44.95195038975791,23.32012768839058,35.82288455579029
867,na,21.290542776858672,34.400921683845574,37.984599707096905,47.01018129556315
868,na,21.1255727452369,99.64174191766347,104.68132163836266,104.68132163836266
869,na,7.862989749342339,99.64174191766347,24.37156987560984,24.799139269407878
870,na,18.723361615780597,34.730170342115,12.755872586263271,104.68132163836266
871,na,23.557401510191127,32.566235634812024,8.583836807348217,9.002886299333602
872,na,99.64174191766347,99.64174191766347,30.82578545896296,35.054492896220204
873,na,28.198527587724975,34.065608312004045,104.68132163836266,104.68132163836266
874,na,32.11308808769054,34.17647988502335,104.68132163836266,104.68132163836266
875,na,10.344607508750972,99.64174191766347,27.662405114017957,38.5969270976895
876,na,22.51980036398096,26.279387532692425,12.909955543113002,18.09736116100687
877,na,26.82420792090898,27.512446179093825,47.1198309523485,53.60489208727673
878,na,18.721366607192525,99.64174191766347,23.20732363151807,35.72947242964479
879,na,27.695983565341656,99.64174191766347,25.805196905270982,28.9904303230485
880,na,34.498420870275226,99.64174191766347,14.905700822472538,16.8449776674374
881,na,17.15880618392324,29.864231918694557,16.932009901861065,26.177476167223478
882,na,14.369160863808805,21.243363671853377,104.68132163836266,104.68132163836266
883,na,20.98109012454878,26.742300316400822,21.006481434837863,25.722945150993286
884,na,17.179826048910595,18.401052060528695,20.733875865098163,49.46140240569177
885,na,43.638502615936346,54.7644899240374,18.540411361503644,64.04275979478442
886,na,16.33152792484997,25.713633238489535,104.68132163836266,104.68132163836266
887,na,15.01900039093792,19.85370140693838,26.59021048235637,30.919201499617067
888,na,17.857496077042033,33.932697238143554,15.173336362305008,27.6508500862244
889,na,18.38784645190919,20.708823641927488,23.857804883525187,23.879007012112694
890,na,16.985199305884034,17.576802879748907,30.266517102662252,46.125068005068904
891,na,99.64174191766347,99.64174191766347,26.77573898567584,34.48073416187189
892,na,8.197276179382476,99.64174191766347,14.019824545168639,30.40622910346229
893,na,12.772535050309472,16.9741495523814,38.167963593351445,41.54182847330893
894,na,7.551785950859164,38.22778940449268,40.225942053870824,42.21415122380506
895,na,19.185793915572965,28.335519914456903,33.36493321049275,45.18272029652733
896,na,59.92326870340887,60.940122660755925,104.68132163836266,104.68132163836266
897,na,17.17911339857099,30.451097502206594,17.969601409891922,34.657461752698794
898,na,99.64174191766347,99.64174191766347,104.68132163836266,104.68132163836266
899,na,17.369102531947583,27.208513597251383,20.529892903552838,61.86863813515645
900,na,13.636455245871218,22.06165714722939,39.288803092312655,104.68132163836266
901,na,28.835504037670244,29.458020377231207,104.68132163836266,104.68132163836266
902,na,31.81243607257105,57.638498544680544,104.68132163836266,104.68132163836266
903,na,99.64174191766347,99.64174191766347,104.68132163836266,104.68132163836266
904,na,18.908119152268227,99.64174191766347,25.238735380971846,104.68132163836266
905,na,13.15849036158208,49.25564622044305,17.957908755811864,45.82342659691162
906,na,24.24804896316782,40.48628732465942,25.238872792029877,45.61240559680776
907,na,11.424889002465003,23.8748373023781,11.233439766705489,11.453054410616181
908,na,25.12376322165643,31.315832263294418,61.52267168763967,77.7811469798799
909,na,13.407127119910221,16.663105128875042,19.16541826907612,44.597681988622405
910,na,5.069216083857582,99.64174191766347,17.759412242637726,21.380028868759883
911,na,17.791705764462936,99.64174191766347,31.917860482109813,37.67032741676253
912,na,38.10387900055952,39.681774948271965,26.147824042650928,44.63931898873675
913,na,99.64174191766347,99.64174191766347,28.82979509840338,33.291677173733866
914,na,17.75397736547843,19.471098962518308,104.68132163836266,104.68132163836266
915,na,18.91123526689131,99.64174191766347,25.29177143424657,42.55180765308021
916,na,32.30218561334825,61.25565968397226,104.68132163836266,104.68132163836266
917,na,15.83962499347819,99.64174191766347,29.004477638660063,37.6243956595471
918,na,6.451957810988096,20.853776688342908,18.120445067654792,23.94905650487915
919,na,16.397828791738917,29.21874746198853,14.718379462241069,18.673202315208727
920,na,11.75083248826916,19.799775740346096,10.57364812847186,24.261394168054245
921,na,18.764791250696405,26.537117747128306,25.980595642231638,34.8323820710058
922,na,25.93426277343859,27.148642972713656,38.06264944438245,41.15145257304116
923,na,22.31627694716337,27.889769396033998,25.24920696660124,34.00384730994197
924,na,25.139673253024487,31.063830002380577,35.11181066070418,42.80424816278522
925,na,23.330443419556037,29.59737439123584,25.444647670077135,27.29688544692581
926,na,27.48245666739404,28.44998667070568,14.749456688364557,20.791438084465998
927,na,99.64174191766347,99.64174191766347,17.497949542251273,17.49849567134165
928,na,16.296195266476637,19.5306600560518,34.29122849478016,35.74738661715634
929,na,17.179211982897144,99.64174191766347,10.320860104214862,12.137588523363872
930,na,25.534082239964132,25.637587408245324,20.084577787134446,24.965424605240973
931,na,18.23725808698657,21.59413478345099,12.950810061085614,50.93239343978733
932,na,99.64174191766347,99.64174191766347,25.856584321774683,104.68132163836266
933,na,22.77246862577271,99.64174191766347,34.44950941775097,35.113800162737945
934,na,11.888898116823281,11.976143761228943,21.27097864334515,31.484145312323445
935,na,28.41591764807256,59.85493287869474,18.859633682001697,35.42933455453157
936,na,7.815010822800791,13.615512345789996,25.587209402300147,26.260409014656457
937,na,23.46218491981318,48.32778054570895,40.909247291538335,44.21326873350092
938,na,18.50721967488881,19.010964849790472,40.25518724211424,40.9221527213026
939,na,22.59637780067404,99.64174191766347,26.22037974751371,28.922998744074725
940,na,16.576940122804313,22.22507004055045,9.626914313548838,32.29112916335291
941,na,99.64174191766347,99.64174191766347,104.68132163836266,104.68132163836266
942,na,37.155994598830986,61.161637579413366,28.656144097228367,50.055147307457254
943,na,15.843646345368679,17.67640067968778,20.556962988733968,35.04246085785778
944,na,12.341584070683494,23.630763137810327,32.03652517013796,34.222034655132475
945,na,99.64174191766347,99.64174191766347,104.68132163836266,104.68132163836266
946,na,29.001743926323208,36.6054264755806,104.68132163836266,104.68132163836266
947,na,23.15177044981678,35.363360448563775,104.68132163836266,104.68132163836266
948,na,99.64174191766347,99.64174191766347,30.129476261029122,52.106866217281926
949,na,12.224989048474542,39.736909394985354,31.443825512341096,33.32868845314585
950,na,23.678103487179495,31.117859181225082,30.08822936685972,36.42735163401372
951,na,19.50357213267643,32.806755239355205,11.901770500827427,13.593940630236878
952,na,22.828231793362427,35.90111466461273,104.68132163836266,104.68132163836266
953,na,26.227308749529943,65.305472482952,8.59364526104244,23.350068545598567
954,na,42.055872164811035,99.64174191766347,5.102518376513841,104.68132163836266
955,na,24.23216649195879,30.27868422789325,10.143028810982464,36.94995380594571
956,na,20.018148060641188,99.64174191766347,23.083812959095532,23.886911930925237
957,na,11.862425730728722,19.782905272430867,34.039565315484445,65.78615583303036
958,na,16.52938685145114,29.66954552267753,27.38850857556113,35.542357361898965
959,na,15.940013409392746,29.22106464793972,20.389927877042066,34.110349311711005
960,na,24.406189075631424,38.17028762338012,16.707944815584803,18.45504543530454
961,na,19.26355086358524,19.75223221483815,23.115871701256914,25.60148702316754
962,na,13.351134496076032,17.369794631197742,15.053998095831231,104.68132163836266
963,na,21.62337251411425,99.64174191766347,21.158797086155573,26.824925932298694
964,na,99.64174191766347,99.64174191766347,37.8285120934474,38.242006583830495
965,na,13.130007607940813,99.64174191766347,16.51164286316905,17.244197048425175
966,na,99.64174191766347,99.64174191766347,43.61126092310182,75.24155658831485
967,na,17.946547972644243,25.459554520626227,104.68132163836266,104.68132163836266
968,na,17.647291813209293,99.64174191766347,26.26889238871404,27.64542271383365
969,na,23.743946475614386,28.775567998813568,32.5579241183749,104.68132163836266
970,na,16.893646321764905,30.67965557906786,22.962611030644656,26.808116550415818
971,na,99.64174191766347,99.64174191766347,35.653145600101475,104.68132163836266
972,na,25.659692608964257,29.278406242503173,104.68132163836266,104.68132163836266
973,na,28.739520724626885,39.80068818466311,40.125433914588335,41.60512281104947
974,na,99.64174191766347,99.64174191766347,104.68132163836266,104.68132163836266
975,na,13.858230712844362,17.125306638810894,17.29734734465087,22.405591955614945
976,na,23.52968467615382,26.380974271424158,19.41787689093308,30.338064992352667
977,na,19.42370139733623,29.601838717159563,21.03195424310993,104.68132163836266
978,na,18.2206974047544,30.79397440207919,6.54924028451424,14.983931599520123
979,na,17.09583240074913,17.214340906986553,10.294373025294723,104.68132163836266
980,na,7.06465332809768,31.189906042120214,23.11713624711828,37.8193219479675
981,na,99.64174191766347,99.64174191766347,104.68132163836266,104.68132163836266
982,na,15.17768653031796,25.09815479313294,23.262521271620436,30.8566372456025
983,na,13.557512923703978,99.64174191766347,14.24330830592746,32.07697147654416
984,na,32.23593542511522,41.540835865952324,104.68132163836266,104.68132163836266
985,na,12.939049961941143,13.394034707599102,22.772562731136706,54.64138013482792
986,na,22.27052642840302,23.182508900302544,23.050537224433356,104.68132163836266
987,na,46.932224059954976,99.64174191766347,23.014125735850374,33.242449635408015
988,na,16.12356933933911,37.195145887464065,22.235123252870476,31.14259942798719
989,na,24.631907591100205,30.496551224804495,60.50057348149705,64.33530726112777
990,na,99.64174191766347,99.64174191766347,28.723311397939543,31.890807035823887
991,na,33.73582259897469,43.871996125517825,44.16827954296461,51.44461002936039
992,na,29.95735597812541,32.41661386202294,23.24489341966796,35.432681604966795
993,na,10.067986648114813,18.094868960420452,17.50842657904411,104.68132163836266
994,na,17.003763059028287,43.86834312964155,42.13891621861477,73.40809819730885
995,na,6.382193040880261,6.785807429650859,22.6308285411119,33.24034286701456
996,na,18.343271330783704,19.875220029767497,23.820118042832586,26.421861294588936
997,na,19.535908535221083,27.292909407507782,16.054797399458653,17.691386834126018
998,na,13.878193855227792,15.831283332365292,30.848829495729067,33.62557209714251
999,na,99.64174191766347,99.64174191766347,104.68132163836266,104.68132163836266
