node, assignment, time2inf_trt, time2death_trt, time2inf_con, time2death_con
0,na,-1,0,-1,0
1,na,1109.3309382752564,6.245653874899564,201.0466086936148,1.3926545364881122
2,na,-1,0,-1,0
3,na,-1,0,-1,0
4,e,1109.3309382752564,1109.3309382752564,201.0466086936148,201.0466086936148
5,na,1109.3309382752564,1109.3309382752564,201.0466086936148,201.0466086936148
6,na,1109.3309382752564,1109.3309382752564,201.0466086936148,201.0466086936148
7,na,1109.3309382752564,1109.3309382752564,201.0466086936148,201.0466086936148
8,na,1109.3309382752564,1109.3309382752564,201.0466086936148,201.0466086936148
9,na,38.47872891339154,46.48677752178897,201.0466086936148,201.0466086936148
10,na,1109.3309382752564,1109.3309382752564,201.0466086936148,201.0466086936148
11,na,1109.3309382752564,1109.3309382752564,201.0466086936148,201.0466086936148
12,na,47.5629638494082,59.58470021468207,201.0466086936148,201.0466086936148
13,na,1109.3309382752564,1109.3309382752564,80.59956915596186,86.2568920068821
14,na,1109.3309382752564,1109.3309382752564,201.0466086936148,201.0466086936148
15,na,0,7.381520256309621,0,8.260660023532358
16,na,1109.3309382752564,1109.3309382752564,201.0466086936148,201.0466086936148
17,na,1109.3309382752564,1109.3309382752564,201.0466086936148,201.0466086936148
18,na,830.422215506935,835.3084296278666,201.0466086936148,201.0466086936148
19,na,1109.3309382752564,1109.3309382752564,201.0466086936148,201.0466086936148
20,e,1109.3309382752564,1109.3309382752564,201.0466086936148,201.0466086936148
21,e,913.0158361688273,917.8095864478181,201.0466086936148,201.0466086936148
22,na,1109.3309382752564,1109.3309382752564,201.0466086936148,201.0466086936148
23,na,237.76347897950868,257.71866550608985,201.0466086936148,201.0466086936148
24,na,771.3904357664497,783.794563377761,201.0466086936148,201.0466086936148
25,na,1109.3309382752564,1109.3309382752564,201.0466086936148,201.0466086936148
26,na,1109.3309382752564,1109.3309382752564,201.0466086936148,201.0466086936148
27,na,1109.3309382752564,1109.3309382752564,201.0466086936148,201.0466086936148
28,na,1109.3309382752564,1109.3309382752564,201.0466086936148,201.0466086936148
29,na,1109.3309382752564,1109.3309382752564,43.62379392785239,51.35796801910664
30,na,1109.3309382752564,1109.3309382752564,201.0466086936148,201.0466086936148
31,na,1109.3309382752564,1109.3309382752564,201.0466086936148,201.0466086936148
32,na,1109.3309382752564,1109.3309382752564,201.0466086936148,201.0466086936148
33,e,1109.3309382752564,1109.3309382752564,201.0466086936148,201.0466086936148
34,e,886.2947099041418,907.2651673180375,201.0466086936148,201.0466086936148
35,na,1109.3309382752564,1109.3309382752564,28.325208839941123,38.395186104208726
36,na,57.7888600990313,75.46212141837442,201.0466086936148,201.0466086936148
37,na,1109.3309382752564,1109.3309382752564,201.0466086936148,201.0466086936148
38,na,1109.3309382752564,1109.3309382752564,201.0466086936148,201.0466086936148
39,na,1109.3309382752564,1109.3309382752564,201.0466086936148,201.0466086936148
40,na,253.84171800402427,276.1986604123844,201.0466086936148,201.0466086936148
41,na,1109.3309382752564,1109.3309382752564,201.0466086936148,201.0466086936148
42,na,64.57778608150885,68.02776621850633,201.0466086936148,201.0466086936148
43,na,750.5969571447577,755.0489948525345,201.0466086936148,201.0466086936148
44,na,282.0588974526685,296.53695162908735,201.0466086936148,201.0466086936148
45,na,1109.3309382752564,1109.3309382752564,201.0466086936148,201.0466086936148
46,na,27.490591533370193,38.64048528321846,62.3852947723662,73.45312209282363
47,na,1109.3309382752564,1109.3309382752564,201.0466086936148,201.0466086936148
48,na,1109.3309382752564,1109.3309382752564,76.24152538242711,83.3401378316656
49,na,1109.3309382752564,1109.3309382752564,201.0466086936148,201.0466086936148
50,na,1109.3309382752564,1109.3309382752564,201.0466086936148,201.0466086936148
51,na,227.81680713424836,234.65515103482878,201.0466086936148,201.0466086936148
52,na,1109.3309382752564,1109.3309382752564,201.0466086936148,201.0466086936148
53,na,1109.3309382752564,1109.3309382752564,201.0466086936148,201.0466086936148
54,na,1109.3309382752564,1109.3309382752564,201.0466086936148,201.0466086936148
55,e,1109.3309382752564,1109.3309382752564,56.8187931895944,81.46584473634837
56,na,1109.3309382752564,1109.3309382752564,26.490077400917095,44.62193637229808
57,na,1109.3309382752564,1109.3309382752564,52.531051942908256,61.9777667862757
58,na,426.97317686827597,435.13570738575277,201.0466086936148,201.0466086936148
59,na,1109.3309382752564,1109.3309382752564,201.0466086936148,201.0466086936148
60,na,1109.3309382752564,1109.3309382752564,62.999369410049226,73.32407643150147
61,na,1109.3309382752564,1109.3309382752564,201.0466086936148,201.0466086936148
62,na,1109.3309382752564,1109.3309382752564,201.0466086936148,201.0466086936148
63,na,41.32912253120112,70.58287601657942,201.0466086936148,201.0466086936148
64,na,1109.3309382752564,1109.3309382752564,201.0466086936148,201.0466086936148
65,na,1109.3309382752564,1109.3309382752564,201.0466086936148,201.0466086936148
66,na,639.315109938424,646.0680624791241,201.0466086936148,201.0466086936148
67,na,1109.3309382752564,1109.3309382752564,201.0466086936148,201.0466086936148
68,na,1109.3309382752564,1109.3309382752564,71.799676179684,84.66538561510218
69,na,1109.3309382752564,1109.3309382752564,7.03862362155164,17.537953829226577
70,na,765.6630434658061,770.4120447740142,201.0466086936148,201.0466086936148
71,na,1109.3309382752564,1109.3309382752564,201.0466086936148,201.0466086936148
72,na,1109.3309382752564,1109.3309382752564,201.0466086936148,201.0466086936148
73,na,1109.3309382752564,1109.3309382752564,201.0466086936148,201.0466086936148
74,e,1109.3309382752564,1109.3309382752564,201.0466086936148,201.0466086936148
75,na,1109.3309382752564,1109.3309382752564,70.60173269715347,70.91855171467779
76,na,1109.3309382752564,1109.3309382752564,201.0466086936148,201.0466086936148
77,e,1109.3309382752564,1109.3309382752564,201.0466086936148,201.0466086936148
78,na,1109.3309382752564,1109.3309382752564,201.0466086936148,201.0466086936148
79,na,1109.3309382752564,1109.3309382752564,201.0466086936148,201.0466086936148
80,na,135.79708651913455,141.1239088181854,201.0466086936148,201.0466086936148
81,na,1109.3309382752564,1109.3309382752564,201.0466086936148,201.0466086936148
82,na,1109.3309382752564,1109.3309382752564,201.0466086936148,201.0466086936148
83,na,1109.3309382752564,1109.3309382752564,201.0466086936148,201.0466086936148
84,na,1109.3309382752564,1109.3309382752564,201.0466086936148,201.0466086936148
85,na,1109.3309382752564,1109.3309382752564,201.0466086936148,201.0466086936148
86,na,1109.3309382752564,1109.3309382752564,201.0466086936148,201.0466086936148
87,na,1109.3309382752564,1109.3309382752564,111.44557900492691,115.25852169384272
88,na,1109.3309382752564,1109.3309382752564,201.0466086936148,201.0466086936148
89,na,1109.3309382752564,1109.3309382752564,201.0466086936148,201.0466086936148
90,na,1109.3309382752564,1109.3309382752564,201.0466086936148,201.0466086936148
91,na,57.15275401947388,66.29535957225974,201.0466086936148,201.0466086936148
92,na,1109.3309382752564,1109.3309382752564,201.0466086936148,201.0466086936148
93,na,633.8594871804656,638.378810609777,201.0466086936148,201.0466086936148
94,na,283.2918203781137,294.9158809874423,77.46466888977741,101.02273228097994
95,na,1109.3309382752564,1109.3309382752564,201.0466086936148,201.0466086936148
96,na,1109.3309382752564,1109.3309382752564,201.0466086936148,201.0466086936148
97,na,1109.3309382752564,1109.3309382752564,201.0466086936148,201.0466086936148
98,na,769.4858781957514,779.4346846046976,201.0466086936148,201.0466086936148
99,na,1109.3309382752564,1109.3309382752564,201.0466086936148,201.0466086936148
100,e,1109.3309382752564,1109.3309382752564,201.0466086936148,201.0466086936148
101,na,1109.3309382752564,1109.3309382752564,201.0466086936148,201.0466086936148
102,na,22.867437493506177,26.087832727834517,201.0466086936148,201.0466086936148
103,na,1109.3309382752564,1109.3309382752564,201.0466086936148,201.0466086936148
104,na,1109.3309382752564,1109.3309382752564,201.0466086936148,201.0466086936148
105,na,1109.3309382752564,1109.3309382752564,80.40131361165781,95.89106296292543
106,na,1109.3309382752564,1109.3309382752564,201.0466086936148,201.0466086936148
107,na,1109.3309382752564,1109.3309382752564,201.0466086936148,201.0466086936148
108,na,792.7538631620488,804.997069570579,201.0466086936148,201.0466086936148
109,na,1109.3309382752564,1109.3309382752564,201.0466086936148,201.0466086936148
110,na,1109.3309382752564,1109.3309382752564,201.0466086936148,201.0466086936148
111,na,1109.3309382752564,1109.3309382752564,201.0466086936148,201.0466086936148
112,na,8.262854487157563,23.41219579222868,201.0466086936148,201.0466086936148
113,na,194.72161338251536,196.8545947492912,201.0466086936148,201.0466086936148
114,na,304.09029137088015,315.64557941855475,201.0466086936148,201.0466086936148
115,na,1109.3309382752564,1109.3309382752564,201.0466086936148,201.0466086936148
116,na,0,10.998664350165663,0,3.7506538666231823
117,e,1109.3309382752564,1109.3309382752564,201.0466086936148,201.0466086936148
118,na,1109.3309382752564,1109.3309382752564,201.0466086936148,201.0466086936148
119,na,1109.3309382752564,1109.3309382752564,201.0466086936148,201.0466086936148
120,na,1109.3309382752564,1109.3309382752564,201.0466086936148,201.0466086936148
121,na,1109.3309382752564,1109.3309382752564,201.0466086936148,201.0466086936148
122,na,1109.3309382752564,1109.3309382752564,201.0466086936148,201.0466086936148
123,e,312.9931855445166,327.2272811348488,201.0466086936148,201.0466086936148
124,e,30.310431395909294,39.01066939442201,201.0466086936148,201.0466086936148
125,na,241.75919736183022,254.82361277919486,201.0466086936148,201.0466086936148
126,na,1109.3309382752564,1109.3309382752564,201.0466086936148,201.0466086936148
127,na,1109.3309382752564,1109.3309382752564,201.0466086936148,201.0466086936148
128,na,1109.3309382752564,1109.3309382752564,201.0466086936148,201.0466086936148
129,na,1109.3309382752564,1109.3309382752564,201.0466086936148,201.0466086936148
130,na,35.9347047708389,50.04656339483035,201.0466086936148,201.0466086936148
131,na,1109.3309382752564,1109.3309382752564,201.0466086936148,201.0466086936148
132,na,1109.3309382752564,1109.3309382752564,201.0466086936148,201.0466086936148
133,na,1109.3309382752564,1109.3309382752564,201.0466086936148,201.0466086936148
134,na,811.0437016823716,819.1759502824455,201.0466086936148,201.0466086936148
135,na,1109.3309382752564,1109.3309382752564,201.0466086936148,201.0466086936148
136,na,1109.3309382752564,1109.3309382752564,201.0466086936148,201.0466086936148
137,na,773.8347881342041,777.1483458648094,201.0466086936148,201.0466086936148
138,na,1109.3309382752564,1109.3309382752564,158.63088761844932,166.8031836129136
139,na,1109.3309382752564,1109.3309382752564,201.0466086936148,201.0466086936148
140,na,1109.3309382752564,1109.3309382752564,201.0466086936148,201.0466086936148
141,na,1109.3309382752564,1109.3309382752564,201.0466086936148,201.0466086936148
142,na,1109.3309382752564,1109.3309382752564,14.137063765040919,15.282036702151904
143,na,1109.3309382752564,1109.3309382752564,201.0466086936148,201.0466086936148
144,na,1109.3309382752564,1109.3309382752564,201.0466086936148,201.0466086936148
145,na,1109.3309382752564,1109.3309382752564,201.0466086936148,201.0466086936148
146,na,1109.3309382752564,1109.3309382752564,201.0466086936148,201.0466086936148
147,na,472.3402125512634,483.5989814143779,201.0466086936148,201.0466086936148
148,na,1109.3309382752564,1109.3309382752564,201.0466086936148,201.0466086936148
149,na,1109.3309382752564,1109.3309382752564,106.94963901071722,128.53313495976712
150,na,1109.3309382752564,1109.3309382752564,201.0466086936148,201.0466086936148
151,na,1109.3309382752564,1109.3309382752564,201.0466086936148,201.0466086936148
152,na,909.654473322783,919.3936068676447,8.455117825968154,9.974005513523602
153,na,1109.3309382752564,1109.3309382752564,201.0466086936148,201.0466086936148
154,na,293.62246174077825,314.46582482216803,201.0466086936148,201.0466086936148
155,e,208.73818248631952,216.4392245317193,201.0466086936148,201.0466086936148
156,na,1109.3309382752564,1109.3309382752564,201.0466086936148,201.0466086936148
157,na,47.073592665408185,57.97961607448439,201.0466086936148,201.0466086936148
158,na,1109.3309382752564,1109.3309382752564,201.0466086936148,201.0466086936148
159,na,0,16.303334503818455,0,14.651375527758548
160,na,292.2576182303162,302.78646284843893,201.0466086936148,201.0466086936148
161,e,1109.3309382752564,1109.3309382752564,201.0466086936148,201.0466086936148
162,na,81.86369353272437,95.04050218631039,201.0466086936148,201.0466086936148
163,na,1109.3309382752564,1109.3309382752564,201.0466086936148,201.0466086936148
164,na,1109.3309382752564,1109.3309382752564,201.0466086936148,201.0466086936148
165,na,304.2227383809745,317.9148712184171,201.0466086936148,201.0466086936148
166,na,758.04683617506,773.3097356992856,201.0466086936148,201.0466086936148
167,na,402.71578360056265,424.284006219204,201.0466086936148,201.0466086936148
168,na,1109.3309382752564,1109.3309382752564,201.0466086936148,201.0466086936148
169,e,1109.3309382752564,1109.3309382752564,201.0466086936148,201.0466086936148
170,na,1109.3309382752564,1109.3309382752564,201.0466086936148,201.0466086936148
171,na,1109.3309382752564,1109.3309382752564,201.0466086936148,201.0466086936148
172,na,1109.3309382752564,1109.3309382752564,201.0466086936148,201.0466086936148
173,na,1109.3309382752564,1109.3309382752564,201.0466086936148,201.0466086936148
174,na,1109.3309382752564,1109.3309382752564,201.0466086936148,201.0466086936148
175,na,1109.3309382752564,1109.3309382752564,201.0466086936148,201.0466086936148
176,na,470.2075632801302,475.74944173383045,201.0466086936148,201.0466086936148
177,na,1109.3309382752564,1109.3309382752564,201.0466086936148,201.0466086936148
178,na,1109.3309382752564,1109.3309382752564,12.08236272205664,17.881773872905345
179,na,1109.3309382752564,1109.3309382752564,201.0466086936148,201.0466086936148
180,na,237.465197885689,249.92723814177975,201.0466086936148,201.0466086936148
181,e,1109.3309382752564,1109.3309382752564,201.0466086936148,201.0466086936148
182,e,1109.3309382752564,1109.3309382752564,201.0466086936148,201.0466086936148
183,na,1109.3309382752564,1109.3309382752564,201.0466086936148,201.0466086936148
184,na,629.4331688875241,642.8250092999491,201.0466086936148,201.0466086936148
185,na,865.4324481353325,873.3312892754102,201.0466086936148,201.0466086936148
186,na,861.7570010473368,867.7561711906206,201.0466086936148,201.0466086936148
187,na,254.8449795809905,265.1601429171309,201.0466086936148,201.0466086936148
188,na,1109.3309382752564,1109.3309382752564,201.0466086936148,201.0466086936148
189,na,28.19545649174768,31.22957925659344,2.0437946061138113,11.598159178810395
190,e,1109.3309382752564,1109.3309382752564,201.0466086936148,201.0466086936148
191,na,1109.3309382752564,1109.3309382752564,201.0466086936148,201.0466086936148
192,na,817.5264217545268,836.241870767141,201.0466086936148,201.0466086936148
193,na,1109.3309382752564,1109.3309382752564,201.0466086936148,201.0466086936148
194,na,1109.3309382752564,1109.3309382752564,201.0466086936148,201.0466086936148
195,na,14.93527694664517,16.389115867701232,201.0466086936148,201.0466086936148
196,e,1109.3309382752564,1109.3309382752564,201.0466086936148,201.0466086936148
197,na,1109.3309382752564,1109.3309382752564,63.62630551865334,76.67450819898332
198,na,1109.3309382752564,1109.3309382752564,201.0466086936148,201.0466086936148
199,na,1109.3309382752564,1109.3309382752564,201.0466086936148,201.0466086936148
200,e,1109.3309382752564,1109.3309382752564,201.0466086936148,201.0466086936148
201,e,878.9940121743344,894.5908889108927,201.0466086936148,201.0466086936148
202,na,1109.3309382752564,1109.3309382752564,201.0466086936148,201.0466086936148
203,na,1109.3309382752564,1109.3309382752564,201.0466086936148,201.0466086936148
204,na,1109.3309382752564,1109.3309382752564,201.0466086936148,201.0466086936148
205,na,0.16768670667038119,3.265019387760371,201.0466086936148,201.0466086936148
206,na,113.78775428490574,121.535776195843,201.0466086936148,201.0466086936148
207,na,4.804518638689357,14.714751183091936,201.0466086936148,201.0466086936148
208,na,1109.3309382752564,1109.3309382752564,201.0466086936148,201.0466086936148
209,na,184.3248141878867,188.80017741539822,201.0466086936148,201.0466086936148
210,na,1109.3309382752564,1109.3309382752564,201.0466086936148,201.0466086936148
211,na,244.6168659006077,246.74856196642915,59.471144036835284,64.74790383717821
212,na,1109.3309382752564,1109.3309382752564,201.0466086936148,201.0466086936148
213,na,1109.3309382752564,1109.3309382752564,201.0466086936148,201.0466086936148
214,na,1109.3309382752564,1109.3309382752564,201.0466086936148,201.0466086936148
215,na,556.0919839598658,561.48064230992,7.998668343042251,16.798272135966204
216,na,943.0746896756834,955.079681292283,201.0466086936148,201.0466086936148
217,na,753.8979550312526,774.3224358530539,201.0466086936148,201.0466086936148
218,na,1109.3309382752564,1109.3309382752564,201.0466086936148,201.0466086936148
219,na,1109.3309382752564,1109.3309382752564,201.0466086936148,201.0466086936148
220,na,1109.3309382752564,1109.3309382752564,201.0466086936148,201.0466086936148
221,na,1109.3309382752564,1109.3309382752564,201.0466086936148,201.0466086936148
222,na,1109.3309382752564,1109.3309382752564,201.0466086936148,201.0466086936148
223,na,1109.3309382752564,1109.3309382752564,201.0466086936148,201.0466086936148
224,na,1109.3309382752564,1109.3309382752564,201.0466086936148,201.0466086936148
225,na,1109.3309382752564,1109.3309382752564,201.0466086936148,201.0466086936148
226,na,1109.3309382752564,1109.3309382752564,201.0466086936148,201.0466086936148
227,na,1109.3309382752564,1109.3309382752564,201.0466086936148,201.0466086936148
228,na,437.86707423337964,451.3714678151791,201.0466086936148,201.0466086936148
229,na,1109.3309382752564,1109.3309382752564,201.0466086936148,201.0466086936148
230,na,1109.3309382752564,1109.3309382752564,201.0466086936148,201.0466086936148
231,na,1109.3309382752564,1109.3309382752564,201.0466086936148,201.0466086936148
232,na,1109.3309382752564,1109.3309382752564,201.0466086936148,201.0466086936148
233,na,1109.3309382752564,1109.3309382752564,201.0466086936148,201.0466086936148
234,na,1109.3309382752564,1109.3309382752564,201.0466086936148,201.0466086936148
235,na,1109.3309382752564,1109.3309382752564,201.0466086936148,201.0466086936148
236,na,1109.3309382752564,1109.3309382752564,201.0466086936148,201.0466086936148
237,na,1109.3309382752564,1109.3309382752564,201.0466086936148,201.0466086936148
238,na,1109.3309382752564,1109.3309382752564,201.0466086936148,201.0466086936148
239,na,1109.3309382752564,1109.3309382752564,201.0466086936148,201.0466086936148
240,na,1109.3309382752564,1109.3309382752564,201.0466086936148,201.0466086936148
241,na,1109.3309382752564,1109.3309382752564,201.0466086936148,201.0466086936148
242,na,1109.3309382752564,1109.3309382752564,201.0466086936148,201.0466086936148
243,na,1109.3309382752564,1109.3309382752564,201.0466086936148,201.0466086936148
244,na,1109.3309382752564,1109.3309382752564,201.0466086936148,201.0466086936148
245,na,1109.3309382752564,1109.3309382752564,201.0466086936148,201.0466086936148
246,na,1109.3309382752564,1109.3309382752564,201.0466086936148,201.0466086936148
247,na,1109.3309382752564,1109.3309382752564,201.0466086936148,201.0466086936148
248,na,1109.3309382752564,1109.3309382752564,201.0466086936148,201.0466086936148
249,na,1109.3309382752564,1109.3309382752564,201.0466086936148,201.0466086936148
250,na,811.7270816221344,836.9547431092466,4.8286977626119025,34.971983871065056
251,na,1109.3309382752564,1109.3309382752564,4.91975653808565,18.170318818450895
252,na,1109.3309382752564,1109.3309382752564,201.0466086936148,201.0466086936148
253,na,1109.3309382752564,1109.3309382752564,37.201134734587356,52.62613496415605
254,na,1109.3309382752564,1109.3309382752564,201.0466086936148,201.0466086936148
255,na,1109.3309382752564,1109.3309382752564,201.0466086936148,201.0466086936148
256,na,1109.3309382752564,1109.3309382752564,201.0466086936148,201.0466086936148
257,na,1109.3309382752564,1109.3309382752564,201.0466086936148,201.0466086936148
258,e,1109.3309382752564,1109.3309382752564,201.0466086936148,201.0466086936148
259,na,1109.3309382752564,1109.3309382752564,201.0466086936148,201.0466086936148
260,na,1109.3309382752564,1109.3309382752564,201.0466086936148,201.0466086936148
261,na,1109.3309382752564,1109.3309382752564,201.0466086936148,201.0466086936148
262,na,1109.3309382752564,1109.3309382752564,201.0466086936148,201.0466086936148
263,na,9.065934209857954,17.25907389373479,201.0466086936148,201.0466086936148
264,na,1109.3309382752564,1109.3309382752564,201.0466086936148,201.0466086936148
265,e,288.6361316428161,301.0686634982133,201.0466086936148,201.0466086936148
266,na,1109.3309382752564,1109.3309382752564,201.0466086936148,201.0466086936148
267,e,44.76170471764635,59.09320035126824,201.0466086936148,201.0466086936148
268,na,63.83303567643769,78.09071848296216,201.0466086936148,201.0466086936148
269,e,262.5057116465009,267.07592238119315,201.0466086936148,201.0466086936148
270,na,1109.3309382752564,1109.3309382752564,201.0466086936148,201.0466086936148
271,na,1109.3309382752564,1109.3309382752564,201.0466086936148,201.0466086936148
272,na,1109.3309382752564,1109.3309382752564,56.99063373506138,59.46465825487882
273,na,32.93954239510979,47.5252814747524,201.0466086936148,201.0466086936148
274,na,1109.3309382752564,1109.3309382752564,201.0466086936148,201.0466086936148
275,na,1109.3309382752564,1109.3309382752564,201.0466086936148,201.0466086936148
276,na,1109.3309382752564,1109.3309382752564,201.0466086936148,201.0466086936148
277,na,1109.3309382752564,1109.3309382752564,201.0466086936148,201.0466086936148
278,na,1109.3309382752564,1109.3309382752564,201.0466086936148,201.0466086936148
279,na,1109.3309382752564,1109.3309382752564,201.0466086936148,201.0466086936148
280,na,1109.3309382752564,1109.3309382752564,115.65627347168977,119.24295224309171
281,na,301.1181389126625,306.54856286845506,201.0466086936148,201.0466086936148
282,na,717.7912670115979,725.7604667152723,201.0466086936148,201.0466086936148
283,na,1109.3309382752564,1109.3309382752564,201.0466086936148,201.0466086936148
284,na,63.717306043582646,77.60037445094005,201.0466086936148,201.0466086936148
285,na,48.14326778462144,53.61213267321255,201.0466086936148,201.0466086936148
286,na,1109.3309382752564,1109.3309382752564,201.0466086936148,201.0466086936148
287,na,1109.3309382752564,1109.3309382752564,201.0466086936148,201.0466086936148
288,na,916.3550341340706,949.1199888368835,201.0466086936148,201.0466086936148
289,na,1109.3309382752564,1109.3309382752564,201.0466086936148,201.0466086936148
290,na,1109.3309382752564,1109.3309382752564,201.0466086936148,201.0466086936148
291,na,1109.3309382752564,1109.3309382752564,201.0466086936148,201.0466086936148
292,na,1109.3309382752564,1109.3309382752564,201.0466086936148,201.0466086936148
293,e,1109.3309382752564,1109.3309382752564,106.0780341299602,114.01270542079081
294,na,1109.3309382752564,1109.3309382752564,201.0466086936148,201.0466086936148
295,na,1109.3309382752564,1109.3309382752564,201.0466086936148,201.0466086936148
296,na,1109.3309382752564,1109.3309382752564,201.0466086936148,201.0466086936148
297,na,919.4864537216534,923.2003633470272,201.0466086936148,201.0466086936148
298,na,1109.3309382752564,1109.3309382752564,201.0466086936148,201.0466086936148
299,e,18.797134963604318,22.582496456892372,201.0466086936148,201.0466086936148
300,e,1109.3309382752564,1109.3309382752564,201.0466086936148,201.0466086936148
301,na,1109.3309382752564,1109.3309382752564,201.0466086936148,201.0466086936148
302,na,1109.3309382752564,1109.3309382752564,84.7556623774813,132.21356874088605
303,na,1109.3309382752564,1109.3309382752564,201.0466086936148,201.0466086936148
304,na,1109.3309382752564,1109.3309382752564,201.0466086936148,201.0466086936148
305,na,1109.3309382752564,1109.3309382752564,201.0466086936148,201.0466086936148
306,na,224.45651424238187,240.30921493779445,201.0466086936148,201.0466086936148
307,na,1109.3309382752564,1109.3309382752564,201.0466086936148,201.0466086936148
308,na,1109.3309382752564,1109.3309382752564,201.0466086936148,201.0466086936148
309,na,1109.3309382752564,1109.3309382752564,201.0466086936148,201.0466086936148
310,na,1109.3309382752564,1109.3309382752564,201.0466086936148,201.0466086936148
311,na,1109.3309382752564,1109.3309382752564,201.0466086936148,201.0466086936148
312,na,1109.3309382752564,1109.3309382752564,201.0466086936148,201.0466086936148
313,na,1109.3309382752564,1109.3309382752564,201.0466086936148,201.0466086936148
314,na,1109.3309382752564,1109.3309382752564,75.9454855715596,87.49928944436782
315,na,1109.3309382752564,1109.3309382752564,201.0466086936148,201.0466086936148
316,na,1109.3309382752564,1109.3309382752564,201.0466086936148,201.0466086936148
317,na,1109.3309382752564,1109.3309382752564,201.0466086936148,201.0466086936148
318,na,1109.3309382752564,1109.3309382752564,201.0466086936148,201.0466086936148
319,na,1109.3309382752564,1109.3309382752564,201.0466086936148,201.0466086936148
320,na,1109.3309382752564,1109.3309382752564,201.0466086936148,201.0466086936148
321,na,1109.3309382752564,1109.3309382752564,9.924460195877515,17.092603019928628
322,na,1109.3309382752564,1109.3309382752564,201.0466086936148,201.0466086936148
323,na,1109.3309382752564,1109.3309382752564,201.0466086936148,201.0466086936148
324,na,1109.3309382752564,1109.3309382752564,201.0466086936148,201.0466086936148
325,e,1109.3309382752564,1109.3309382752564,201.0466086936148,201.0466086936148
326,na,1109.3309382752564,1109.3309382752564,201.0466086936148,201.0466086936148
327,na,1109.3309382752564,1109.3309382752564,201.0466086936148,201.0466086936148
328,na,1109.3309382752564,1109.3309382752564,201.0466086936148,201.0466086936148
329,na,1109.3309382752564,1109.3309382752564,201.0466086936148,201.0466086936148
330,na,1109.3309382752564,1109.3309382752564,201.0466086936148,201.0466086936148
331,na,1109.3309382752564,1109.3309382752564,201.0466086936148,201.0466086936148
332,na,1109.3309382752564,1109.3309382752564,201.0466086936148,201.0466086936148
333,na,1109.3309382752564,1109.3309382752564,201.0466086936148,201.0466086936148
334,e,1109.3309382752564,1109.3309382752564,201.0466086936148,201.0466086936148
335,na,95.71582617216339,112.9441329221029,201.0466086936148,201.0466086936148
336,na,1109.3309382752564,1109.3309382752564,201.0466086936148,201.0466086936148
337,na,1109.3309382752564,1109.3309382752564,201.0466086936148,201.0466086936148
338,na,1109.3309382752564,1109.3309382752564,201.0466086936148,201.0466086936148
339,na,1109.3309382752564,1109.3309382752564,201.0466086936148,201.0466086936148
340,na,1109.3309382752564,1109.3309382752564,201.0466086936148,201.0466086936148
341,na,1109.3309382752564,1109.3309382752564,201.0466086936148,201.0466086936148
342,na,1109.3309382752564,1109.3309382752564,201.0466086936148,201.0466086936148
343,e,1109.3309382752564,1109.3309382752564,201.0466086936148,201.0466086936148
344,na,1109.3309382752564,1109.3309382752564,201.0466086936148,201.0466086936148
345,na,1109.3309382752564,1109.3309382752564,201.0466086936148,201.0466086936148
346,na,1109.3309382752564,1109.3309382752564,201.0466086936148,201.0466086936148
347,na,1109.3309382752564,1109.3309382752564,201.0466086936148,201.0466086936148
348,e,1109.3309382752564,1109.3309382752564,15.754540126739169,55.45122369473979
349,na,1109.3309382752564,1109.3309382752564,201.0466086936148,201.0466086936148
350,na,1109.3309382752564,1109.3309382752564,201.0466086936148,201.0466086936148
351,na,1109.3309382752564,1109.3309382752564,201.0466086936148,201.0466086936148
352,na,1109.3309382752564,1109.3309382752564,201.0466086936148,201.0466086936148
353,na,1109.3309382752564,1109.3309382752564,201.0466086936148,201.0466086936148
354,na,1109.3309382752564,1109.3309382752564,201.0466086936148,201.0466086936148
355,na,1109.3309382752564,1109.3309382752564,201.0466086936148,201.0466086936148
356,na,1109.3309382752564,1109.3309382752564,201.0466086936148,201.0466086936148
357,na,1109.3309382752564,1109.3309382752564,201.0466086936148,201.0466086936148
358,na,1109.3309382752564,1109.3309382752564,201.0466086936148,201.0466086936148
359,na,1109.3309382752564,1109.3309382752564,201.0466086936148,201.0466086936148
360,na,1109.3309382752564,1109.3309382752564,201.0466086936148,201.0466086936148
361,na,312.0800080795167,318.82954368475606,201.0466086936148,201.0466086936148
362,na,1109.3309382752564,1109.3309382752564,201.0466086936148,201.0466086936148
363,na,814.3651736880965,830.6575981475069,201.0466086936148,201.0466086936148
364,na,72.87767214135587,79.76640385219648,201.0466086936148,201.0466086936148
365,na,1109.3309382752564,1109.3309382752564,201.0466086936148,201.0466086936148
366,na,827.2132202585162,840.2876994488454,201.0466086936148,201.0466086936148
367,na,1109.3309382752564,1109.3309382752564,201.0466086936148,201.0466086936148
368,na,1109.3309382752564,1109.3309382752564,201.0466086936148,201.0466086936148
369,na,1109.3309382752564,1109.3309382752564,201.0466086936148,201.0466086936148
370,na,796.5204516500248,805.148096480375,201.0466086936148,201.0466086936148
371,na,1109.3309382752564,1109.3309382752564,201.0466086936148,201.0466086936148
372,na,285.7168234214407,289.53237357540246,201.0466086936148,201.0466086936148
373,na,1109.3309382752564,1109.3309382752564,201.0466086936148,201.0466086936148
374,na,1109.3309382752564,1109.3309382752564,201.0466086936148,201.0466086936148
375,na,1109.3309382752564,1109.3309382752564,201.0466086936148,201.0466086936148
376,na,1109.3309382752564,1109.3309382752564,201.0466086936148,201.0466086936148
377,na,1109.3309382752564,1109.3309382752564,201.0466086936148,201.0466086936148
378,na,1109.3309382752564,1109.3309382752564,201.0466086936148,201.0466086936148
379,na,1109.3309382752564,1109.3309382752564,201.0466086936148,201.0466086936148
380,na,1109.3309382752564,1109.3309382752564,201.0466086936148,201.0466086936148
381,na,1109.3309382752564,1109.3309382752564,201.0466086936148,201.0466086936148
382,na,1109.3309382752564,1109.3309382752564,201.0466086936148,201.0466086936148
383,na,1109.3309382752564,1109.3309382752564,201.0466086936148,201.0466086936148
384,e,1109.3309382752564,1109.3309382752564,201.0466086936148,201.0466086936148
385,na,1109.3309382752564,1109.3309382752564,201.0466086936148,201.0466086936148
386,na,1109.3309382752564,1109.3309382752564,201.0466086936148,201.0466086936148
387,na,1109.3309382752564,1109.3309382752564,201.0466086936148,201.0466086936148
388,na,568.6776458197168,593.7574521773078,201.0466086936148,201.0466086936148
389,na,1109.3309382752564,1109.3309382752564,201.0466086936148,201.0466086936148
390,na,1109.3309382752564,1109.3309382752564,201.0466086936148,201.0466086936148
391,na,1109.3309382752564,1109.3309382752564,201.0466086936148,201.0466086936148
392,na,1109.3309382752564,1109.3309382752564,201.0466086936148,201.0466086936148
393,na,1109.3309382752564,1109.3309382752564,201.0466086936148,201.0466086936148
394,e,1109.3309382752564,1109.3309382752564,201.0466086936148,201.0466086936148
395,na,1109.3309382752564,1109.3309382752564,201.0466086936148,201.0466086936148
396,e,1109.3309382752564,1109.3309382752564,201.0466086936148,201.0466086936148
397,na,1109.3309382752564,1109.3309382752564,201.0466086936148,201.0466086936148
398,na,1109.3309382752564,1109.3309382752564,201.0466086936148,201.0466086936148
399,na,1109.3309382752564,1109.3309382752564,201.0466086936148,201.0466086936148
400,na,1109.3309382752564,1109.3309382752564,201.0466086936148,201.0466086936148
401,na,833.2348222666382,846.372335302839,201.0466086936148,201.0466086936148
402,na,1109.3309382752564,1109.3309382752564,201.0466086936148,201.0466086936148
403,na,1109.3309382752564,1109.3309382752564,201.0466086936148,201.0466086936148
404,na,1109.3309382752564,1109.3309382752564,201.0466086936148,201.0466086936148
405,na,1109.3309382752564,1109.3309382752564,201.0466086936148,201.0466086936148
406,na,1109.3309382752564,1109.3309382752564,201.0466086936148,201.0466086936148
407,na,1109.3309382752564,1109.3309382752564,201.0466086936148,201.0466086936148
408,na,292.3725708462977,314.84205788663814,201.0466086936148,201.0466086936148
409,e,1109.3309382752564,1109.3309382752564,201.0466086936148,201.0466086936148
410,na,1109.3309382752564,1109.3309382752564,201.0466086936148,201.0466086936148
411,na,1109.3309382752564,1109.3309382752564,201.0466086936148,201.0466086936148
412,na,1109.3309382752564,1109.3309382752564,201.0466086936148,201.0466086936148
413,na,1109.3309382752564,1109.3309382752564,201.0466086936148,201.0466086936148
414,na,1109.3309382752564,1109.3309382752564,201.0466086936148,201.0466086936148
415,e,1109.3309382752564,1109.3309382752564,201.0466086936148,201.0466086936148
416,na,1109.3309382752564,1109.3309382752564,201.0466086936148,201.0466086936148
417,na,1109.3309382752564,1109.3309382752564,201.0466086936148,201.0466086936148
418,na,1109.3309382752564,1109.3309382752564,201.0466086936148,201.0466086936148
419,na,1109.3309382752564,1109.3309382752564,201.0466086936148,201.0466086936148
420,e,1109.3309382752564,1109.3309382752564,201.0466086936148,201.0466086936148
421,na,1109.3309382752564,1109.3309382752564,73.61607530595897,95.39156240122789
422,e,1109.3309382752564,1109.3309382752564,201.0466086936148,201.0466086936148
423,na,1109.3309382752564,1109.3309382752564,201.0466086936148,201.0466086936148
424,na,1109.3309382752564,1109.3309382752564,201.0466086936148,201.0466086936148
425,na,1109.3309382752564,1109.3309382752564,201.0466086936148,201.0466086936148
426,na,1109.3309382752564,1109.3309382752564,201.0466086936148,201.0466086936148
427,na,446.4141508037551,454.2131280135452,201.0466086936148,201.0466086936148
428,na,1109.3309382752564,1109.3309382752564,72.04570327997605,123.51803204697809
429,na,1109.3309382752564,1109.3309382752564,201.0466086936148,201.0466086936148
430,na,1109.3309382752564,1109.3309382752564,201.0466086936148,201.0466086936148
431,na,1109.3309382752564,1109.3309382752564,201.0466086936148,201.0466086936148
432,na,1109.3309382752564,1109.3309382752564,7.951464167374457,11.530317279276966
433,na,259.14796019920726,272.94680127169585,201.0466086936148,201.0466086936148
434,na,1109.3309382752564,1109.3309382752564,201.0466086936148,201.0466086936148
435,na,1109.3309382752564,1109.3309382752564,201.0466086936148,201.0466086936148
436,na,1109.3309382752564,1109.3309382752564,201.0466086936148,201.0466086936148
437,na,1109.3309382752564,1109.3309382752564,100.45581447498948,112.64714717368405
438,na,1109.3309382752564,1109.3309382752564,62.8824047345334,82.39042384521619
439,na,1109.3309382752564,1109.3309382752564,201.0466086936148,201.0466086936148
440,na,1109.3309382752564,1109.3309382752564,201.0466086936148,201.0466086936148
441,na,1109.3309382752564,1109.3309382752564,201.0466086936148,201.0466086936148
442,na,1109.3309382752564,1109.3309382752564,201.0466086936148,201.0466086936148
443,na,549.5583834013328,563.036921559543,201.0466086936148,201.0466086936148
444,na,1109.3309382752564,1109.3309382752564,201.0466086936148,201.0466086936148
445,na,1109.3309382752564,1109.3309382752564,201.0466086936148,201.0466086936148
446,na,1109.3309382752564,1109.3309382752564,201.0466086936148,201.0466086936148
447,na,1109.3309382752564,1109.3309382752564,201.0466086936148,201.0466086936148
448,na,280.6832450219496,299.94453776691694,201.0466086936148,201.0466086936148
449,na,1109.3309382752564,1109.3309382752564,33.14370766309993,46.234330190558644
450,na,1109.3309382752564,1109.3309382752564,201.0466086936148,201.0466086936148
451,na,1109.3309382752564,1.282351556034957,201.0466086936148,0.6183663874109429
452,na,1109.3309382752564,1109.3309382752564,201.0466086936148,201.0466086936148
453,na,51.88632040641497,59.87643542573087,201.0466086936148,201.0466086936148
454,na,212.9967678873815,221.35189953515868,201.0466086936148,201.0466086936148
455,na,888.293010641314,903.7813201879549,201.0466086936148,201.0466086936148
456,na,1109.3309382752564,1109.3309382752564,201.0466086936148,201.0466086936148
457,na,1109.3309382752564,1109.3309382752564,201.0466086936148,201.0466086936148
458,na,1109.3309382752564,1109.3309382752564,2.425921246658218,18.008226063374973
459,na,1109.3309382752564,1109.3309382752564,201.0466086936148,201.0466086936148
460,na,87.82726642963517,97.3569892711645,201.0466086936148,201.0466086936148
461,na,1109.3309382752564,1109.3309382752564,201.0466086936148,201.0466086936148
462,na,1109.3309382752564,1109.3309382752564,201.0466086936148,201.0466086936148
463,e,1109.3309382752564,1109.3309382752564,201.0466086936148,201.0466086936148
464,na,1109.3309382752564,1109.3309382752564,24.845983943309214,40.38698771764984
465,na,1109.3309382752564,1109.3309382752564,32.002999436363034,38.56361049655665
466,na,1109.3309382752564,1109.3309382752564,201.0466086936148,201.0466086936148
467,na,70.80602592724587,84.74534308591606,201.0466086936148,201.0466086936148
468,na,28.269597424577796,59.46385790974174,201.0466086936148,201.0466086936148
469,na,1109.3309382752564,1109.3309382752564,201.0466086936148,201.0466086936148
470,na,451.0781771067298,458.41361974682616,201.0466086936148,201.0466086936148
471,na,1109.3309382752564,1109.3309382752564,201.0466086936148,201.0466086936148
472,na,1109.3309382752564,1109.3309382752564,201.0466086936148,201.0466086936148
473,na,1109.3309382752564,1109.3309382752564,201.0466086936148,201.0466086936148
474,na,1109.3309382752564,1109.3309382752564,201.0466086936148,201.0466086936148
475,na,1109.3309382752564,1109.3309382752564,201.0466086936148,201.0466086936148
476,na,330.51847475323524,335.53057094632567,201.0466086936148,201.0466086936148
477,na,1109.3309382752564,1109.3309382752564,201.0466086936148,201.0466086936148
478,na,1109.3309382752564,1109.3309382752564,201.0466086936148,201.0466086936148
479,na,1109.3309382752564,1109.3309382752564,9.013864531544066,21.496551735397045
480,na,291.73501495807733,309.16129995284217,201.0466086936148,201.0466086936148
481,na,1109.3309382752564,1109.3309382752564,201.0466086936148,201.0466086936148
482,na,1109.3309382752564,1109.3309382752564,201.0466086936148,201.0466086936148
483,na,1109.3309382752564,1109.3309382752564,201.0466086936148,201.0466086936148
484,e,414.99081278808916,416.6233741077187,82.29256662081644,112.55747189668696
485,na,1109.3309382752564,1109.3309382752564,201.0466086936148,201.0466086936148
486,na,1109.3309382752564,1109.3309382752564,201.0466086936148,201.0466086936148
487,na,1109.3309382752564,1109.3309382752564,201.0466086936148,201.0466086936148
488,na,1109.3309382752564,1109.3309382752564,201.0466086936148,201.0466086936148
489,na,1109.3309382752564,1109.3309382752564,201.0466086936148,201.0466086936148
490,na,1109.3309382752564,1109.3309382752564,201.0466086936148,201.0466086936148
491,na,1109.3309382752564,1109.3309382752564,201.0466086936148,201.0466086936148
492,na,40.24353384299084,48.69347866423837,201.0466086936148,201.0466086936148
493,na,1109.3309382752564,1109.3309382752564,201.0466086936148,201.0466086936148
494,na,41.27314466722933,52.143421506362024,201.0466086936148,201.0466086936148
495,na,206.27472458057449,221.18061462385057,201.0466086936148,201.0466086936148
496,na,1109.3309382752564,1109.3309382752564,13.846787709270059,23.971428542313635
497,na,300.01893168134114,305.7040565453923,201.0466086936148,201.0466086936148
498,na,1109.3309382752564,1109.3309382752564,201.0466086936148,201.0466086936148
499,na,1109.3309382752564,1109.3309382752564,201.0466086936148,201.0466086936148
500,na,1109.3309382752564,1109.3309382752564,201.0466086936148,201.0466086936148
501,na,257.8233531950024,275.59688536222467,201.0466086936148,201.0466086936148
502,na,1109.3309382752564,1109.3309382752564,201.0466086936148,201.0466086936148
503,na,1109.3309382752564,1109.3309382752564,201.0466086936148,201.0466086936148
504,na,222.00795164100194,242.41658994376706,201.0466086936148,201.0466086936148
505,na,1109.3309382752564,1109.3309382752564,201.0466086936148,201.0466086936148
506,na,1109.3309382752564,1109.3309382752564,201.0466086936148,201.0466086936148
507,na,1109.3309382752564,1109.3309382752564,201.0466086936148,201.0466086936148
508,na,1109.3309382752564,1109.3309382752564,201.0466086936148,201.0466086936148
509,na,97.69262622693891,117.65837047210839,201.0466086936148,201.0466086936148
510,na,1109.3309382752564,1109.3309382752564,201.0466086936148,201.0466086936148
511,na,1109.3309382752564,1109.3309382752564,201.0466086936148,201.0466086936148
512,e,1109.3309382752564,1109.3309382752564,201.0466086936148,201.0466086936148
513,na,1109.3309382752564,1109.3309382752564,201.0466086936148,201.0466086936148
514,na,1109.3309382752564,1109.3309382752564,201.0466086936148,201.0466086936148
515,na,1109.3309382752564,1109.3309382752564,201.0466086936148,201.0466086936148
516,e,844.1756704080808,850.4477324484216,201.0466086936148,201.0466086936148
517,na,56.363144910434784,73.6713073181771,201.0466086936148,201.0466086936148
518,na,1109.3309382752564,1109.3309382752564,201.0466086936148,201.0466086936148
519,na,1109.3309382752564,1109.3309382752564,201.0466086936148,201.0466086936148
520,e,1109.3309382752564,1109.3309382752564,201.0466086936148,201.0466086936148
521,na,767.4617763936033,775.0033631123705,201.0466086936148,201.0466086936148
522,na,1109.3309382752564,1109.3309382752564,201.0466086936148,201.0466086936148
523,e,1109.3309382752564,1109.3309382752564,201.0466086936148,201.0466086936148
524,na,1109.3309382752564,1109.3309382752564,201.0466086936148,201.0466086936148
525,na,1109.3309382752564,1109.3309382752564,201.0466086936148,201.0466086936148
526,na,1109.3309382752564,1109.3309382752564,201.0466086936148,201.0466086936148
527,na,1109.3309382752564,1109.3309382752564,201.0466086936148,201.0466086936148
528,na,1109.3309382752564,1109.3309382752564,201.0466086936148,201.0466086936148
529,na,1109.3309382752564,1109.3309382752564,201.0466086936148,201.0466086936148
530,na,1109.3309382752564,1109.3309382752564,201.0466086936148,201.0466086936148
531,na,1109.3309382752564,1109.3309382752564,94.26874703445083,102.42654173476105
532,na,1109.3309382752564,1109.3309382752564,201.0466086936148,201.0466086936148
533,e,1109.3309382752564,1109.3309382752564,14.970416554591656,16.555145082868364
534,na,1109.3309382752564,1109.3309382752564,201.0466086936148,201.0466086936148
535,na,1109.3309382752564,1109.3309382752564,13.792624890760361,26.277898584629533
536,na,350.7877992719405,373.3147222452009,201.0466086936148,201.0466086936148
537,na,1109.3309382752564,1109.3309382752564,201.0466086936148,201.0466086936148
538,na,1109.3309382752564,1109.3309382752564,201.0466086936148,201.0466086936148
539,na,1109.3309382752564,1109.3309382752564,201.0466086936148,201.0466086936148
540,na,1109.3309382752564,1109.3309382752564,201.0466086936148,201.0466086936148
541,na,118.39106868691582,126.6991281140395,201.0466086936148,201.0466086936148
542,na,1109.3309382752564,1109.3309382752564,201.0466086936148,201.0466086936148
543,na,1109.3309382752564,1109.3309382752564,201.0466086936148,201.0466086936148
544,na,1109.3309382752564,1109.3309382752564,201.0466086936148,201.0466086936148
545,na,297.8450757645702,300.00022610138103,10.64187752233768,16.47817864353593
546,na,1109.3309382752564,1109.3309382752564,201.0466086936148,201.0466086936148
547,na,857.685667635579,871.3211781833661,201.0466086936148,201.0466086936148
548,na,1109.3309382752564,1109.3309382752564,201.0466086936148,201.0466086936148
549,na,1109.3309382752564,1109.3309382752564,201.0466086936148,201.0466086936148
550,na,1109.3309382752564,1109.3309382752564,201.0466086936148,201.0466086936148
551,na,1109.3309382752564,1109.3309382752564,8.986853468005627,21.97344241129134
552,na,21.144886007832234,33.63400800399609,201.0466086936148,201.0466086936148
553,na,1109.3309382752564,1109.3309382752564,201.0466086936148,201.0466086936148
554,na,1109.3309382752564,1109.3309382752564,201.0466086936148,201.0466086936148
555,na,1109.3309382752564,1109.3309382752564,201.0466086936148,201.0466086936148
556,na,1109.3309382752564,1109.3309382752564,201.0466086936148,201.0466086936148
557,na,1109.3309382752564,1109.3309382752564,201.0466086936148,201.0466086936148
558,na,1109.3309382752564,1109.3309382752564,201.0466086936148,201.0466086936148
559,na,1109.3309382752564,1109.3309382752564,201.0466086936148,201.0466086936148
560,na,1109.3309382752564,1109.3309382752564,201.0466086936148,201.0466086936148
561,na,1109.3309382752564,1109.3309382752564,201.0466086936148,201.0466086936148
562,na,918.228312478722,925.2166002927611,201.0466086936148,201.0466086936148
563,na,1109.3309382752564,1109.3309382752564,201.0466086936148,201.0466086936148
564,na,444.23052849615914,452.79684220435456,201.0466086936148,201.0466086936148
565,na,828.9732150230172,845.3840923871153,201.0466086936148,201.0466086936148
566,na,1109.3309382752564,1109.3309382752564,201.0466086936148,201.0466086936148
567,e,71.56265985734618,84.64784289088844,201.0466086936148,201.0466086936148
568,na,1109.3309382752564,1109.3309382752564,104.20441065015346,109.36219906857784
569,na,1109.3309382752564,1109.3309382752564,201.0466086936148,201.0466086936148
570,na,853.1132326448612,856.2277522340366,109.54109353949896,119.76314086525724
571,na,1109.3309382752564,1109.3309382752564,201.0466086936148,201.0466086936148
572,na,1109.3309382752564,1109.3309382752564,201.0466086936148,201.0466086936148
573,na,1109.3309382752564,1109.3309382752564,201.0466086936148,201.0466086936148
574,na,1109.3309382752564,1109.3309382752564,201.0466086936148,201.0466086936148
575,na,1109.3309382752564,1109.3309382752564,201.0466086936148,201.0466086936148
576,na,47.64813402726728,51.96763319416959,201.0466086936148,201.0466086936148
577,na,1109.3309382752564,1109.3309382752564,201.0466086936148,201.0466086936148
578,na,1109.3309382752564,1109.3309382752564,201.0466086936148,201.0466086936148
579,na,1109.3309382752564,1109.3309382752564,201.0466086936148,201.0466086936148
580,na,438.69966848434524,449.5521823667076,201.0466086936148,201.0466086936148
581,na,967.873886910572,970.6740793681971,201.0466086936148,201.0466086936148
582,na,1109.3309382752564,1109.3309382752564,201.0466086936148,201.0466086936148
583,e,1109.3309382752564,1109.3309382752564,201.0466086936148,201.0466086936148
584,na,1109.3309382752564,1109.3309382752564,201.0466086936148,201.0466086936148
585,na,1109.3309382752564,1109.3309382752564,201.0466086936148,201.0466086936148
586,na,1109.3309382752564,1109.3309382752564,201.0466086936148,201.0466086936148
587,na,1109.3309382752564,1109.3309382752564,201.0466086936148,201.0466086936148
588,na,1109.3309382752564,1109.3309382752564,201.0466086936148,201.0466086936148
589,na,11.286468782196462,15.904562991287499,201.0466086936148,201.0466086936148
590,na,449.36419298147393,474.8227200102382,201.0466086936148,201.0466086936148
591,na,1109.3309382752564,1109.3309382752564,201.0466086936148,201.0466086936148
592,na,1109.3309382752564,1109.3309382752564,201.0466086936148,201.0466086936148
593,na,1109.3309382752564,1109.3309382752564,201.0466086936148,201.0466086936148
594,na,1109.3309382752564,1109.3309382752564,132.20114958025442,137.38514594814936
595,na,39.66224631893012,48.330809450370275,201.0466086936148,201.0466086936148
596,na,1109.3309382752564,1109.3309382752564,201.0466086936148,201.0466086936148
597,e,822.795975947322,826.1611849314407,201.0466086936148,201.0466086936148
598,na,1109.3309382752564,1109.3309382752564,201.0466086936148,201.0466086936148
599,na,1109.3309382752564,1109.3309382752564,201.0466086936148,201.0466086936148
600,na,1109.3309382752564,1109.3309382752564,201.0466086936148,201.0466086936148
601,na,1109.3309382752564,1109.3309382752564,201.0466086936148,201.0466086936148
602,na,1109.3309382752564,1109.3309382752564,201.0466086936148,201.0466086936148
603,na,1109.3309382752564,1109.3309382752564,12.0024722001928,34.71674628926848
604,na,1109.3309382752564,1109.3309382752564,0.19183217052801463,7.343717138340745
605,na,0.9027164375367708,11.163742964798555,201.0466086936148,201.0466086936148
606,na,1109.3309382752564,1109.3309382752564,201.0466086936148,201.0466086936148
607,na,1109.3309382752564,1109.3309382752564,201.0466086936148,201.0466086936148
608,na,1109.3309382752564,1109.3309382752564,201.0466086936148,201.0466086936148
609,na,1109.3309382752564,1109.3309382752564,201.0466086936148,201.0466086936148
610,na,828.1461092522703,830.074915594425,201.0466086936148,201.0466086936148
611,na,1109.3309382752564,1109.3309382752564,201.0466086936148,201.0466086936148
612,na,1109.3309382752564,1109.3309382752564,201.0466086936148,201.0466086936148
613,e,1109.3309382752564,1109.3309382752564,201.0466086936148,201.0466086936148
614,na,1109.3309382752564,1109.3309382752564,201.0466086936148,201.0466086936148
615,na,1109.3309382752564,1109.3309382752564,201.0466086936148,201.0466086936148
616,na,1109.3309382752564,1109.3309382752564,201.0466086936148,201.0466086936148
617,na,1109.3309382752564,1109.3309382752564,201.0466086936148,201.0466086936148
618,na,1109.3309382752564,1109.3309382752564,201.0466086936148,201.0466086936148
619,na,1109.3309382752564,1109.3309382752564,201.0466086936148,201.0466086936148
620,na,1109.3309382752564,1109.3309382752564,201.0466086936148,201.0466086936148
621,na,1109.3309382752564,1109.3309382752564,201.0466086936148,201.0466086936148
622,na,410.9270290467413,414.6699108047338,201.0466086936148,201.0466086936148
623,na,1109.3309382752564,1109.3309382752564,201.0466086936148,201.0466086936148
624,na,1109.3309382752564,1109.3309382752564,201.0466086936148,201.0466086936148
625,na,209.20019991643127,213.084029967823,201.0466086936148,201.0466086936148
626,na,1109.3309382752564,1109.3309382752564,201.0466086936148,201.0466086936148
627,na,1109.3309382752564,1109.3309382752564,201.0466086936148,201.0466086936148
628,na,1109.3309382752564,1109.3309382752564,201.0466086936148,201.0466086936148
629,na,1109.3309382752564,1109.3309382752564,201.0466086936148,201.0466086936148
630,na,1109.3309382752564,1109.3309382752564,201.0466086936148,201.0466086936148
631,na,425.65616217879966,430.1219755980432,201.0466086936148,201.0466086936148
632,na,1109.3309382752564,1109.3309382752564,201.0466086936148,201.0466086936148
633,na,1109.3309382752564,1109.3309382752564,201.0466086936148,201.0466086936148
634,na,1109.3309382752564,1109.3309382752564,201.0466086936148,201.0466086936148
635,na,-1,0,-1,0
636,e,1109.3309382752564,1109.3309382752564,201.0466086936148,201.0466086936148
637,na,1109.3309382752564,1109.3309382752564,201.0466086936148,201.0466086936148
638,na,1109.3309382752564,1109.3309382752564,201.0466086936148,201.0466086936148
639,na,1109.3309382752564,1109.3309382752564,201.0466086936148,201.0466086936148
640,na,813.5188203334224,820.2933544596202,72.60199325864762,92.52784212081967
641,na,1109.3309382752564,1109.3309382752564,201.0466086936148,201.0466086936148
642,na,1109.3309382752564,1109.3309382752564,201.0466086936148,201.0466086936148
643,na,1109.3309382752564,1109.3309382752564,201.0466086936148,201.0466086936148
644,na,1109.3309382752564,1109.3309382752564,201.0466086936148,201.0466086936148
645,na,1109.3309382752564,1109.3309382752564,201.0466086936148,201.0466086936148
646,na,1109.3309382752564,1109.3309382752564,201.0466086936148,201.0466086936148
647,na,326.2362639914251,339.07365207323545,201.0466086936148,201.0466086936148
648,na,1109.3309382752564,1109.3309382752564,201.0466086936148,201.0466086936148
649,na,1109.3309382752564,1109.3309382752564,201.0466086936148,201.0466086936148
650,na,1109.3309382752564,1109.3309382752564,201.0466086936148,201.0466086936148
651,na,1109.3309382752564,1109.3309382752564,201.0466086936148,201.0466086936148
652,na,1109.3309382752564,1109.3309382752564,201.0466086936148,201.0466086936148
653,na,1109.3309382752564,1109.3309382752564,201.0466086936148,201.0466086936148
654,na,1109.3309382752564,1109.3309382752564,201.0466086936148,201.0466086936148
655,na,686.1458998851045,718.4613539912344,65.4815069028189,75.87882637722335
656,na,1109.3309382752564,1109.3309382752564,201.0466086936148,201.0466086936148
657,na,1109.3309382752564,1109.3309382752564,201.0466086936148,201.0466086936148
658,na,1109.3309382752564,1109.3309382752564,201.0466086936148,201.0466086936148
659,na,1109.3309382752564,1109.3309382752564,201.0466086936148,201.0466086936148
660,na,1109.3309382752564,1109.3309382752564,201.0466086936148,201.0466086936148
661,na,1109.3309382752564,1109.3309382752564,201.0466086936148,201.0466086936148
662,e,1109.3309382752564,1109.3309382752564,45.91848080618162,71.90359909522661
663,na,1109.3309382752564,1109.3309382752564,201.0466086936148,201.0466086936148
664,na,1109.3309382752564,1109.3309382752564,201.0466086936148,201.0466086936148
665,na,1109.3309382752564,1109.3309382752564,201.0466086936148,201.0466086936148
666,na,1109.3309382752564,1109.3309382752564,201.0466086936148,201.0466086936148
667,na,1109.3309382752564,1109.3309382752564,201.0466086936148,201.0466086936148
668,na,1109.3309382752564,1109.3309382752564,201.0466086936148,201.0466086936148
669,na,1109.3309382752564,1109.3309382752564,201.0466086936148,201.0466086936148
670,na,1109.3309382752564,1109.3309382752564,201.0466086936148,201.0466086936148
671,na,1109.3309382752564,1109.3309382752564,201.0466086936148,201.0466086936148
672,na,1109.3309382752564,1109.3309382752564,201.0466086936148,201.0466086936148
673,na,1109.3309382752564,1109.3309382752564,201.0466086936148,201.0466086936148
674,na,1109.3309382752564,1109.3309382752564,69.82222449113604,98.55020661842333
675,na,1109.3309382752564,1109.3309382752564,201.0466086936148,201.0466086936148
676,na,1109.3309382752564,1109.3309382752564,201.0466086936148,201.0466086936148
677,na,1109.3309382752564,1109.3309382752564,201.0466086936148,201.0466086936148
678,na,1109.3309382752564,1109.3309382752564,126.95224344630951,161.01818255230077
679,na,1109.3309382752564,1109.3309382752564,201.0466086936148,201.0466086936148
680,na,1109.3309382752564,1109.3309382752564,201.0466086936148,201.0466086936148
681,na,1109.3309382752564,1109.3309382752564,201.0466086936148,201.0466086936148
682,na,1109.3309382752564,1109.3309382752564,201.0466086936148,201.0466086936148
683,na,1.070692815359852,5.178596301269801,13.3758922309028,26.77748608423968
684,na,782.5938098876638,805.4454320852731,201.0466086936148,201.0466086936148
685,na,1109.3309382752564,1109.3309382752564,201.0466086936148,201.0466086936148
686,na,1109.3309382752564,1109.3309382752564,201.0466086936148,201.0466086936148
687,na,1109.3309382752564,1109.3309382752564,201.0466086936148,201.0466086936148
688,na,72.62074149738513,80.51632765197759,201.0466086936148,201.0466086936148
689,e,1109.3309382752564,1109.3309382752564,201.0466086936148,201.0466086936148
690,na,1109.3309382752564,1109.3309382752564,201.0466086936148,201.0466086936148
691,na,408.11336080085414,420.4699393509162,80.41034055271,94.24601599805342
692,na,1109.3309382752564,1109.3309382752564,201.0466086936148,201.0466086936148
693,na,1109.3309382752564,1109.3309382752564,124.26825580890171,132.99200429291716
694,e,1109.3309382752564,1109.3309382752564,201.0466086936148,201.0466086936148
695,na,1109.3309382752564,1109.3309382752564,201.0466086936148,201.0466086936148
696,na,1109.3309382752564,1109.3309382752564,201.0466086936148,201.0466086936148
697,na,1109.3309382752564,1109.3309382752564,201.0466086936148,201.0466086936148
698,na,1109.3309382752564,1109.3309382752564,201.0466086936148,201.0466086936148
699,na,1109.3309382752564,1109.3309382752564,2.2537772091769828,28.560219408410322
700,na,1109.3309382752564,1109.3309382752564,201.0466086936148,201.0466086936148
701,na,1109.3309382752564,1109.3309382752564,201.0466086936148,201.0466086936148
702,na,1109.3309382752564,1109.3309382752564,201.0466086936148,201.0466086936148
703,na,548.4424862446137,554.430513361023,201.0466086936148,201.0466086936148
704,na,1109.3309382752564,1109.3309382752564,201.0466086936148,201.0466086936148
705,na,1109.3309382752564,1109.3309382752564,201.0466086936148,201.0466086936148
706,na,1109.3309382752564,1109.3309382752564,201.0466086936148,201.0466086936148
707,na,1109.3309382752564,1109.3309382752564,201.0466086936148,201.0466086936148
708,na,1109.3309382752564,1109.3309382752564,201.0466086936148,201.0466086936148
709,na,1109.3309382752564,1109.3309382752564,201.0466086936148,201.0466086936148
710,na,1109.3309382752564,1109.3309382752564,201.0466086936148,201.0466086936148
711,na,1109.3309382752564,1109.3309382752564,201.0466086936148,201.0466086936148
712,na,1109.3309382752564,1109.3309382752564,201.0466086936148,201.0466086936148
713,na,1109.3309382752564,1109.3309382752564,201.0466086936148,201.0466086936148
714,na,221.51360025761727,235.07232519601342,29.09350136367113,35.71524690209452
715,na,1109.3309382752564,1109.3309382752564,201.0466086936148,201.0466086936148
716,na,1109.3309382752564,1109.3309382752564,201.0466086936148,201.0466086936148
717,na,1109.3309382752564,1109.3309382752564,201.0466086936148,201.0466086936148
718,e,1109.3309382752564,1109.3309382752564,201.0466086936148,201.0466086936148
719,na,1109.3309382752564,1109.3309382752564,201.0466086936148,201.0466086936148
720,na,1109.3309382752564,1109.3309382752564,201.0466086936148,201.0466086936148
721,na,1109.3309382752564,1109.3309382752564,201.0466086936148,201.0466086936148
722,na,66.39472579559383,79.70114933889468,201.0466086936148,201.0466086936148
723,na,1109.3309382752564,1109.3309382752564,201.0466086936148,201.0466086936148
724,na,1109.3309382752564,1109.3309382752564,201.0466086936148,201.0466086936148
725,na,1109.3309382752564,1109.3309382752564,3.301737910822555,24.736204029390223
726,e,1109.3309382752564,1109.3309382752564,201.0466086936148,201.0466086936148
727,na,964.4784750092592,968.357113105976,201.0466086936148,201.0466086936148
728,na,1109.3309382752564,1109.3309382752564,201.0466086936148,201.0466086936148
729,na,1109.3309382752564,1109.3309382752564,201.0466086936148,201.0466086936148
730,na,1109.3309382752564,1109.3309382752564,201.0466086936148,201.0466086936148
731,na,46.69510911913468,55.94061568211037,201.0466086936148,201.0466086936148
732,na,1109.3309382752564,1109.3309382752564,201.0466086936148,201.0466086936148
733,na,1109.3309382752564,1109.3309382752564,201.0466086936148,201.0466086936148
734,na,1109.3309382752564,1109.3309382752564,201.0466086936148,201.0466086936148
735,e,1109.3309382752564,1109.3309382752564,201.0466086936148,201.0466086936148
736,e,1109.3309382752564,1109.3309382752564,201.0466086936148,201.0466086936148
737,na,1109.3309382752564,1109.3309382752564,24.01807129017162,43.18100819359231
738,na,1109.3309382752564,1109.3309382752564,201.0466086936148,201.0466086936148
739,na,1109.3309382752564,1109.3309382752564,201.0466086936148,201.0466086936148
740,na,1109.3309382752564,1109.3309382752564,201.0466086936148,201.0466086936148
741,na,1109.3309382752564,1109.3309382752564,201.0466086936148,201.0466086936148
742,na,1109.3309382752564,1109.3309382752564,201.0466086936148,201.0466086936148
743,na,1109.3309382752564,1109.3309382752564,201.0466086936148,201.0466086936148
744,na,1109.3309382752564,1109.3309382752564,201.0466086936148,201.0466086936148
745,na,238.87851716158812,242.58268038698404,60.54884143575735,66.77285150056301
746,na,1109.3309382752564,1109.3309382752564,201.0466086936148,201.0466086936148
747,na,1109.3309382752564,1109.3309382752564,201.0466086936148,201.0466086936148
748,na,1109.3309382752564,1109.3309382752564,201.0466086936148,201.0466086936148
749,na,189.90347815667192,194.11665513888778,201.0466086936148,201.0466086936148
750,na,1109.3309382752564,1109.3309382752564,201.0466086936148,201.0466086936148
751,na,847.29252743506,860.1676418374927,201.0466086936148,201.0466086936148
752,na,1109.3309382752564,1109.3309382752564,201.0466086936148,201.0466086936148
753,na,1109.3309382752564,1109.3309382752564,63.94162423846338,82.27518987692032
754,na,1109.3309382752564,1109.3309382752564,201.0466086936148,201.0466086936148
755,na,1109.3309382752564,1109.3309382752564,201.0466086936148,201.0466086936148
756,na,1109.3309382752564,1109.3309382752564,201.0466086936148,201.0466086936148
757,na,1109.3309382752564,1109.3309382752564,201.0466086936148,201.0466086936148
758,na,1109.3309382752564,1109.3309382752564,201.0466086936148,201.0466086936148
759,na,1109.3309382752564,1109.3309382752564,201.0466086936148,201.0466086936148
760,na,270.33239314261886,277.97542684000126,201.0466086936148,201.0466086936148
761,na,1109.3309382752564,1109.3309382752564,201.0466086936148,201.0466086936148
762,na,908.1432835410609,921.2583342198249,201.0466086936148,201.0466086936148
763,na,193.65238361720552,197.86490584794612,201.0466086936148,201.0466086936148
764,na,1109.3309382752564,1109.3309382752564,201.0466086936148,201.0466086936148
765,na,1109.3309382752564,1109.3309382752564,201.0466086936148,201.0466086936148
766,na,1109.3309382752564,1109.3309382752564,71.65177629060567,85.3091277029088
767,na,228.38555362426555,242.63901934093778,22.214907534630107,27.990104662775984
768,na,1109.3309382752564,1109.3309382752564,201.0466086936148,201.0466086936148
769,na,1109.3309382752564,1109.3309382752564,25.407723437685267,32.870967736935555
770,na,1109.3309382752564,1109.3309382752564,201.0466086936148,201.0466086936148
771,na,1109.3309382752564,1109.3309382752564,201.0466086936148,201.0466086936148
772,na,1109.3309382752564,1109.3309382752564,201.0466086936148,201.0466086936148
773,na,1109.3309382752564,1109.3309382752564,201.0466086936148,201.0466086936148
774,na,1109.3309382752564,1109.3309382752564,201.0466086936148,201.0466086936148
775,na,612.8955752063222,623.4331949851379,104.69715882862752,121.29698807308941
776,na,1109.3309382752564,1109.3309382752564,201.0466086936148,201.0466086936148
777,na,1109.3309382752564,1109.3309382752564,201.0466086936148,201.0466086936148
778,na,1109.3309382752564,1109.3309382752564,201.0466086936148,201.0466086936148
779,na,1109.3309382752564,1109.3309382752564,201.0466086936148,201.0466086936148
780,na,45.13521224254371,49.171875661106164,13.712364562684316,38.989441935985596
781,e,1109.3309382752564,1109.3309382752564,201.0466086936148,201.0466086936148
782,na,1109.3309382752564,19.955082253093746,201.0466086936148,4.300985576491645
783,na,1109.3309382752564,1109.3309382752564,5.336888471981027,16.058278981523987
784,na,1109.3309382752564,1109.3309382752564,201.0466086936148,201.0466086936148
785,na,1109.3309382752564,1109.3309382752564,16.91701331248927,31.66665524331868
786,na,1109.3309382752564,1109.3309382752564,201.0466086936148,201.0466086936148
787,na,3.576888342031517,10.932952710050722,201.0466086936148,201.0466086936148
788,na,1109.3309382752564,1109.3309382752564,80.68093873008914,87.4383073948181
789,na,1109.3309382752564,1109.3309382752564,201.0466086936148,201.0466086936148
790,na,1109.3309382752564,1109.3309382752564,201.0466086936148,201.0466086936148
791,na,891.1647429593876,899.5436083286436,201.0466086936148,201.0466086936148
792,na,1109.3309382752564,1109.3309382752564,201.0466086936148,201.0466086936148
793,na,1109.3309382752564,1109.3309382752564,201.0466086936148,201.0466086936148
794,na,1109.3309382752564,1109.3309382752564,201.0466086936148,201.0466086936148
795,na,1109.3309382752564,1109.3309382752564,201.0466086936148,201.0466086936148
796,e,1109.3309382752564,1109.3309382752564,201.0466086936148,201.0466086936148
797,na,1109.3309382752564,1109.3309382752564,201.0466086936148,201.0466086936148
798,na,1109.3309382752564,1109.3309382752564,201.0466086936148,201.0466086936148
799,na,1109.3309382752564,1109.3309382752564,201.0466086936148,201.0466086936148
800,na,1109.3309382752564,1109.3309382752564,201.0466086936148,201.0466086936148
801,na,1109.3309382752564,1109.3309382752564,201.0466086936148,201.0466086936148
802,na,345.680315628678,354.81273562712374,201.0466086936148,201.0466086936148
803,na,1109.3309382752564,1109.3309382752564,201.0466086936148,201.0466086936148
804,na,1109.3309382752564,1109.3309382752564,201.0466086936148,201.0466086936148
805,na,1109.3309382752564,1109.3309382752564,201.0466086936148,201.0466086936148
806,na,1109.3309382752564,1109.3309382752564,201.0466086936148,201.0466086936148
807,na,1109.3309382752564,1109.3309382752564,201.0466086936148,201.0466086936148
808,na,1109.3309382752564,1109.3309382752564,201.0466086936148,201.0466086936148
809,na,1109.3309382752564,1109.3309382752564,201.0466086936148,201.0466086936148
810,na,1109.3309382752564,1109.3309382752564,201.0466086936148,201.0466086936148
811,na,330.3587226900091,359.8293765041509,201.0466086936148,201.0466086936148
812,na,1109.3309382752564,1109.3309382752564,201.0466086936148,201.0466086936148
813,na,1109.3309382752564,1109.3309382752564,201.0466086936148,201.0466086936148
814,na,1109.3309382752564,1109.3309382752564,201.0466086936148,201.0466086936148
815,na,1109.3309382752564,1109.3309382752564,201.0466086936148,201.0466086936148
816,na,1109.3309382752564,1109.3309382752564,201.0466086936148,201.0466086936148
817,na,1109.3309382752564,1109.3309382752564,201.0466086936148,201.0466086936148
818,na,1109.3309382752564,1109.3309382752564,201.0466086936148,201.0466086936148
819,na,38.56510635351811,48.49832568195334,201.0466086936148,201.0466086936148
820,na,1109.3309382752564,1109.3309382752564,38.91511790198391,69.07562495065027
821,na,1109.3309382752564,1109.3309382752564,41.517335548941425,50.59790848459479
822,na,410.0657625312286,418.2961156754604,91.09172459600089,101.41270964365668
823,na,1109.3309382752564,1109.3309382752564,201.0466086936148,201.0466086936148
824,e,1109.3309382752564,1109.3309382752564,201.0466086936148,201.0466086936148
825,na,1109.3309382752564,1109.3309382752564,201.0466086936148,201.0466086936148
826,na,1109.3309382752564,1109.3309382752564,201.0466086936148,201.0466086936148
827,na,1109.3309382752564,1109.3309382752564,201.0466086936148,201.0466086936148
828,na,792.109144923546,796.9329536665614,201.0466086936148,201.0466086936148
829,na,1109.3309382752564,1109.3309382752564,201.0466086936148,201.0466086936148
830,na,1109.3309382752564,1109.3309382752564,201.0466086936148,201.0466086936148
831,na,1109.3309382752564,1109.3309382752564,201.0466086936148,201.0466086936148
832,na,1109.3309382752564,1109.3309382752564,201.0466086936148,201.0466086936148
833,na,1109.3309382752564,1109.3309382752564,201.0466086936148,201.0466086936148
834,na,1109.3309382752564,1109.3309382752564,201.0466086936148,201.0466086936148
835,na,55.17129792207308,56.20511566066983,201.0466086936148,201.0466086936148
836,na,1109.3309382752564,1109.3309382752564,201.0466086936148,201.0466086936148
837,na,763.6808635001252,781.3774018553017,201.0466086936148,201.0466086936148
838,na,1109.3309382752564,1109.3309382752564,201.0466086936148,201.0466086936148
839,na,1109.3309382752564,1109.3309382752564,201.0466086936148,201.0466086936148
840,na,1109.3309382752564,1109.3309382752564,201.0466086936148,201.0466086936148
841,na,1109.3309382752564,1109.3309382752564,201.0466086936148,201.0466086936148
842,na,1109.3309382752564,1109.3309382752564,201.0466086936148,201.0466086936148
843,e,787.3225861774,816.3745046289623,201.0466086936148,201.0466086936148
844,na,1109.3309382752564,1109.3309382752564,201.0466086936148,201.0466086936148
845,na,1109.3309382752564,1109.3309382752564,201.0466086936148,201.0466086936148
846,na,25.057683148438446,33.17890894454975,201.0466086936148,201.0466086936148
847,na,202.6960172960379,206.16755474780578,201.0466086936148,201.0466086936148
848,na,1109.3309382752564,1109.3309382752564,201.0466086936148,201.0466086936148
849,na,1109.3309382752564,1109.3309382752564,201.0466086936148,201.0466086936148
850,na,339.1582212734751,346.4164682192321,201.0466086936148,201.0466086936148
851,na,1109.3309382752564,1109.3309382752564,201.0466086936148,201.0466086936148
852,na,1109.3309382752564,1109.3309382752564,201.0466086936148,201.0466086936148
853,na,933.6072698654156,941.6916094898587,201.0466086936148,201.0466086936148
854,na,108.40768302759604,123.06893219245846,201.0466086936148,201.0466086936148
855,na,1109.3309382752564,1109.3309382752564,201.0466086936148,201.0466086936148
856,na,1109.3309382752564,1109.3309382752564,201.0466086936148,201.0466086936148
857,na,43.19592521977723,49.539551563213216,201.0466086936148,201.0466086936148
858,na,1109.3309382752564,1109.3309382752564,201.0466086936148,201.0466086936148
859,na,1109.3309382752564,1109.3309382752564,201.0466086936148,201.0466086936148
860,na,216.4630074267988,224.00216095322057,201.0466086936148,201.0466086936148
861,na,629.6370518034159,633.2327234122727,91.4950651180345,101.8441901813078
862,na,857.6093571330853,866.6650696022834,201.0466086936148,201.0466086936148
863,na,1109.3309382752564,1109.3309382752564,201.0466086936148,201.0466086936148
864,na,1109.3309382752564,1109.3309382752564,201.0466086936148,201.0466086936148
865,na,1109.3309382752564,1109.3309382752564,201.0466086936148,201.0466086936148
866,na,1109.3309382752564,1109.3309382752564,201.0466086936148,201.0466086936148
867,na,22.136501001196827,51.16942089225127,201.0466086936148,201.0466086936148
868,na,1109.3309382752564,1109.3309382752564,201.0466086936148,201.0466086936148
869,na,1109.3309382752564,1109.3309382752564,201.0466086936148,201.0466086936148
870,e,1109.3309382752564,1109.3309382752564,201.0466086936148,201.0466086936148
871,na,1109.3309382752564,1109.3309382752564,201.0466086936148,201.0466086936148
872,e,62.42887289572298,98.30625803375652,201.0466086936148,201.0466086936148
873,na,920.8093040469801,936.2212688920422,201.0466086936148,201.0466086936148
874,na,1109.3309382752564,1109.3309382752564,201.0466086936148,201.0466086936148
875,na,1109.3309382752564,1109.3309382752564,201.0466086936148,201.0466086936148
876,na,85.58439456905727,89.48871980452996,201.0466086936148,201.0466086936148
877,e,445.9717964232278,453.4234668244065,201.0466086936148,201.0466086936148
878,na,1109.3309382752564,1109.3309382752564,201.0466086936148,201.0466086936148
879,e,1109.3309382752564,1109.3309382752564,201.0466086936148,201.0466086936148
880,na,1109.3309382752564,1109.3309382752564,201.0466086936148,201.0466086936148
881,na,1109.3309382752564,1109.3309382752564,201.0466086936148,201.0466086936148
882,na,1109.3309382752564,1109.3309382752564,201.0466086936148,201.0466086936148
883,na,684.7631860189791,716.7375462773036,201.0466086936148,201.0466086936148
884,na,1109.3309382752564,1109.3309382752564,201.0466086936148,201.0466086936148
885,na,1109.3309382752564,1109.3309382752564,201.0466086936148,201.0466086936148
886,na,1109.3309382752564,1109.3309382752564,30.741421842957266,57.176473263846894
887,e,28.45754768191198,32.831046791057126,201.0466086936148,201.0466086936148
888,na,1109.3309382752564,1109.3309382752564,201.0466086936148,201.0466086936148
889,na,1109.3309382752564,1109.3309382752564,201.0466086936148,201.0466086936148
890,na,1109.3309382752564,1109.3309382752564,201.0466086936148,201.0466086936148
891,na,1109.3309382752564,1109.3309382752564,201.0466086936148,201.0466086936148
892,na,1109.3309382752564,1109.3309382752564,99.85411696817263,101.50012654296904
893,na,858.2782488453009,863.2750025927481,201.0466086936148,201.0466086936148
894,na,1109.3309382752564,1109.3309382752564,201.0466086936148,201.0466086936148
895,e,1109.3309382752564,1109.3309382752564,108.13787579864415,113.52263925497816
896,na,1109.3309382752564,1109.3309382752564,201.0466086936148,201.0466086936148
897,na,1109.3309382752564,1109.3309382752564,201.0466086936148,201.0466086936148
898,na,1109.3309382752564,1109.3309382752564,201.0466086936148,201.0466086936148
899,na,1109.3309382752564,1109.3309382752564,201.0466086936148,201.0466086936148
900,na,1109.3309382752564,1109.3309382752564,201.0466086936148,201.0466086936148
901,na,1109.3309382752564,1109.3309382752564,201.0466086936148,201.0466086936148
902,e,1109.3309382752564,1109.3309382752564,201.0466086936148,201.0466086936148
903,na,1109.3309382752564,1109.3309382752564,201.0466086936148,201.0466086936148
904,na,1109.3309382752564,1109.3309382752564,201.0466086936148,201.0466086936148
905,na,1109.3309382752564,1109.3309382752564,201.0466086936148,201.0466086936148
906,na,1109.3309382752564,1109.3309382752564,201.0466086936148,201.0466086936148
907,na,1109.3309382752564,1109.3309382752564,201.0466086936148,201.0466086936148
908,na,1109.3309382752564,1109.3309382752564,201.0466086936148,201.0466086936148
909,na,1109.3309382752564,1109.3309382752564,201.0466086936148,201.0466086936148
910,na,1109.3309382752564,1109.3309382752564,201.0466086936148,201.0466086936148
911,na,1109.3309382752564,1109.3309382752564,201.0466086936148,201.0466086936148
912,na,1109.3309382752564,1109.3309382752564,201.0466086936148,201.0466086936148
913,na,1109.3309382752564,1109.3309382752564,201.0466086936148,201.0466086936148
914,na,1109.3309382752564,1109.3309382752564,201.0466086936148,201.0466086936148
915,e,440.919355670685,446.09415425007415,201.0466086936148,201.0466086936148
916,e,1109.3309382752564,1109.3309382752564,201.0466086936148,201.0466086936148
917,na,1109.3309382752564,1109.3309382752564,201.0466086936148,201.0466086936148
918,na,1109.3309382752564,1109.3309382752564,201.0466086936148,201.0466086936148
919,na,773.8059626186259,786.3820614097791,201.0466086936148,201.0466086936148
920,na,1109.3309382752564,1109.3309382752564,201.0466086936148,201.0466086936148
921,na,1109.3309382752564,1109.3309382752564,201.0466086936148,201.0466086936148
922,na,1109.3309382752564,1109.3309382752564,201.0466086936148,201.0466086936148
923,na,1109.3309382752564,1109.3309382752564,201.0466086936148,201.0466086936148
924,na,1109.3309382752564,1109.3309382752564,201.0466086936148,201.0466086936148
925,na,1109.3309382752564,1109.3309382752564,201.0466086936148,201.0466086936148
926,na,65.50554060357196,81.39131908860752,201.0466086936148,201.0466086936148
927,na,1109.3309382752564,1109.3309382752564,201.0466086936148,201.0466086936148
928,na,1109.3309382752564,1109.3309382752564,201.0466086936148,201.0466086936148
929,na,1109.3309382752564,1109.3309382752564,201.0466086936148,201.0466086936148
930,na,1109.3309382752564,1109.3309382752564,201.0466086936148,201.0466086936148
931,na,1109.3309382752564,1109.3309382752564,201.0466086936148,201.0466086936148
932,na,1109.3309382752564,1109.3309382752564,201.0466086936148,201.0466086936148
933,e,83.333137574553,97.79366772863489,201.0466086936148,201.0466086936148
934,na,1109.3309382752564,1109.3309382752564,201.0466086936148,201.0466086936148
935,na,1109.3309382752564,1109.3309382752564,201.0466086936148,201.0466086936148
936,na,1109.3309382752564,1109.3309382752564,201.0466086936148,201.0466086936148
937,na,1109.3309382752564,1109.3309382752564,201.0466086936148,201.0466086936148
938,na,1109.3309382752564,1109.3309382752564,31.91386240382841,49.398136059545
939,na,1109.3309382752564,1109.3309382752564,201.0466086936148,201.0466086936148
940,na,1109.3309382752564,1109.3309382752564,201.0466086936148,201.0466086936148
941,na,1109.3309382752564,1109.3309382752564,201.0466086936148,201.0466086936148
942,na,1109.3309382752564,1109.3309382752564,201.0466086936148,201.0466086936148
943,na,450.6645331434215,456.89418231126524,201.0466086936148,201.0466086936148
944,na,95.32447197675228,127.4481483546698,201.0466086936148,201.0466086936148
945,na,1109.3309382752564,1109.3309382752564,201.0466086936148,201.0466086936148
946,na,1109.3309382752564,1109.3309382752564,201.0466086936148,201.0466086936148
947,na,283.3918936099578,286.8333474537021,201.0466086936148,201.0466086936148
948,na,846.5398297133061,854.5547907681636,201.0466086936148,201.0466086936148
949,na,1109.3309382752564,1109.3309382752564,201.0466086936148,201.0466086936148
950,na,248.71192433691283,254.6104350215641,14.111164255599956,20.140844351145844
951,e,278.87653993665947,302.8152272132319,201.0466086936148,201.0466086936148
952,na,1109.3309382752564,1109.3309382752564,201.0466086936148,201.0466086936148
953,na,293.55762845989443,309.31461362001124,201.0466086936148,201.0466086936148
954,na,1109.3309382752564,1109.3309382752564,201.0466086936148,201.0466086936148
955,na,1109.3309382752564,1109.3309382752564,201.0466086936148,201.0466086936148
956,na,1109.3309382752564,1109.3309382752564,201.0466086936148,201.0466086936148
957,na,1109.3309382752564,1109.3309382752564,201.0466086936148,201.0466086936148
958,na,465.54506488385283,472.9047073270015,201.0466086936148,201.0466086936148
959,e,1109.3309382752564,1109.3309382752564,201.0466086936148,201.0466086936148
960,na,1109.3309382752564,1109.3309382752564,201.0466086936148,201.0466086936148
961,na,601.0019403419864,614.8954941354924,201.0466086936148,201.0466086936148
962,na,226.88914957055366,246.2536144159936,201.0466086936148,201.0466086936148
963,na,1109.3309382752564,1109.3309382752564,201.0466086936148,201.0466086936148
964,na,32.23332297108791,53.97122098234637,201.0466086936148,201.0466086936148
965,na,35.71573003839094,42.9525580291361,77.96952636639045,81.2322521065525
966,na,1109.3309382752564,1109.3309382752564,201.0466086936148,201.0466086936148
967,na,1109.3309382752564,1109.3309382752564,201.0466086936148,201.0466086936148
968,na,1109.3309382752564,1109.3309382752564,201.0466086936148,201.0466086936148
969,na,1109.3309382752564,1109.3309382752564,201.0466086936148,201.0466086936148
970,na,1109.3309382752564,1109.3309382752564,29.237009309821914,41.59753323941735
971,na,1109.3309382752564,1109.3309382752564,201.0466086936148,201.0466086936148
972,na,1109.3309382752564,1109.3309382752564,201.0466086936148,201.0466086936148
973,na,1109.3309382752564,1109.3309382752564,201.0466086936148,201.0466086936148
974,na,1109.3309382752564,1109.3309382752564,201.0466086936148,201.0466086936148
975,na,45.00349076014373,65.39155204517763,201.0466086936148,201.0466086936148
976,e,1109.3309382752564,1109.3309382752564,201.0466086936148,201.0466086936148
977,na,1109.3309382752564,1109.3309382752564,201.0466086936148,201.0466086936148
978,na,1109.3309382752564,1109.3309382752564,201.0466086936148,201.0466086936148
979,na,1109.3309382752564,1109.3309382752564,201.0466086936148,201.0466086936148
980,na,1109.3309382752564,1109.3309382752564,201.0466086936148,201.0466086936148
981,e,1109.3309382752564,1109.3309382752564,201.0466086936148,201.0466086936148
982,na,1109.3309382752564,1109.3309382752564,201.0466086936148,201.0466086936148
983,na,875.5267260530902,885.5432649292163,201.0466086936148,201.0466086936148
984,na,1109.3309382752564,1109.3309382752564,201.0466086936148,201.0466086936148
985,na,1109.3309382752564,1109.3309382752564,201.0466086936148,201.0466086936148
986,na,453.40445479707984,471.9383460426132,201.0466086936148,201.0466086936148
987,na,1109.3309382752564,1109.3309382752564,201.0466086936148,201.0466086936148
988,na,1109.3309382752564,1109.3309382752564,201.0466086936148,201.0466086936148
989,e,16.149011182583887,36.18471777964276,201.0466086936148,201.0466086936148
990,na,1109.3309382752564,1109.3309382752564,201.0466086936148,201.0466086936148
991,na,1109.3309382752564,1109.3309382752564,201.0466086936148,201.0466086936148
992,e,41.0366786331391,67.10823270648463,201.0466086936148,201.0466086936148
993,na,1109.3309382752564,1109.3309382752564,201.0466086936148,201.0466086936148
994,na,1109.3309382752564,1109.3309382752564,201.0466086936148,201.0466086936148
995,na,1109.3309382752564,1109.3309382752564,14.977759101921153,23.53039629826171
996,na,1109.3309382752564,1109.3309382752564,201.0466086936148,201.0466086936148
997,e,1109.3309382752564,1109.3309382752564,59.62613776321579,63.145826429485716
998,na,1109.3309382752564,1109.3309382752564,201.0466086936148,201.0466086936148
999,e,1109.3309382752564,1109.3309382752564,201.0466086936148,201.0466086936148
