node, assignment, time2inf_trt, time2death_trt, time2inf_con, time2death_con
0,na,0,5.087000564517991,0,6.370197978968585
1,na,-1,0,-1,0
2,na,0,0.9891188270313362,0,10.287060655264453
3,na,0,32.4682164858455,0,101.66340766451182
4,na,111.10981764804116,111.10981764804116,42.09212765066271,46.467106796494654
5,e,111.10981764804116,111.10981764804116,20.283249329080746,20.777836729424862
6,na,18.203212039857135,111.10981764804116,27.9823062140808,29.565310346258798
7,na,45.72845836834209,58.56473498362239,24.614681217483344,28.961180275534034
8,na,25.54287073249461,26.18990595273786,21.1487410053626,21.428568254370514
9,e,111.10981764804116,111.10981764804116,40.353431121059984,44.505887816925906
10,na,18.95953923503473,29.85041759360904,23.10711492842445,101.66340766451182
11,na,21.51653354467941,23.006764780811704,6.02934731038514,12.133978950223398
12,na,50.8624855937086,56.705324523833504,101.66340766451182,101.66340766451182
13,na,15.416002367651567,24.28254165401211,20.675574695252028,101.66340766451182
14,na,31.523355997094306,40.28055378128074,32.10712730577101,37.5843918308345
15,na,17.21023548110325,20.26733263043387,20.98390246977343,26.095405171157676
16,na,25.764633610121802,42.51427018910314,27.918309016196886,70.34308112913205
17,na,111.10981764804116,111.10981764804116,101.66340766451182,101.66340766451182
18,e,111.10981764804116,111.10981764804116,20.667170179371983,31.222963589466154
19,na,81.18830518255993,83.45089089786914,27.632501931563827,58.6281358113643
20,na,43.59056041287237,45.37792716105993,12.073135103503253,24.312990634664914
21,na,49.22746547617062,99.58484630083085,101.66340766451182,101.66340766451182
22,na,22.585949404204914,23.25556896225591,14.674968479758553,101.66340766451182
23,na,8.86476527323048,26.693963016971164,4.791196924839017,101.66340766451182
24,e,111.10981764804116,111.10981764804116,30.583716168942217,32.69402285300352
25,na,55.63912980846935,64.04320643421445,101.66340766451182,101.66340766451182
26,na,18.828254170798242,19.31221728343068,21.478029312737966,43.430699399708224
27,na,22.113683227464715,22.481068748791813,26.866211679162653,49.94292949221659
28,na,41.58237831400387,41.700395678988315,39.63880276520342,40.56180951343812
29,e,111.10981764804116,111.10981764804116,5.894313607759783,12.855489205647787
30,na,55.420522835462734,56.173208071177186,101.66340766451182,101.66340766451182
31,na,30.02553669143425,49.57279773079012,19.808440308536994,101.66340766451182
32,na,34.105002184164455,57.62808420378948,22.287874947183912,101.66340766451182
33,na,43.46997694501903,43.98201410854385,28.675458435364348,38.00061220813481
34,na,17.099552943404284,37.91145723418711,25.134008942251146,25.273558776663208
35,na,27.512635777447546,39.532416536867466,16.885197820427532,22.933002555186995
36,na,22.774234552471032,35.32865560263371,23.318293459539817,75.67626740937729
37,na,66.22943073878872,80.7567854620389,101.66340766451182,101.66340766451182
38,na,111.10981764804116,111.10981764804116,35.239141727936676,37.65668689749151
39,e,111.10981764804116,111.10981764804116,101.66340766451182,101.66340766451182
40,na,111.10981764804116,111.10981764804116,31.716242700263336,39.209918667784365
41,na,26.01722937197531,30.196920993719203,20.599175958768505,32.13944316356684
42,na,25.798057837299194,27.217137346791464,34.687276393710285,49.87620523836374
43,na,71.63937967308087,88.86822944778619,17.622085968781686,28.201577942216364
44,na,27.337952990680314,111.10981764804116,16.940348325797245,45.73021158639363
45,na,22.222778784091076,23.456642779602554,21.205786576717557,101.66340766451182
46,na,111.10981764804116,111.10981764804116,3.8525249797386425,7.357079435060278
47,na,20.827396201224918,38.57961786397071,18.314868417726355,29.09981869001807
48,na,15.964344144705521,18.39124599137451,26.997233651434563,40.572814301581204
49,na,20.960376288239654,45.99872396962627,15.320365876816087,101.66340766451182
50,na,23.52579155634808,30.203582859967234,19.53391383739501,19.779405694093096
51,e,111.10981764804116,111.10981764804116,22.34113141000059,26.886635327239805
52,na,25.57849408724943,26.004523205723167,19.655557977991887,20.33112921574123
53,na,23.86738169722347,43.79944737513089,19.255011894091798,27.686185436121658
54,na,31.36980837228057,36.15207798462419,37.13598136119978,45.135643854954886
55,na,29.75332708960151,30.761361802209713,16.19685937133483,43.3582767195261
56,na,20.110982104953923,41.51657185801372,28.29351600974415,28.526850061297186
57,na,28.108789799564782,30.118149269900076,16.621634701674076,101.66340766451182
58,na,23.142865467348713,57.99120600045203,19.00749189359095,101.66340766451182
59,e,111.10981764804116,111.10981764804116,15.032328911296057,24.070924500019476
60,na,7.185902851060713,18.769184977566287,3.4499505843999376,11.384628666920387
61,na,111.10981764804116,111.10981764804116,101.66340766451182,101.66340766451182
62,na,17.71381526594146,26.228134409604216,10.45304541327482,15.325691397739824
63,na,33.906358279930004,41.84000385057248,41.06637519674585,45.71694405621579
64,na,42.085008171176845,42.41487901440325,26.50243100468538,31.028272290904773
65,na,22.82937062177814,111.10981764804116,16.707016165854206,32.927245322094954
66,na,24.240276429651697,111.10981764804116,36.984759833366375,41.622247304623194
67,na,21.277916541706222,22.5988727026297,27.84994375954862,41.22658501161632
68,na,31.287617421186596,37.573016846158325,29.469963529080406,41.10856717404476
69,na,25.446489594087996,27.873440243918992,16.524716250361145,17.648397416539645
70,na,15.731836379418901,26.737197863677274,42.950597708447305,44.63230824977839
71,na,27.48114653832269,42.2064740946609,20.951318360388235,101.66340766451182
72,e,111.10981764804116,111.10981764804116,32.443770078960554,101.66340766451182
73,na,46.52151229675935,67.47170360823746,23.83544872974303,44.45641874528966
74,na,23.45849431175268,27.99843106251173,21.06478760268372,45.513890371644834
75,na,20.896540163096603,63.14859993445341,32.3934257344196,101.66340766451182
76,na,24.17362921482666,28.020143610654422,3.639574195109453,31.428501460536005
77,na,111.10981764804116,111.10981764804116,21.93970265427358,28.86551619165786
78,na,111.10981764804116,111.10981764804116,101.66340766451182,101.66340766451182
79,na,111.10981764804116,111.10981764804116,101.66340766451182,101.66340766451182
80,na,111.10981764804116,111.10981764804116,22.37050447849019,22.62230197043598
81,na,17.80620083741815,17.86451723497462,14.802506418419918,27.712110852352943
82,na,35.870239095711824,63.10481396852999,17.832168853306754,26.627991151888324
83,na,111.10981764804116,111.10981764804116,8.885481234780407,14.18450603125466
84,na,26.396690351440565,35.158547719482314,23.40458379588182,28.3981138196273
85,na,40.783617193405924,56.84055394294619,40.537901470986796,41.04645643582002
86,na,14.826944436845396,19.60102803314249,43.068606359741956,45.303266550577874
87,na,26.59151348139681,32.61429674812148,26.353862945910347,42.57970936818607
88,na,34.131847547727986,41.97029095333813,32.71175879499465,57.93931503046444
89,na,32.29548446698033,35.547888222852976,25.64789666152378,25.85666897729165
90,na,21.07011275913752,23.986882517064654,13.321748554003147,28.28215673768521
91,e,111.10981764804116,111.10981764804116,101.66340766451182,101.66340766451182
92,na,19.930543289046593,30.615616430566998,13.883013210248075,27.442980144590173
93,na,111.10981764804116,111.10981764804116,35.87707511843116,101.66340766451182
94,na,10.843800219877892,111.10981764804116,5.4718271335863475,101.66340766451182
95,na,37.45473472200777,39.80051468625234,18.684001019391374,20.135316517152255
96,na,13.280708772311831,40.936120526777835,17.63351780061079,18.75164727940477
97,na,21.277872308061323,111.10981764804116,24.224762773399807,30.505984309831323
98,na,45.63843366916377,61.138088323993415,29.789993932697303,30.212894086429827
99,na,46.45071665096941,62.73631848241729,15.610656868058099,16.31452239279335
100,na,25.49519289978446,111.10981764804116,31.21670729315298,101.66340766451182
101,na,37.59003013114583,60.826711866374644,30.453245842182803,31.208105265514476
102,na,11.90047592996852,111.10981764804116,101.66340766451182,101.66340766451182
103,na,21.507485049141334,23.671826264760423,17.501205568761975,22.014538832966146
104,na,111.10981764804116,111.10981764804116,101.66340766451182,101.66340766451182
105,e,111.10981764804116,111.10981764804116,10.469430136280804,23.684957177688307
106,na,111.10981764804116,111.10981764804116,33.04155385340146,37.239989986858575
107,na,35.79699333374068,36.676217426806325,8.731090873878522,35.74768826462826
108,na,111.10981764804116,111.10981764804116,101.66340766451182,101.66340766451182
109,na,26.327030858419057,111.10981764804116,20.806476007484484,30.90188402330417
110,na,28.56749140656111,37.62313531706074,10.868352624678499,26.52052903778059
111,e,111.10981764804116,111.10981764804116,23.256662349309117,26.126884944572247
112,na,28.897471904748546,111.10981764804116,28.645210079431962,35.29170150022897
113,na,17.354190632355603,18.724170085348064,33.36610949268528,47.34948405935875
114,na,20.277840624138825,25.317618566461203,57.628739627678584,66.62562876446746
115,e,111.10981764804116,111.10981764804116,34.902219533505836,37.545764764718264
116,na,23.740893979044984,48.424634311808155,8.546626953717352,15.888915592241785
117,na,23.856259060146442,31.670208280753517,17.488914388610556,101.66340766451182
118,na,22.588035990653157,27.13048133173179,28.25818724106116,55.29453154283566
119,na,22.28597378325264,27.55420679485361,31.361719226801142,60.419600093283655
120,na,111.10981764804116,111.10981764804116,47.58238879553925,56.784188958765064
121,na,20.698971609709766,23.509549353996956,12.000910630357726,18.976632471794325
122,e,111.10981764804116,111.10981764804116,101.66340766451182,101.66340766451182
123,na,32.51734383811111,60.60121502942741,40.55775518868054,40.67054484130405
124,e,111.10981764804116,111.10981764804116,18.68370142413739,40.99351399673381
125,na,28.38889213198372,28.93454022420014,7.886207614138194,9.135170654759788
126,na,111.10981764804116,111.10981764804116,101.66340766451182,101.66340766451182
127,na,26.025154411667298,37.461181466099134,7.379535815410356,41.306855059431925
128,na,25.428530041996225,33.28264395999431,18.792698686492205,20.84269926499999
129,na,34.94939791561821,35.547345788024394,27.487918181687114,29.386715818498082
130,na,28.421921825838616,36.375357782159135,20.05841963626975,50.466430678662725
131,na,20.397085916539094,40.485178109024545,10.906370781060355,22.21528992377199
132,na,74.62712110882406,76.34977084582079,36.11643291058368,37.043920567609014
133,na,31.19251904004434,46.827318535081055,57.88616457665488,62.39277271840402
134,na,4.959414242102565,12.628284925645945,24.568003357255876,39.10953861752908
135,na,29.08859146962689,30.563378714023244,20.561741842832213,101.66340766451182
136,na,66.9479461894201,111.10981764804116,21.303923440471802,27.35784594221207
137,na,48.446806825247435,53.68803159703246,49.111184776307404,49.45161745419289
138,e,29.352204628172696,54.72642537839129,20.70791674751406,63.03859982331405
139,na,9.46094394196343,17.78300309224992,19.07675032906468,81.6754916136073
140,na,23.763502791310763,24.10238878502394,18.503947092795876,36.70376898155679
141,na,28.07541177906381,35.683944847856964,38.88372203863741,50.203818385789496
142,na,26.673084801928873,28.025153363741865,17.09826436304136,101.66340766451182
143,na,23.442026035332365,31.101036969948467,17.78492003962527,29.10628667314944
144,na,25.136659680952253,37.3809224931618,101.66340766451182,101.66340766451182
145,na,28.73905665807499,45.48438426735575,101.66340766451182,101.66340766451182
146,e,111.10981764804116,111.10981764804116,18.309292575938542,18.92487282417611
147,na,111.10981764804116,111.10981764804116,101.66340766451182,101.66340766451182
148,na,36.68977387490482,41.88457140616202,12.073885674622348,14.917562247817047
149,na,8.245958483282527,9.042210989971254,15.279228979820541,35.412631330130175
150,na,24.906132509229536,36.80447815613946,31.801999194062443,39.02681723095193
151,na,12.887536528106724,17.77550087972662,21.112523372684592,39.88895036070042
152,na,111.10981764804116,111.10981764804116,59.23446935197048,69.5304864058806
153,na,20.65386091248768,111.10981764804116,56.18424934437215,70.6155135236349
154,na,111.10981764804116,111.10981764804116,101.66340766451182,101.66340766451182
155,na,23.76953453252547,38.90208250482865,25.58929242679597,73.42359480672239
156,na,35.29309437022435,43.17595030659796,18.132082921834996,21.894794687792643
157,na,111.10981764804116,111.10981764804116,101.66340766451182,101.66340766451182
158,na,12.2676474513311,14.259487487274324,14.085155663095737,34.649443407579874
159,na,25.299799376209208,61.714359861288756,20.700166290448948,21.704501667194652
160,na,18.78920890362373,111.10981764804116,11.457270284664219,46.19749429400674
161,na,111.10981764804116,111.10981764804116,27.583820181561965,29.371652415349978
162,na,37.58689008271819,45.4437975805153,18.2127812482502,23.501451266078274
163,na,37.8056111055717,41.55960760449321,32.5406595801545,42.95610989274517
164,na,111.10981764804116,111.10981764804116,101.66340766451182,101.66340766451182
165,na,111.10981764804116,111.10981764804116,5.356728209346846,21.72983435024201
166,e,111.10981764804116,111.10981764804116,101.66340766451182,101.66340766451182
167,na,111.10981764804116,111.10981764804116,101.66340766451182,101.66340766451182
168,na,111.10981764804116,111.10981764804116,29.68697907983047,48.96593163623981
169,na,23.05012825027098,33.47603048361798,10.382367443171729,22.934001924829488
170,na,23.615203554103864,32.298873324232126,37.432693045884136,48.14113136199041
171,e,111.10981764804116,111.10981764804116,34.96590581139595,41.59053274993365
172,na,111.10981764804116,111.10981764804116,19.558438947977233,24.519640628031084
173,e,111.10981764804116,111.10981764804116,32.94966473905326,35.192779241342514
174,na,24.73454537572217,111.10981764804116,30.135875997138573,33.752049603640614
175,na,31.128451394489325,34.843363183234494,18.872981308948358,101.66340766451182
176,na,111.10981764804116,111.10981764804116,101.66340766451182,101.66340766451182
177,na,25.17271592498583,35.262088259209094,19.87544040625675,21.329131159856882
178,na,111.10981764804116,111.10981764804116,30.554966085557677,37.963935575190355
179,na,37.269670302929654,59.27416652453812,46.27314653442523,60.062151503911785
180,na,31.387127940650203,35.045252468298166,11.1987704728298,20.048382068653005
181,na,46.83066543377813,53.92974562931039,25.37841921767529,40.71495102526758
182,na,35.519512988543106,111.10981764804116,8.654551681332759,17.479345728920865
183,na,17.56344642591693,111.10981764804116,20.23475552115281,27.395602542653155
184,e,111.10981764804116,111.10981764804116,9.139013003210248,13.380368852494062
185,na,16.389674699041052,24.067110478222865,101.66340766451182,101.66340766451182
186,na,20.810128068205323,111.10981764804116,26.163967758464093,32.25018160322204
187,e,111.10981764804116,111.10981764804116,101.66340766451182,101.66340766451182
188,na,34.74033032869736,36.67562890678032,14.188927482626516,18.089196416779398
189,na,22.545612291660632,25.829729705006503,101.66340766451182,101.66340766451182
190,na,37.87718996586272,44.00940736402553,20.8072230764651,44.54410287949318
191,e,111.10981764804116,111.10981764804116,26.266633454580504,32.26695906507233
192,na,16.408224224966798,20.5736641837104,13.240801079839871,16.077609554429753
193,na,26.620284811448276,34.80081452957736,7.639041389538857,8.485370365059108
194,na,111.10981764804116,111.10981764804116,101.66340766451182,101.66340766451182
195,e,111.10981764804116,111.10981764804116,24.57971756259593,33.93445033712552
196,na,38.81110329152863,39.79068777721606,5.190809649136086,101.66340766451182
197,na,35.772439410556,111.10981764804116,35.950258793324615,57.406359977804954
198,na,20.960643077262183,31.354965568068913,17.496125977157664,22.669870567589435
199,na,111.10981764804116,111.10981764804116,101.66340766451182,101.66340766451182
200,na,29.266375189110942,47.37051769931032,15.47921836598337,24.204664443458075
201,na,24.430248675289874,27.733940316842983,37.824629412248925,101.66340766451182
202,na,32.44938900171541,111.10981764804116,19.774464183457138,30.344365733587058
203,na,33.27670540815385,40.843242007510945,34.51798012799451,101.66340766451182
204,na,22.52267683804946,40.18481500524617,31.482831767995616,36.36688816719971
205,na,67.6286475331247,68.82284174837683,37.268753505616544,39.16124070289937
206,na,14.768746851862376,17.63350604387069,31.678345884603747,55.077050788955596
207,na,25.288871900698666,34.2658966089607,101.66340766451182,101.66340766451182
208,na,28.71889051546841,34.01081703119749,25.69811773270669,45.000859868484966
209,na,27.588807351805833,34.92583223886048,14.25109174486671,24.31455855176462
210,na,50.76733212223344,58.56467097299872,20.939812892392833,35.12550802317883
211,na,18.700906543546797,24.637857533339808,28.004645896001858,41.752867043138224
212,e,111.10981764804116,111.10981764804116,31.669941833805996,33.82421500741874
213,e,111.10981764804116,111.10981764804116,10.780029585816866,101.66340766451182
214,na,23.721862506028213,30.127188698665396,17.70088690914799,101.66340766451182
215,na,111.10981764804116,111.10981764804116,25.621472992123426,32.522789740740706
216,na,111.10981764804116,111.10981764804116,39.606296097233674,40.14857641868348
217,na,31.646633420086687,82.45132015129589,20.246700548190972,27.96398615520188
218,na,111.10981764804116,111.10981764804116,42.1489687154681,42.41020660230943
219,na,36.733308445727346,93.94737491356456,36.334126321951885,101.66340766451182
220,na,20.432016099962674,27.984794805093475,18.09949394241493,25.28345219823253
221,na,31.15805151107801,37.03736078324033,23.82674430654097,45.70182470013756
222,na,12.881621949686986,111.10981764804116,24.41913558420702,38.79555844747612
223,na,111.10981764804116,111.10981764804116,101.66340766451182,101.66340766451182
224,na,51.05636006346128,57.19245224914148,22.968177938080313,25.89923093706786
225,na,24.224565394609957,36.05178523454711,12.601614472841277,45.51227596863222
226,na,111.10981764804116,111.10981764804116,40.10425238182162,101.66340766451182
227,na,22.275617857815334,111.10981764804116,31.892355773529626,40.67801953328641
228,na,26.96781394436608,28.734252629111587,21.871321807086016,101.66340766451182
229,na,31.067515200222694,41.45716106079567,30.144391972274377,98.08531687834817
230,na,51.060816282569924,54.04201997313856,13.55999009603077,17.76933368579582
231,e,111.10981764804116,111.10981764804116,17.68915936006692,101.66340766451182
232,na,111.10981764804116,111.10981764804116,101.66340766451182,101.66340766451182
233,e,111.10981764804116,111.10981764804116,21.564657824949478,101.66340766451182
234,na,38.55478837547563,111.10981764804116,18.34492977737143,29.489768014767836
235,na,30.815617744947165,34.83694710914506,22.039272984190006,28.894429840982703
236,na,111.10981764804116,111.10981764804116,59.10238358262038,89.79108141970822
237,na,27.086992526554482,30.257121645534422,19.04458628883757,25.87968663327062
238,na,24.381383884176724,29.941448017643943,23.03461157649114,26.553828257479942
239,na,47.903113659633995,62.189276880240016,37.632726621432646,101.66340766451182
240,na,39.34540456865842,40.39956749407757,22.059591203633733,31.923863835747508
241,na,111.10981764804116,111.10981764804116,101.66340766451182,101.66340766451182
242,e,111.10981764804116,111.10981764804116,30.365209531647427,78.00030233332141
243,na,28.435371077864367,28.885976039515704,27.327324073560483,44.598652367745416
244,na,111.10981764804116,111.10981764804116,101.66340766451182,101.66340766451182
245,na,32.81542162327622,67.30020823655555,22.133687247048194,25.100216587662523
246,na,31.792102096240367,43.28844171174928,26.583736352376203,30.508427337413906
247,na,29.73498333347401,40.27393643634175,22.117155689136016,47.92832510420907
248,na,111.10981764804116,111.10981764804116,39.83502700007627,46.35801343783071
249,na,11.533502141341403,28.98399885310853,10.7271791601563,32.83776160673814
250,e,111.10981764804116,111.10981764804116,101.66340766451182,101.66340766451182
251,na,22.932739211195347,38.3107645662512,67.77150509616494,76.1886748799187
252,e,111.10981764804116,111.10981764804116,11.878355831722047,12.283324931210858
253,na,111.10981764804116,111.10981764804116,27.53308542739966,51.494581594207844
254,na,21.09212130059685,37.05113862181878,19.20912772006277,101.66340766451182
255,na,35.65599284876463,36.06213773450653,21.953195910813335,31.10821399426682
256,na,0.7143599735776354,12.970420477023557,22.583767348133293,31.41503096342868
257,na,27.124628544079076,29.784152201063737,12.709480267839952,21.580155008737496
258,na,9.129707112627115,15.41895923228735,20.497257443133858,30.82904320491605
259,na,22.465537682941044,26.21995001400873,50.52376204508089,66.00801700000831
260,na,111.10981764804116,111.10981764804116,8.459371390617322,13.108825326416337
261,na,24.294818843007686,24.30091228832424,23.344599598624093,48.16742602817067
262,na,38.81290018513754,39.73990788156731,10.728848822721254,22.42788666092709
263,na,39.42464592987307,46.35475507943956,16.599848737931314,43.21899427890817
264,na,37.56757355036885,111.10981764804116,22.07591341462318,36.67493674004869
265,na,25.750087044274252,111.10981764804116,32.765734558409946,33.24927867040422
266,na,111.10981764804116,111.10981764804116,26.746450199063364,43.05925566676274
267,na,22.27476998927681,111.10981764804116,22.90163010862461,32.488381011420415
268,e,111.10981764804116,111.10981764804116,101.66340766451182,101.66340766451182
269,na,111.10981764804116,111.10981764804116,19.469724716365977,96.42131275177414
270,na,32.61563869238923,46.95140532245109,21.686666592080282,31.313432560375006
271,na,25.733587905192106,29.224589604954645,10.218739759610303,26.23672582866555
272,na,24.52449383634659,111.10981764804116,26.77691876179913,39.48645385425258
273,na,20.24134608783041,25.050355291497752,15.92817431478437,24.811846852747262
274,na,111.10981764804116,111.10981764804116,101.66340766451182,101.66340766451182
275,na,26.041267180138387,27.499139186652982,19.60641539302573,31.99813793990539
276,na,15.15657707788532,19.288450084963063,27.11026067228868,36.00996361971596
277,na,22.392390374425055,28.353594236474862,11.952104156845495,16.796525695902133
278,na,16.458250230281738,111.10981764804116,29.598768143901708,101.66340766451182
279,na,26.300275229899825,111.10981764804116,11.46963212908603,16.852473039472304
280,na,19.53609352894418,22.958728945767138,27.241890931714046,101.66340766451182
281,e,111.10981764804116,111.10981764804116,15.163000509611043,25.069998413300098
282,na,111.10981764804116,111.10981764804116,101.66340766451182,101.66340766451182
283,e,111.10981764804116,111.10981764804116,32.33078558992576,40.85347504176957
284,na,28.73100107233158,111.10981764804116,23.743859769297394,25.21282137351127
285,na,31.819364735676572,111.10981764804116,18.89121165094664,25.57107453584232
286,na,18.111823457165855,23.37681671284622,32.62105882782493,43.847893122251605
287,na,23.862097969114487,27.348153877169494,24.279788974095304,24.90782333237612
288,e,111.10981764804116,111.10981764804116,18.80612682383199,45.08020299854189
289,e,111.10981764804116,111.10981764804116,20.86780888669558,31.555196471878652
290,na,111.10981764804116,111.10981764804116,101.66340766451182,101.66340766451182
291,na,15.370422060427163,16.80513125029498,27.93367231665945,31.061692190805278
292,na,31.553488298695402,111.10981764804116,12.856757321182481,13.493463861979496
293,na,22.248444108163607,111.10981764804116,25.41382326384413,39.88757441134114
294,na,17.381617662840128,33.295169861268185,23.47684688086858,44.378800214589525
295,na,111.10981764804116,111.10981764804116,48.80430783458715,50.386408882800126
296,e,111.10981764804116,111.10981764804116,23.61059879640806,26.834933639345852
297,na,43.31475641640229,65.40205928429337,35.10313681080576,101.66340766451182
298,na,111.10981764804116,111.10981764804116,24.939037710443355,40.88786373268758
299,na,10.966566239150467,16.498450025277847,3.93418810874459,17.814812606943203
300,na,40.43567508284578,57.04294180238906,31.90070669360723,53.85475708226882
301,na,24.497807995419056,25.50568317913356,36.81558880977517,37.891012930539674
302,na,34.34126009927608,35.92736811840968,20.786801891285418,23.104558252368207
303,na,14.771941107504198,21.896447277106148,8.285990788276505,101.66340766451182
304,na,42.48890644891231,42.79467045059704,23.375109772815808,23.64576151111329
305,e,111.10981764804116,111.10981764804116,9.668309365086374,28.900971618607514
306,na,32.40982197776807,36.716575361593065,14.30263869358731,19.287500937906614
307,na,14.715407334193861,22.93620611420554,23.15181881005708,25.034118429912873
308,na,24.501453376223267,41.66173118257771,101.66340766451182,101.66340766451182
309,na,14.564647110797459,15.407748152324334,10.523333234659152,15.915051753452435
310,na,20.502690087361636,45.71996595768452,20.881480161469064,23.586797431071073
311,na,111.10981764804116,111.10981764804116,101.66340766451182,101.66340766451182
312,na,24.00438309295134,29.69848561897763,26.616912752203365,32.09741546096578
313,na,20.089420274972653,22.14205840258897,29.131919711241,32.7569204127286
314,na,20.860369989550808,57.130575505998564,15.07932893871716,28.197708767868967
315,na,14.394435908474387,27.437163017404693,11.032034926066423,17.88466818285742
316,e,111.10981764804116,111.10981764804116,71.33053275786052,101.66340766451182
317,na,24.872640631080934,73.08884246394307,41.24581381645286,45.783306203492224
318,na,14.445918450584339,28.563628222624533,19.00666526136868,30.211418450909218
319,na,8.325604397431881,16.843502274987966,16.994145204679842,17.528350621933363
320,na,43.15543688331284,58.95930656738857,18.920606935339055,20.724412953061222
321,na,30.881807011466496,38.99556258177204,25.22159800368678,30.903838300550778
322,na,57.89618100726429,92.64696476172394,26.970287531649046,48.12163764498461
323,na,24.277514238388722,35.86526265356719,18.40276891800764,42.04099927461682
324,na,23.78566921810024,58.67581045534821,101.66340766451182,101.66340766451182
325,na,19.501905198386396,26.1993368216529,12.300439330193093,101.66340766451182
326,na,111.10981764804116,111.10981764804116,26.16165877581458,32.95237220197562
327,na,39.97564970999282,47.58466784714235,37.947260741404946,42.14735642362283
328,na,33.90437033865606,79.68731187673575,38.74702287637144,44.68632895511913
329,na,39.66175146855898,42.293484348960824,24.47466488010188,28.678863337964664
330,na,48.638992225018406,53.65967768872007,17.022849043071616,21.98754356076128
331,na,35.75448856559663,36.974546555150944,26.641689178369187,43.39216830245065
332,na,19.06645042515494,50.777301991425155,11.121271622465457,23.85385097051681
333,na,26.881874549136274,30.410455752178247,15.133346694698062,18.692561903340025
334,na,27.790751207810615,36.46083797764413,26.324315687857943,29.735774282072004
335,e,111.10981764804116,111.10981764804116,20.98717909604544,27.189274923297265
336,na,25.387386499684496,42.955892939799675,15.674888010498368,16.644383129327643
337,na,40.74863062695557,49.402739230510505,22.311445536690893,33.297053664587985
338,na,16.438896231391805,20.280155748064544,22.122395212545715,101.66340766451182
339,e,111.10981764804116,111.10981764804116,23.171540675352116,24.210254211069714
340,na,28.51325806887528,41.89508620573348,101.66340766451182,101.66340766451182
341,na,51.1635026487059,58.86524298219622,14.290178013314186,101.66340766451182
342,e,111.10981764804116,111.10981764804116,18.087449154364126,19.978330092776805
343,na,111.10981764804116,111.10981764804116,101.66340766451182,101.66340766451182
344,na,36.92757910687589,111.10981764804116,37.939144868904414,40.42212335691636
345,na,36.25952892256789,39.73061066083298,101.66340766451182,101.66340766451182
346,na,35.778621476934646,37.496043901655234,11.968514804057657,68.68024037478854
347,na,19.32015396703303,20.872765158159797,23.32272648286287,101.66340766451182
348,na,41.516969290150314,111.10981764804116,27.04119726499901,34.483651912806955
349,na,19.199350244998325,79.07268464266394,24.70313427012221,101.66340766451182
350,na,31.79778334946093,111.10981764804116,19.417320477552693,27.29988125756038
351,na,35.26525122073331,37.646974197226726,35.776900899169334,58.41259638045199
352,na,25.22034407641584,34.37284264099498,45.638068654761184,50.2125962024288
353,na,36.75032382424384,73.44955552762298,54.232437046671166,56.89090262722328
354,na,22.887156640449113,36.0452684696441,18.01309547905603,22.92875864737961
355,na,52.45635889097806,72.06268972707302,41.61843466795689,41.82586350371523
356,e,17.805102586162874,19.786860218529345,9.378216419494395,101.66340766451182
357,na,17.62850687799985,19.39708869983537,14.636641679903631,16.933841211790018
358,na,19.494881863153644,21.135200146111693,27.532858220348842,32.62518958342598
359,na,37.72145926656868,64.50341720020698,32.66238213493977,101.66340766451182
360,e,111.10981764804116,111.10981764804116,21.62976158651304,23.42347017267758
361,na,39.36637697454977,49.06375463352961,101.66340766451182,101.66340766451182
362,na,28.516414866892227,29.249951016332826,23.227039340485728,36.84875389356001
363,na,16.776386619309797,24.495365473305966,19.17675379061666,34.414285094190156
364,na,29.793724495780125,29.917860695555955,10.282584001504798,26.233558092905543
365,na,22.723721872630072,111.10981764804116,18.41133704223283,22.045002889015997
366,na,24.994544805863956,37.901904156407426,16.74849504824634,31.340814218407132
367,na,22.538526356817957,25.58849847258445,21.034701923643865,23.292024884776037
368,na,35.62940904610935,44.83759184619445,101.66340766451182,101.66340766451182
369,na,38.48683760922529,51.27740300483435,18.031475307443557,63.743020540571585
370,na,111.10981764804116,111.10981764804116,23.223163254046757,41.18974449991428
371,na,26.26479477449084,32.41083755968466,18.039343744078487,101.66340766451182
372,e,111.10981764804116,111.10981764804116,32.09099908269228,45.18903776812506
373,na,45.238028605418094,65.41005701131922,52.64245062000692,54.12540856910848
374,na,33.38814418305884,47.04836665077789,27.15331697127189,27.904545989123758
375,na,33.94900125835289,58.737942661143066,34.40093628889457,39.79421028219647
376,na,43.82610553261986,111.10981764804116,101.66340766451182,101.66340766451182
377,na,111.10981764804116,111.10981764804116,101.66340766451182,101.66340766451182
378,na,24.236055000518427,56.232241582470095,18.510530547901116,101.66340766451182
379,na,24.013837564943092,24.339951277409057,20.411557335225208,28.91741286414954
380,na,32.46952218792257,111.10981764804116,28.074097098565165,34.09594331032153
381,na,60.428142422056105,111.10981764804116,27.648687829399286,31.273336478366943
382,na,27.04626215014558,33.93757599529526,36.430017578744064,61.89024508926806
383,na,25.779590473840102,46.401605976277146,30.607973779128145,32.82868255549303
384,na,111.10981764804116,111.10981764804116,24.548217823309646,24.893158534401024
385,e,111.10981764804116,111.10981764804116,34.59934538262119,35.87408500466424
386,na,32.94515656839337,111.10981764804116,42.68795798167394,48.344190030053326
387,na,20.670758374439366,21.210958887462088,17.603352987029055,29.19369944684568
388,na,9.654627937148401,16.122779909343578,16.14461383694912,28.835081337801128
389,na,16.54692516182193,19.55417727302573,19.48063373674366,33.22608987233953
390,na,24.690911473450498,33.23958497399254,32.25793430640946,38.433780655111455
391,na,12.706267670530453,14.765266706658561,49.98268812924372,73.30412360235172
392,na,25.28105878191603,29.928725044788536,22.345160781241187,32.981153223155665
393,na,36.22531151159721,43.20745520963526,19.3794473079975,20.518575071800665
394,na,111.10981764804116,111.10981764804116,101.66340766451182,101.66340766451182
395,na,33.87067725202642,60.502425195269204,34.34591131952644,36.56506085288723
396,na,25.740337361460433,38.77026316453928,19.603688281981896,101.66340766451182
397,na,12.015879823890709,27.31442920037451,16.154196699177227,22.06248454625101
398,na,111.10981764804116,111.10981764804116,32.8367071911591,40.6882801429114
399,e,111.10981764804116,111.10981764804116,37.17207927078501,46.604626446872366
400,na,43.36118422273416,111.10981764804116,39.146921915369624,45.19611251361647
401,na,16.56521274364031,32.519782868711665,19.64090645490832,35.77614848789535
402,na,36.287377904863135,55.12608005911782,24.30168772948028,101.66340766451182
403,na,29.632510579061375,43.39248399055184,101.66340766451182,101.66340766451182
404,na,21.305430899380717,111.10981764804116,10.09870335409479,11.713597828456658
405,na,111.10981764804116,111.10981764804116,21.559863975959303,28.566227714674472
406,na,50.83702146477933,60.0466894517193,101.66340766451182,101.66340766451182
407,e,111.10981764804116,111.10981764804116,18.04273690501127,21.10966948959596
408,na,21.852306352858452,37.485570606675715,11.846794903588309,29.98296295480394
409,na,20.680646165413307,24.61311099002158,30.090915175707398,32.77773634093406
410,na,111.10981764804116,111.10981764804116,48.27107560526099,101.66340766451182
411,na,20.074583818338645,26.374467634032726,23.67119811023621,56.00128310153126
412,na,38.40851171822723,111.10981764804116,101.66340766451182,101.66340766451182
413,na,30.76210723764415,111.10981764804116,31.703205995638644,47.03890709390142
414,na,45.901216763634864,61.63382302587649,31.85466299171884,51.603141405362535
415,e,111.10981764804116,111.10981764804116,101.66340766451182,101.66340766451182
416,na,31.117781276946303,60.536875980403416,25.285917684092226,25.995701558571096
417,na,29.653040653749287,33.64544554556263,101.66340766451182,101.66340766451182
418,na,44.186492195350795,85.99846992536371,20.44474988969086,42.667486661985436
419,na,32.924439217429466,111.10981764804116,21.969517806366806,101.66340766451182
420,na,21.80285326689792,32.6302744183634,33.54034063932882,39.15460978711358
421,e,111.10981764804116,111.10981764804116,101.66340766451182,101.66340766451182
422,na,20.269851855636812,111.10981764804116,20.485548522321047,31.019750923961976
423,na,37.92798422694906,46.8913632728794,101.66340766451182,101.66340766451182
424,na,17.59479500278783,30.29725438203575,101.66340766451182,101.66340766451182
425,na,44.46842589768238,56.73696670320151,12.57013198070321,17.321171905513577
426,na,18.746831583591263,23.84210996338688,16.491274462214143,30.706175025086996
427,na,29.443290140188164,111.10981764804116,21.410714670831243,32.48379568710215
428,na,19.403902824331123,35.05361849991199,15.126150391339259,15.959509437113892
429,na,23.439960291486244,43.53322716231227,20.87375340347356,24.38740908631586
430,na,19.7006880780862,24.467522014685496,24.903001393967397,69.83533017493653
431,e,111.10981764804116,111.10981764804116,101.66340766451182,101.66340766451182
432,na,111.10981764804116,111.10981764804116,16.9100757554508,17.126331736270245
433,na,38.726029760395804,43.65381389351922,76.3019932908153,77.53918960941749
434,na,1.3593511813543402,39.81962623180571,0.7744825052329906,101.66340766451182
435,na,28.589846743091154,28.713448764650657,21.576662169305333,30.93854374937147
436,na,27.89314901132187,28.470376048412874,26.88248869863587,27.06238000591906
437,na,13.228390042360678,17.688446053902496,21.80539981404093,25.582264766580924
438,e,111.10981764804116,111.10981764804116,32.974307387464656,38.036997018322126
439,e,111.10981764804116,111.10981764804116,101.66340766451182,101.66340766451182
440,na,22.386029008900387,64.86315491449517,27.853943337617,35.92031630295149
441,na,24.68011235937794,45.87003995611971,14.618606186942449,23.44049575697964
442,e,111.10981764804116,111.10981764804116,50.39913381243488,70.39773073976947
443,na,38.21506091311347,47.68450024177523,33.79305406726927,88.48493896011927
444,na,18.035322560896486,48.89678973407241,27.30343265729212,27.798499948846263
445,na,31.439659062493494,39.99666226586081,14.797277771524099,22.366373410590505
446,na,26.35332262048952,50.73055251021009,54.21129752875702,54.27191951673523
447,na,37.505084803257965,52.31937665779884,23.90309999273913,44.70029199559622
448,na,14.306912163243837,111.10981764804116,22.484035800735523,40.724167709499795
449,na,24.645552020400125,24.999521644733566,19.15083337538458,23.05001389817794
450,e,111.10981764804116,111.10981764804116,101.66340766451182,101.66340766451182
451,na,23.75511368219823,24.55176710765045,16.438613874272054,101.66340766451182
452,na,0.7134234236697655,1.117176827202668,6.865357238328203,8.42436981111358
453,na,82.94862344455044,111.10981764804116,18.280801777821562,20.531204931919614
454,na,111.10981764804116,111.10981764804116,28.24457186256847,31.68631054298283
455,na,26.830889043281907,27.002297115189982,16.7500025526723,101.66340766451182
456,na,111.10981764804116,111.10981764804116,101.66340766451182,101.66340766451182
457,na,18.898272230705075,30.788189903801754,19.895356133651052,101.66340766451182
458,na,111.10981764804116,111.10981764804116,101.66340766451182,101.66340766451182
459,na,111.10981764804116,111.10981764804116,42.49323131142057,60.7355112302867
460,na,41.58174658359296,42.672993107294765,23.04488077489955,23.354430578429824
461,e,111.10981764804116,111.10981764804116,31.58686018172543,48.43482534496631
462,na,21.87455968327484,25.032138263732016,24.079301211833954,36.873928298203055
463,na,16.598943809858486,26.1399744766343,9.881496644296242,14.366484618016647
464,na,111.10981764804116,111.10981764804116,101.66340766451182,101.66340766451182
465,na,21.97053222210723,22.27833959747569,26.680402687134396,101.66340766451182
466,na,111.10981764804116,111.10981764804116,37.21905439873088,43.82039791141314
467,na,21.691846035250585,111.10981764804116,19.115237293469924,45.576497460555125
468,na,23.610818180512645,111.10981764804116,15.117762916881665,24.000210749154466
469,na,28.78980697004038,33.18545155284542,18.37834121695133,55.22966801372905
470,na,111.10981764804116,111.10981764804116,101.66340766451182,101.66340766451182
471,e,111.10981764804116,111.10981764804116,26.94318923213675,101.66340766451182
472,na,22.323966858993412,111.10981764804116,27.561366697968428,38.52925252335626
473,na,19.538760998497864,111.10981764804116,18.611171024386138,23.018515153691
474,na,27.501456373388876,37.75734262415003,31.72492848890043,39.677105202547686
475,na,21.15098976453373,28.24297637241422,17.07243119456185,101.66340766451182
476,na,19.631752769882866,26.26927543774514,11.291653189258101,20.465632147148135
477,na,111.10981764804116,111.10981764804116,24.176322392815507,30.955998263393298
478,na,20.257864410022883,23.985702972367566,27.512448737436355,30.71636230402985
479,na,111.10981764804116,111.10981764804116,26.198774714518468,28.439048485420688
480,na,30.22909118928779,32.89898601119848,41.40600539003152,101.66340766451182
481,na,22.885854777881576,30.56403031027721,18.71559779223859,32.11906959121879
482,na,22.590200254180306,34.599397497977805,14.953395492493263,26.854646500995624
483,na,30.756560079331642,33.226284559545405,7.861739922646711,30.22883817504881
484,na,11.765760081567707,21.25303881251208,18.98956460727307,21.048817049758053
485,na,111.10981764804116,111.10981764804116,13.619483047276786,30.03400124034526
486,na,30.321432035306543,39.759547737046255,28.562166449095255,29.50954624530086
487,na,19.697364412994805,38.570201334209315,20.297470619880002,32.68637619576016
488,na,25.640094559757866,111.10981764804116,57.45192504318852,67.27374535929667
489,e,111.10981764804116,111.10981764804116,40.887753898419795,58.91995398747434
490,na,14.680146201814253,18.656183304441576,14.135408671520487,101.66340766451182
491,na,28.714885233462386,29.29585547294306,19.66440750799903,34.66483891838395
492,na,14.346162628738579,18.92303445656462,45.5122691479086,68.00120695557716
493,na,111.10981764804116,111.10981764804116,101.66340766451182,101.66340766451182
494,na,30.579741735252178,46.237664024869815,33.25522726695624,41.90272960933509
495,na,18.72900483826109,47.49119102046502,32.6110124506051,101.66340766451182
496,na,29.139755516614148,45.03823042739865,28.098731241611308,53.45965671744754
497,na,36.36403654407554,42.80620456577896,27.954433927802654,101.66340766451182
498,e,111.10981764804116,111.10981764804116,26.766249027661445,34.43696579697458
499,na,14.850473121741416,111.10981764804116,17.952185350915958,101.66340766451182
500,na,13.205802165515989,14.34388484708058,20.789358939814484,38.81783258405096
501,na,111.10981764804116,111.10981764804116,101.66340766451182,101.66340766451182
502,na,20.148718856245456,22.99678088848873,25.865783125942883,41.821279880880226
503,na,111.10981764804116,111.10981764804116,23.839413437410137,24.09680007520751
504,na,44.283868642864704,48.71498902692335,101.66340766451182,101.66340766451182
505,na,20.49800423474987,23.881697349110954,19.27440763898395,101.66340766451182
506,na,36.59353474056733,111.10981764804116,34.294239003855594,38.26714187111604
507,na,17.735978526109978,47.49878899133593,14.69483315714419,23.143449813317552
508,na,18.04244828781096,32.76004737037245,22.53040431212989,101.66340766451182
509,na,29.623472409130027,43.48163657423946,37.28069910967328,41.49416422481365
510,e,111.10981764804116,111.10981764804116,22.263428378185743,23.329086243471117
511,na,37.32038113732206,41.28072379295943,19.0934937651921,26.502985371410894
512,na,0,111.10981764804116,0,7.6402297753797885
513,e,111.10981764804116,111.10981764804116,47.98644846660903,65.07243273506849
514,na,51.535149290222066,56.3363381877199,101.66340766451182,101.66340766451182
515,na,17.050971541872823,111.10981764804116,17.10096724869173,101.66340766451182
516,na,12.552221114884043,12.649931321242772,19.851165291652492,25.463113171386333
517,na,23.115762503272034,111.10981764804116,19.13700811424067,36.13954843423272
518,na,30.769970390990164,30.817680593510755,39.428163884736165,43.37348146590135
519,na,111.10981764804116,111.10981764804116,38.293683013367094,41.159400011781806
520,na,28.646696315986734,111.10981764804116,38.7931730369085,53.96390880429856
521,na,22.100175844329893,23.295368363699414,41.936825143705526,52.58507423487025
522,na,34.69635887470805,111.10981764804116,23.02261594399447,33.781612610132754
523,e,111.10981764804116,111.10981764804116,101.66340766451182,101.66340766451182
524,e,111.10981764804116,111.10981764804116,23.02558925316185,44.60764848584442
525,na,32.69057392141172,111.10981764804116,101.66340766451182,101.66340766451182
526,na,27.347467149384997,81.76826056776419,25.150850806365998,29.02580060938074
527,na,18.88152175707741,22.622209689776458,26.439460328689428,30.479585545510044
528,na,27.860686137823148,111.10981764804116,27.172417503391657,43.29282366373452
529,na,111.10981764804116,111.10981764804116,101.66340766451182,101.66340766451182
530,na,46.49946155902582,60.41338707618023,39.89055868082074,41.66973749184162
531,na,35.55635889278675,111.10981764804116,101.66340766451182,101.66340766451182
532,na,111.10981764804116,111.10981764804116,21.400039753155067,25.471573088911292
533,na,111.10981764804116,111.10981764804116,101.66340766451182,101.66340766451182
534,na,111.10981764804116,111.10981764804116,101.66340766451182,101.66340766451182
535,na,15.645038441520654,17.26290150304451,31.018543199683172,32.594672063523596
536,na,27.3846418857541,33.688460942045076,26.583514796459955,55.246403073746265
537,na,16.45749493234421,23.122459948498133,45.5954673367097,101.66340766451182
538,na,31.70703279751676,37.19708817906316,30.514564018837564,30.842204389224396
539,na,33.81013735179102,111.10981764804116,20.752093156656063,51.17206692152548
540,na,111.10981764804116,111.10981764804116,26.626751901690657,43.88726870715866
541,na,32.21053070797514,66.59202162322885,24.731022931959668,31.173416140153524
542,na,34.85611347501021,37.90698936170882,13.665923736362307,21.37580234921154
543,na,28.85005661953702,32.62605416792986,35.83287719160296,52.16334040834059
544,na,33.525729799808154,51.45593536735138,20.688683559122236,34.52285140758915
545,e,111.10981764804116,111.10981764804116,19.43212405832157,22.793604077764343
546,na,111.10981764804116,111.10981764804116,38.33626218829623,50.319149046750006
547,na,24.924423494791153,28.851052123463546,27.47166275190499,46.800405576506186
548,na,56.578542805984064,62.796479210169075,20.925985392923693,25.451979628341626
549,na,46.0058311515505,48.20680327216055,34.50280040116243,40.23925938372752
550,na,12.885914740244546,111.10981764804116,16.69820195394539,17.481953496968504
551,na,33.114020696976965,34.122691601541455,11.853633957414235,25.267476410473662
552,na,33.528630448192644,34.062590423629445,101.66340766451182,101.66340766451182
553,na,37.005966640518665,111.10981764804116,19.456826933934543,56.02437250607614
554,e,111.10981764804116,111.10981764804116,18.230513044265056,23.275315387325396
555,na,19.63683754231827,22.125012274074304,28.34655783077299,52.162804789436095
556,na,7.662580035283151,39.865830448088396,26.803407931509806,50.04088799538463
557,e,111.10981764804116,111.10981764804116,25.391481394946087,101.66340766451182
558,na,20.49312272790488,111.10981764804116,22.96650824496214,53.86355798092436
559,na,111.10981764804116,111.10981764804116,32.73240015406404,39.482541805757
560,na,111.10981764804116,111.10981764804116,101.66340766451182,101.66340766451182
561,na,29.974308127576784,80.84269762589993,15.51742675145331,15.943623815350959
562,na,111.10981764804116,111.10981764804116,25.809250564159967,39.41409015461865
563,na,58.28022253477856,68.85112458649508,34.76779865864464,76.65894074941906
564,na,22.620646705423116,111.10981764804116,17.939228575646368,21.99102677432183
565,na,27.658391301650926,111.10981764804116,19.96612986221042,55.56956934847452
566,na,23.459875219945292,40.444777262654945,21.595107109395762,27.769982427894664
567,na,111.10981764804116,111.10981764804116,101.66340766451182,101.66340766451182
568,e,111.10981764804116,111.10981764804116,101.66340766451182,101.66340766451182
569,na,29.052807764728463,75.58234333777075,24.52702478494519,42.88655759029841
570,na,111.10981764804116,111.10981764804116,32.92110358033544,49.81609123805885
571,na,30.82972004111985,111.10981764804116,37.30274297125213,52.79778171262227
572,na,20.934275435505395,23.198262262566796,101.66340766451182,101.66340766451182
573,na,23.405893159311667,24.326043495949996,24.679835415486835,32.716591763059576
574,na,111.10981764804116,111.10981764804116,21.959531890094077,25.185726912798224
575,e,111.10981764804116,111.10981764804116,101.66340766451182,101.66340766451182
576,na,51.04417801998741,111.10981764804116,24.551145889312885,27.31851857732527
577,na,18.391915593270046,21.46459485509855,21.956389817982874,31.117243365929845
578,na,17.231565069774167,17.959891065555684,37.301508697765456,39.56469662017954
579,na,28.865899113747087,64.12888157334865,26.27553031861578,26.435346462577076
580,na,23.835064420836723,38.4704623491108,62.25240965755821,74.89940971268464
581,na,28.947125385235825,30.20705637334426,101.66340766451182,101.66340766451182
582,na,40.71255025619652,44.27024340219294,44.29542899392353,44.653739156644534
583,na,111.10981764804116,111.10981764804116,101.66340766451182,101.66340766451182
584,na,21.02019987229344,22.2980156903231,5.473781767245518,14.855251679084432
585,na,18.25965646265189,27.024912038224656,18.926084829782884,37.610279764081184
586,na,40.23914105237161,57.03755334634956,20.80270978358047,23.23289428030239
587,na,36.1011221849151,39.795637901265124,16.457842751712683,101.66340766451182
588,na,29.51831551427733,32.70378387042583,101.66340766451182,101.66340766451182
589,na,111.10981764804116,111.10981764804116,24.003290243252028,54.863037226127986
590,na,30.993740845444144,33.82348106007669,21.37418882181918,21.826680191643216
591,na,25.24635747138954,32.139805232306884,36.63255892304598,40.14622130142423
592,na,111.10981764804116,111.10981764804116,101.66340766451182,101.66340766451182
593,na,40.393528500384,62.411393578389884,22.22621612620347,101.66340766451182
594,na,111.10981764804116,111.10981764804116,38.222276056161476,40.84888692239073
595,na,29.40855253029958,29.550386103926886,23.329012683055442,35.424574857699724
596,na,8.393848774016886,16.398890152334992,22.042634324760876,23.63107361344077
597,na,111.10981764804116,111.10981764804116,101.66340766451182,101.66340766451182
598,na,20.441125399212225,20.6882400493953,27.72602452147994,28.935827247528913
599,na,37.12782844728455,111.10981764804116,32.68202667805203,101.66340766451182
600,na,27.443449681315997,28.728233395135106,34.20382003071053,35.29931528500848
601,na,20.241146931391537,31.083297921012147,30.508653259738484,48.890726818319166
602,na,16.456758792522756,31.392936373101275,31.263825617210273,49.19152029324651
603,na,15.998016099531297,42.66927089006251,18.73806937849116,29.6878739527148
604,na,21.89556259976951,29.526723455449872,30.821080123405324,51.70948398126714
605,na,17.316146000039925,38.366350590233544,26.475130488837955,50.2246704549903
606,na,21.33370709720653,37.30664822599273,35.72218110519407,42.46514173189266
607,e,111.10981764804116,111.10981764804116,23.842595569776762,31.95488740538791
608,na,27.15010491738622,111.10981764804116,12.247467930716502,32.041677041637435
609,na,22.278665252527716,24.549196025310405,12.532180739102037,16.20586515669148
610,na,17.20810033703982,19.71647925883337,28.623663095475013,30.525181142124573
611,na,40.021394099764706,41.074714034490064,64.81408052221855,66.19079027882206
612,na,36.21129833571579,45.16460360901574,23.376639989118388,34.41648703957969
613,na,24.675537995656004,27.845427620936672,20.721282334233507,23.423112730758614
614,na,28.65617606567116,38.302567204950456,101.66340766451182,101.66340766451182
615,na,25.858316287549915,47.60185099152182,32.38510319440606,101.66340766451182
616,na,35.513356141779326,37.29932421057551,35.98428639891064,39.14279661309465
617,na,111.10981764804116,111.10981764804116,28.315996012463323,40.706513840315644
618,na,42.1810788693212,45.59415538540805,34.63576546412681,101.66340766451182
619,na,41.54906240203763,48.42393674752385,60.489281364988294,60.50225958937314
620,na,23.61623232798195,31.30013932413129,29.36926704161935,54.70387030706521
621,na,24.7171391907848,35.42601761053117,21.12174572619054,21.4455394819404
622,na,34.181570487341766,47.64992642212789,16.10503214617075,21.806528162924018
623,na,39.3342120364426,45.91784386682313,23.680847635644415,101.66340766451182
624,na,31.521527206720833,33.220555254210886,19.768293441329313,101.66340766451182
625,na,24.1958745195947,111.10981764804116,15.21084015091845,101.66340766451182
626,na,12.8458556133062,28.304742090281334,16.010538064564077,42.155932569912224
627,na,15.522344612676992,26.865397092111944,16.363453162010344,101.66340766451182
628,na,28.39916308095478,111.10981764804116,101.66340766451182,101.66340766451182
629,na,12.370639136803009,16.171079345685396,12.687785256178133,23.437046053747533
630,na,27.57765104572632,31.770062953902368,46.73848922813498,47.92731077761044
631,na,34.52957600600556,36.96682827911872,30.83892364765287,39.17067422263301
632,na,18.250346124537,21.879049893988423,8.04728046723714,11.828115817493922
633,na,28.06617003734977,44.86600671318552,25.531880204780162,101.66340766451182
634,na,111.10981764804116,111.10981764804116,19.675056323611567,42.441336919719724
635,na,29.83779407905291,63.72585920652337,46.35327688639775,101.66340766451182
636,na,19.392407179124934,19.816263185855547,8.954176707465427,11.220206538955786
637,na,40.02237836178462,42.27960506448682,26.81920971874834,26.93851921941542
638,na,10.456644047947872,14.012429699942457,6.569432768531864,15.682041213222709
639,na,57.94519011899384,69.13345250597315,27.353687210254304,33.32875778541414
640,na,20.15081924518273,32.612255825304835,19.215835852782575,39.79049136293334
641,na,34.924759559259385,46.36007874668376,101.66340766451182,101.66340766451182
642,na,111.10981764804116,111.10981764804116,101.66340766451182,101.66340766451182
643,na,17.557917024456298,111.10981764804116,101.66340766451182,101.66340766451182
644,na,33.8691136212198,33.879681682202985,10.189518320858507,37.399682157424984
645,na,20.390761362587998,27.68412197111423,4.464487220896228,6.802066804891778
646,e,111.10981764804116,111.10981764804116,101.66340766451182,101.66340766451182
647,na,38.97459462020432,44.614846758575396,54.41469358209569,57.213759368443114
648,na,21.08052085417219,23.242425120996636,20.139721318101273,27.4726018246723
649,na,22.51574722831718,111.10981764804116,22.154617897715664,36.72978721853932
650,na,32.817810998711195,46.76047998365693,38.49005757118189,44.11419124711566
651,na,32.52030275062545,36.97356866816396,27.505754578652525,28.040679594003432
652,na,20.113071373207784,20.632553139207264,29.075942172510423,37.19878706271301
653,na,19.043328701862645,22.91749237303033,11.638004233099359,101.66340766451182
654,na,27.24970836790551,37.473215629801395,11.739570833113053,17.20266608889827
655,na,13.937520548666745,18.608331850693336,25.442872326174196,33.158959369656074
656,na,27.28570428318643,33.736675150592134,33.910045969788335,101.66340766451182
657,na,111.10981764804116,111.10981764804116,101.66340766451182,101.66340766451182
658,e,111.10981764804116,111.10981764804116,23.27964475806006,37.529875596789545
659,na,111.10981764804116,111.10981764804116,13.869110161301773,16.98685127295319
660,na,15.014176325447654,16.858082825188127,39.97656589415336,53.580445886086494
661,na,29.85020379712693,35.26232938062821,101.66340766451182,101.66340766451182
662,na,27.661719161653625,29.632866445080168,22.38905417047819,25.69206101055713
663,na,20.2931513887713,31.40164192893584,23.13011169891039,24.51207567778798
664,na,33.0693501819057,44.98931041495524,32.8942520915308,52.40164793784528
665,na,111.10981764804116,111.10981764804116,57.600260692042326,60.263074024245824
666,na,111.10981764804116,111.10981764804116,101.66340766451182,101.66340766451182
667,na,111.10981764804116,111.10981764804116,16.38979653860062,34.05557340015576
668,na,32.32926123720075,60.54796505976044,30.575615964312902,46.24256969067577
669,na,26.553950823698738,111.10981764804116,23.326909455750013,68.83558329555262
670,na,111.10981764804116,111.10981764804116,54.362011250285214,101.66340766451182
671,na,21.326450038067062,25.074277038405754,29.667789487105257,101.66340766451182
672,na,28.991141756825666,44.465786158963226,20.276717616056672,32.294371383080716
673,na,41.10363396517271,111.10981764804116,21.475321331486292,46.346759007887776
674,na,29.101703469192625,35.97367346419642,13.80642166242342,32.51015249890301
675,na,37.9926219562107,38.973737760450454,101.66340766451182,101.66340766451182
676,na,20.588710831695163,48.75079606197575,13.02004991491448,21.345944650325674
677,e,111.10981764804116,111.10981764804116,14.627905276261295,22.814644130101616
678,na,5.445812663557318,16.434725497524962,9.84030703482687,30.869590827807738
679,na,111.10981764804116,111.10981764804116,23.881679005323452,101.66340766451182
680,e,44.45741852797085,46.18773414277309,28.187650918763634,44.197032134483365
681,na,19.88372473913565,28.85765453237177,18.671397347630258,23.478316895609208
682,e,111.10981764804116,111.10981764804116,22.252535768295992,59.18853190016357
683,na,27.675581703340242,28.669495922070684,49.97319061254082,51.34684895884697
684,na,17.834175962020236,23.78947755923453,6.617689255028349,21.41547923422653
685,na,31.484850562471443,33.58582397538757,14.469430802849196,18.711234883361517
686,na,24.935094404085177,111.10981764804116,21.18195860281268,29.88936031964505
687,na,30.805447942451583,33.31727617923634,17.51349474551626,20.484296494575087
688,na,26.954144672775232,29.339797795114972,14.219033356247591,31.644180100164075
689,na,32.250055618292265,45.899455110951145,9.712824404699349,24.805178979667936
690,na,16.59933096310473,111.10981764804116,19.601695744910646,22.11416915803127
691,na,28.43732662764069,111.10981764804116,44.09356586269271,101.66340766451182
692,na,45.350872500254006,52.80222600161356,25.576269379392496,61.92988135453687
693,na,111.10981764804116,111.10981764804116,101.66340766451182,101.66340766451182
694,na,25.123564211595628,111.10981764804116,23.176770200016712,30.836446188366903
695,na,30.876641696723816,31.77791625246035,32.816719145628795,46.51258070213801
696,na,14.443427917441007,47.82675969141947,15.688001826829352,24.490423666531647
697,na,19.830616073283537,21.98848009604461,101.66340766451182,101.66340766451182
698,na,111.10981764804116,111.10981764804116,101.66340766451182,101.66340766451182
699,na,15.539159732451402,32.861763410639426,8.367183003836665,20.099232508518575
700,na,36.15987013346982,44.730594436469914,18.606283642796992,47.81653891133294
701,na,19.256480072163807,25.737310458346784,11.46319821880475,15.097004137741052
702,na,27.157441517036688,111.10981764804116,20.49920511248317,45.82411457216234
703,na,111.10981764804116,111.10981764804116,37.92581720320019,43.175351429693734
704,na,64.63625964201829,111.10981764804116,45.09985316327417,50.46557902274247
705,na,111.10981764804116,111.10981764804116,23.2590129040703,31.52305030551868
706,na,16.440719815345943,37.57541868403543,13.276676527818305,21.04503419692637
707,na,20.300598683547257,25.60870648793365,22.746171759046423,38.05969721327779
708,na,26.28136300265473,111.10981764804116,13.514947646561387,28.996612018645923
709,na,31.098133567462376,111.10981764804116,24.046249105066792,25.037203187465224
710,na,29.235419584273217,34.1861034021106,23.494761490904608,31.29963406441747
711,na,16.273243592128782,16.456388006534443,17.66519135482054,18.087802504145138
712,na,12.16273410206618,17.928418806731283,25.905198386013197,41.08180259019723
713,e,111.10981764804116,111.10981764804116,16.323404808042945,18.269580027281346
714,na,16.478261669082162,21.763978472469923,22.10284490973552,26.78233854838914
715,na,111.10981764804116,111.10981764804116,31.45540079983882,47.58609580166933
716,na,50.48549654613205,54.26782468417958,15.38698300178473,16.955997225684317
717,na,34.27614264059326,36.314393988342566,19.82547411985249,28.77291397798716
718,na,27.42337993436733,27.597327079962998,20.188641850475452,25.66857447907955
719,na,40.42017686557795,43.038121027834066,101.66340766451182,101.66340766451182
720,na,18.36192963981727,23.461926542609504,28.303110334144854,101.66340766451182
721,na,111.10981764804116,111.10981764804116,101.66340766451182,101.66340766451182
722,na,53.204555059864646,111.10981764804116,2.9919808939877606,19.6349822045458
723,na,111.10981764804116,111.10981764804116,101.66340766451182,101.66340766451182
724,na,111.10981764804116,111.10981764804116,101.66340766451182,101.66340766451182
725,na,26.21372922189753,48.77056929789077,36.446018599485086,44.997540927618566
726,na,23.076223793344212,25.84365137285554,29.175804885999874,31.15456636030492
727,na,23.14263045278251,24.738864536529476,19.818357817519285,21.028049151083867
728,e,111.10981764804116,111.10981764804116,29.462625237981428,46.87277200106916
729,na,51.81861575600608,55.52975857602587,45.60255141523339,47.3152887573359
730,na,26.82018906693638,111.10981764804116,7.367742455494281,101.66340766451182
731,na,32.44177122468738,32.9513375875064,41.24197869020469,49.77004218242598
732,na,16.516591129817037,33.9630473049175,18.100850789506577,27.532362847688947
733,na,33.3196064224803,73.90769913726288,32.79284121002462,39.05192394324814
734,na,25.789261692071435,29.066169688559444,101.66340766451182,101.66340766451182
735,na,49.47874990294998,49.672350786044596,38.95860699152445,46.79087503609007
736,na,39.9293406154125,111.10981764804116,20.635683182033592,36.803069882266904
737,na,29.77158454765089,30.621646102886128,27.859436442552887,46.20135446732002
738,na,30.556577153859493,98.55028128331631,25.39540917506791,29.15779735833561
739,na,27.88218326113156,28.66270561300366,36.2947475044932,43.219831625594715
740,na,31.075217864665216,31.494714083826345,18.55492462864856,20.99104941605234
741,na,14.799760678434318,32.822873598316356,10.730156581327504,28.215118136690567
742,e,111.10981764804116,111.10981764804116,101.66340766451182,101.66340766451182
743,na,20.328759136069195,22.333397872808433,15.917620966061833,24.62842340652031
744,na,35.29958348020285,42.27124892501227,18.57282455735397,18.878760918916804
745,e,111.10981764804116,111.10981764804116,40.381895960110825,101.66340766451182
746,na,111.10981764804116,111.10981764804116,101.66340766451182,101.66340766451182
747,na,111.10981764804116,111.10981764804116,101.66340766451182,101.66340766451182
748,na,37.30610545785692,111.10981764804116,20.915714383518683,21.16497931571606
749,na,22.008168765101352,22.186818469358737,34.56043153075276,101.66340766451182
750,na,21.610532816705874,28.02821212559663,29.117790710620238,34.861339915159256
751,na,35.66053709991895,111.10981764804116,101.66340766451182,101.66340766451182
752,na,77.69661652841884,79.37491851563598,41.534862045702695,42.96139807466573
753,na,32.28123648065799,111.10981764804116,101.66340766451182,101.66340766451182
754,na,9.007129317139444,16.347654947874656,29.410423817005125,33.15989391739663
755,e,111.10981764804116,111.10981764804116,101.66340766451182,101.66340766451182
756,na,26.571642952065332,43.35355838635751,27.59116382651226,43.80747756216191
757,na,24.568450230359392,49.36808799823588,13.190230456758272,21.552539131793225
758,na,42.208428882810956,44.20853620838811,14.91665905311378,101.66340766451182
759,na,27.581224386334842,28.870073371636188,101.66340766451182,101.66340766451182
760,e,111.10981764804116,111.10981764804116,41.092529084558,62.07310152637546
761,na,18.104692933836056,32.963503941826644,18.61627840145431,27.10722441854767
762,na,28.44736910613083,29.829499422199245,34.328147189376224,36.14638815426913
763,na,16.616594456036403,19.08753236583415,24.1484155370846,29.358274061617774
764,na,57.59927216084613,111.10981764804116,101.66340766451182,101.66340766451182
765,na,32.38725573884237,42.36762063397212,33.56298386866782,35.03183301410555
766,na,38.423538227830164,111.10981764804116,37.6152727514175,56.935702440037105
767,na,39.091719554415185,111.10981764804116,101.66340766451182,101.66340766451182
768,na,25.452176266326706,26.84099171577171,16.7375535604208,29.791976166845554
769,na,26.897533444199002,29.954840275096483,25.05710986367814,33.11460334019047
770,na,26.921230450845854,37.780442835103486,32.67716009702526,55.877597978067044
771,na,17.042412673095473,19.286918018625883,24.344017563051736,24.518892609044904
772,na,27.961558815809703,40.66780291953156,11.775704517570531,17.618282935503878
773,e,111.10981764804116,111.10981764804116,21.456452929818663,33.903799466322376
774,na,111.10981764804116,111.10981764804116,101.66340766451182,101.66340766451182
775,na,16.163831186221923,18.129717450452528,17.750725518659866,41.887091486453784
776,na,9.896677490606626,10.578102770979207,10.04207417125755,21.689674552954216
777,na,46.53491024544574,66.84780610420249,9.740675077603473,23.696879662920377
778,na,12.623072678238335,20.21433580932438,2.8002730217074556,11.106013441730608
779,na,16.205210206748674,43.29992330798995,45.03647435764829,50.53243190233529
780,na,111.10981764804116,111.10981764804116,101.66340766451182,101.66340766451182
781,na,28.370231975423124,30.96882606358864,24.796145852467344,29.527959954058517
782,na,31.748942990500193,32.22391024389231,17.086851633082873,20.17757329389858
783,na,11.7772621345176,22.473769200209773,19.7229604505975,74.80166081237142
784,na,25.286574451748184,34.75660267313256,6.8756692793012135,12.16098914448058
785,na,38.02852711375271,51.23821753288893,14.88618703434355,31.29795008180869
786,na,32.06040635663965,51.99280109358656,63.28291749254887,68.19136105650516
787,na,50.61517836623079,111.10981764804116,25.191047161082913,29.026852823227234
788,na,17.68965163934648,20.575832752740876,9.354452177817812,26.551207022564224
789,na,17.275521759404327,21.105729829309208,32.63336718249078,41.23512593295551
790,na,111.10981764804116,111.10981764804116,47.8183954674803,67.39410681274346
791,na,111.10981764804116,111.10981764804116,34.72730595862633,63.21646837146853
792,na,32.97256811036519,57.00561005585222,19.237800655262305,36.35585809912116
793,na,45.213116418433366,54.229896259544255,22.91535352652273,24.874121339920812
794,na,37.68691039466023,54.1095418737441,101.66340766451182,101.66340766451182
795,na,23.573135020814945,111.10981764804116,19.746067004542756,29.151938919798113
796,na,111.10981764804116,111.10981764804116,26.279716308477564,50.40790194629229
797,na,40.03601955393178,41.84029745612065,5.762675357638106,18.55714269213707
798,na,16.388807382536214,18.094746321430232,38.17788012749687,39.08368349252388
799,na,111.10981764804116,111.10981764804116,35.033568030597635,47.90339156916578
800,na,20.137885211902702,32.70571741543973,31.057481552517164,38.76146211612984
801,na,16.869649918891326,26.089163316353492,18.213613371469602,21.282561293354526
802,na,19.236130013319386,40.530300311486016,17.809996555269173,40.29410400315635
803,na,17.33664068319107,29.538290006937928,33.58639407170903,45.0617489979415
804,na,18.170374698104286,24.047573251065923,26.677100623073137,31.447335219856694
805,na,111.10981764804116,111.10981764804116,101.66340766451182,101.66340766451182
806,na,42.23550790256591,45.88843216250624,37.9666280154547,59.7557702288457
807,na,34.52221985754499,70.54166185420657,13.455635226464548,16.079699289335345
808,na,17.84834640473769,35.56273794347639,16.772828966340153,32.508341187477356
809,na,16.82487072230165,35.448533124162665,24.349723519605128,48.14884585847739
810,na,40.93282204701244,50.0490326356024,56.08295408867838,56.62349274499873
811,na,45.17115517675131,57.73579331313231,19.079578195767986,25.559100644525667
812,na,8.24341214415265,15.974093445243815,44.40416355130439,56.10082117946255
813,na,18.15845253895322,39.00921463331999,20.98731685877755,101.66340766451182
814,na,28.122576562166454,41.86313098032767,30.69180052631394,51.61676632169414
815,na,111.10981764804116,111.10981764804116,29.080224090358865,32.86700452537232
816,na,39.49420934602626,63.32902392021777,101.66340766451182,101.66340766451182
817,na,21.363216326289916,33.9455365403954,18.691589239761484,34.52708407205291
818,na,20.139229542628392,35.681965046936384,18.322666871997914,22.723918330952138
819,na,16.22608503228712,29.174686397982747,18.677266906779412,18.933579069017394
820,na,28.978413893659297,36.26522613371272,39.441387086871394,44.08900731512945
821,na,32.99290548835738,51.008921015741215,15.103833975871003,35.0168556982782
822,na,37.49569376564798,87.38091699548758,101.66340766451182,101.66340766451182
823,na,111.10981764804116,111.10981764804116,101.66340766451182,101.66340766451182
824,na,26.143935667765362,34.709480636759444,8.5275927262597,101.66340766451182
825,na,111.10981764804116,111.10981764804116,101.66340766451182,101.66340766451182
826,na,111.10981764804116,111.10981764804116,22.384123613443286,32.618524921203225
827,na,19.297186107794676,28.792283733109176,15.177226923976038,27.027464059089077
828,na,21.251920806098347,21.696059411951914,20.67660840662726,29.77888073835092
829,na,46.890746947469424,111.10981764804116,29.953781942289258,101.66340766451182
830,na,14.27729201280314,16.10336527414144,17.049727163075545,27.05182957667549
831,na,36.52409210284037,48.99994631891509,4.1160584030122385,11.246015904118224
832,na,24.70812911534002,37.3426225791129,41.3010990053608,45.38645349499811
833,na,40.76365798074528,41.58193326056192,34.24954138739421,34.90047858493809
834,na,36.78208066073542,43.233380168120995,101.66340766451182,101.66340766451182
835,na,23.143649748210336,40.13788162724903,8.120271876206049,9.605194313536233
836,na,19.415016531780243,35.49670131185349,6.396326921469173,6.479713609279213
837,na,28.004701421748067,111.10981764804116,17.260192823044875,27.89259337069683
838,na,111.10981764804116,111.10981764804116,58.06508446425736,77.17458793092842
839,na,17.15000521628545,27.987100934347996,29.579311924406824,29.589071025654967
840,e,111.10981764804116,111.10981764804116,34.667110148891354,42.89643076313654
841,na,41.800918023875354,58.72717303283954,101.66340766451182,101.66340766451182
842,e,111.10981764804116,111.10981764804116,20.72736222153684,33.20275468064906
843,na,17.271283721465043,111.10981764804116,19.584804518885605,101.66340766451182
844,na,20.277594450366095,41.161409030592395,17.255573908491098,27.399792648203782
845,na,111.10981764804116,111.10981764804116,10.274627963313431,17.2962126980433
846,na,111.10981764804116,111.10981764804116,101.66340766451182,101.66340766451182
847,na,15.544802148167408,111.10981764804116,101.66340766451182,101.66340766451182
848,e,111.10981764804116,111.10981764804116,18.05260831704571,29.428077711859856
849,na,32.75718766320947,111.10981764804116,38.18278772866059,56.6325417616109
850,na,22.990474415509354,35.58424540308671,18.735457365991515,101.66340766451182
851,na,10.529764279165866,24.425005824242298,19.971925858584058,28.303281229363158
852,na,31.131951762946297,45.156444835911394,35.322662884956586,45.6716366807868
853,na,111.10981764804116,111.10981764804116,101.66340766451182,101.66340766451182
854,na,83.3959025715889,111.10981764804116,34.51873344141237,60.38856366502145
855,na,23.234212629128507,44.10084885905937,17.945239467307808,19.501299429172025
856,na,25.346103502044866,27.792992930714934,18.26472526685858,38.441983586756876
857,na,20.823440444261387,39.3268973994765,24.189453733608342,33.946333398364835
858,na,6.62432512195147,12.043550867068578,20.032708133426546,101.66340766451182
859,na,36.69297789487994,43.551679725911754,101.66340766451182,101.66340766451182
860,na,22.41786963956061,25.410269428662463,25.717860740057162,101.66340766451182
861,na,19.175245066304,39.17761663294056,25.719817941718897,25.951267296264707
862,e,111.10981764804116,111.10981764804116,52.0304977005792,57.573206773661546
863,na,28.87176057781816,31.136944751841725,31.70769355792689,31.716415658737017
864,na,17.15106080822461,23.315986435629114,32.13280967913645,65.43528187360711
865,na,11.015629563580779,15.919764412008902,21.32516243916924,36.05182335106522
866,na,20.79616968332009,22.851848387576737,11.733480611883218,15.164826974535492
867,e,111.10981764804116,111.10981764804116,14.855847720518728,18.19486707540673
868,na,20.98884073989778,38.0026739833111,17.043956779761878,17.8274642784239
869,na,29.340009785303977,41.08305742117562,47.29476655557471,101.66340766451182
870,e,111.10981764804116,111.10981764804116,15.59551834667844,25.192143287908138
871,e,111.10981764804116,111.10981764804116,14.496669921763269,24.47937363145214
872,na,30.611106582817957,33.84639141475217,101.66340766451182,101.66340766451182
873,na,24.92689497891864,27.20861859874697,17.817545316333174,29.159390322966566
874,na,111.10981764804116,111.10981764804116,22.647917187259424,22.951142842661582
875,na,26.644021872408548,33.58349506541368,13.337300896405385,28.82471441836522
876,na,111.10981764804116,111.10981764804116,101.66340766451182,101.66340766451182
877,na,42.81568677684377,43.95907024758435,17.722271622014286,20.048773582513515
878,na,20.625770835742887,111.10981764804116,21.852525111684592,43.84030177329679
879,na,20.959000752209654,24.332638113703137,12.839018776939195,13.103954023643034
880,e,111.10981764804116,111.10981764804116,17.557453326717486,30.24449959612743
881,na,34.71338412930689,35.02470585906409,101.66340766451182,101.66340766451182
882,na,111.10981764804116,111.10981764804116,32.7050969123317,47.63922934619663
883,na,25.522090963379956,27.96420452863424,31.7607135679598,31.83103642032426
884,na,111.10981764804116,111.10981764804116,13.147904866652562,101.66340766451182
885,na,19.18860775623194,20.28242276159793,19.20693478593886,30.822980770566115
886,na,35.51152058193383,37.47543464356408,101.66340766451182,101.66340766451182
887,e,111.10981764804116,111.10981764804116,21.321867086577374,46.81998721763567
888,na,111.10981764804116,111.10981764804116,31.698804337569698,56.492403505667866
889,na,17.73692031487054,40.06607426634428,24.500789803311445,101.66340766451182
890,na,111.10981764804116,111.10981764804116,42.869554404536764,71.67113844771944
891,na,111.10981764804116,111.10981764804116,28.447583671012133,29.53762023817703
892,na,29.192651845098517,38.57452221081143,28.20084576740448,42.12506317441244
893,na,111.10981764804116,111.10981764804116,101.66340766451182,101.66340766451182
894,na,14.429048262296103,58.26883250007632,17.843368586042274,22.003145740382724
895,na,43.58153761517343,50.16945525730682,21.33219842329171,37.730168484433584
896,na,26.578524414265726,33.00295460899008,12.187334544524415,101.66340766451182
897,na,29.029064718267826,32.30740220974424,24.94733811253357,32.27483746405202
898,na,19.166938587293142,23.005236899966032,45.622193260607546,79.60953627923938
899,na,55.04615356517437,62.33872480737143,101.66340766451182,101.66340766451182
900,na,19.52900337505819,20.44286654843752,23.373263859218326,101.66340766451182
901,e,111.10981764804116,111.10981764804116,74.12891812932418,82.98515258147171
902,na,111.10981764804116,111.10981764804116,101.66340766451182,101.66340766451182
903,na,25.2910026157604,33.22694216316151,70.14414305883956,72.79890212676433
904,na,111.10981764804116,111.10981764804116,23.088071065931356,27.12476712971679
905,na,24.048018047271942,48.09595721931423,27.408932665974756,33.22836865842581
906,na,32.55991192970868,36.260524074947696,101.66340766451182,101.66340766451182
907,na,111.10981764804116,111.10981764804116,43.25987947056313,101.66340766451182
908,na,111.10981764804116,111.10981764804116,101.66340766451182,101.66340766451182
909,na,21.7074240029854,22.916193176367898,101.66340766451182,101.66340766451182
910,na,22.834155747108607,28.910812797913543,28.000125604454727,33.73901263966699
911,na,45.21264805416266,49.282182369747105,101.66340766451182,101.66340766451182
912,na,19.955814733299434,29.574909932987822,24.172288546747595,36.80545844174271
913,e,111.10981764804116,111.10981764804116,33.18124290180321,101.66340766451182
914,na,14.728885209244229,17.199223216454982,21.419776669669513,26.62840656502642
915,na,34.60894704409066,36.36441692795696,36.10326195576291,101.66340766451182
916,na,111.10981764804116,111.10981764804116,15.311228719072846,16.978942584540654
917,na,3.295288053117934,12.636464262182264,1.3770191850828413,101.66340766451182
918,na,111.10981764804116,111.10981764804116,12.435453015744999,16.83570967492846
919,na,9.704742018696793,11.253803911761647,28.425887259278287,34.226905388362354
920,na,15.795430501110344,24.97907034607388,27.63940136289551,70.40114946647492
921,na,36.99111060756541,111.10981764804116,24.125633578501773,35.20698096557147
922,na,45.163742074818515,49.4717838131123,7.302092589541673,16.267701585030174
923,na,18.41551979303256,34.30048423433287,28.283636027771028,101.66340766451182
924,na,18.49768965555171,26.39011885481474,28.000082477859117,31.48223334424781
925,na,47.11870533660429,53.85404800386165,24.640825339216885,29.721808158924464
926,e,111.10981764804116,111.10981764804116,41.83698224881462,42.02151755686989
927,na,16.10094614623898,111.10981764804116,22.445658251755273,29.320171187009958
928,na,32.66340341409444,33.28269605806524,101.66340766451182,101.66340766451182
929,na,111.10981764804116,111.10981764804116,101.66340766451182,101.66340766451182
930,na,24.98090148194222,29.096012524048213,22.635295297806394,23.914086955117543
931,e,111.10981764804116,111.10981764804116,101.66340766451182,101.66340766451182
932,na,33.1070705705518,53.086749381093874,22.769870342640164,24.072536809704253
933,na,80.87346294704997,111.10981764804116,22.988451405570203,41.69439346068392
934,na,24.256256476302873,36.890949302777656,36.75083350330119,60.79160609081187
935,na,14.17833722431349,41.415763958128295,19.18493502533983,24.690643232388798
936,na,32.7190250262016,43.42831148744826,21.485558329995897,75.23889972332525
937,na,28.60132419134145,39.39992147156699,12.122813004973807,28.282217316621217
938,na,24.946761988559118,50.92118071371836,15.047963351401961,18.38178550787585
939,na,12.482908168985906,20.840837757594475,101.66340766451182,101.66340766451182
940,e,111.10981764804116,111.10981764804116,29.83637803362414,47.19884911814508
941,na,33.582772210944476,36.22936999551754,27.85497912231651,101.66340766451182
942,na,22.470573007330906,34.08464628212284,17.557533210364184,19.89328450137447
943,na,37.167707424925254,111.10981764804116,27.603291037425723,29.38939233430958
944,na,30.03812166087537,111.10981764804116,24.124600991058454,24.903027522574547
945,na,14.77559398072392,18.524759741452367,10.223673702912475,24.09413532490666
946,na,26.25410491744767,27.051445866204148,29.340610179338775,40.95511637993129
947,na,111.10981764804116,111.10981764804116,101.66340766451182,101.66340766451182
948,na,28.494444679811725,40.294195307710595,25.74968794461469,33.789048844842675
949,na,111.10981764804116,111.10981764804116,32.94144170418049,38.880704909143944
950,na,47.80193106846704,58.64997781143439,28.33853140757502,101.66340766451182
951,na,18.149704127030873,24.089149490845664,21.749579084026355,32.79595328572987
952,na,21.185464328907795,21.705630887075444,30.368203711829047,42.7473484200627
953,na,11.033209279165048,22.78050635333207,18.781677388996847,34.629161484465925
954,na,30.262515313390562,34.5808088902402,31.100981156301614,34.77766193833092
955,na,17.77977117633796,28.752749193084814,35.71353803499066,52.76428720542429
956,na,34.72776128626786,46.813285047370684,21.120565441582354,25.593551024856893
957,e,111.10981764804116,111.10981764804116,101.66340766451182,101.66340766451182
958,na,14.543464501263395,111.10981764804116,20.520940830042328,25.344116746574944
959,na,34.03645421898073,41.49532943978634,19.730500747233776,31.723689750805818
960,na,13.298203873342848,32.39880872603095,54.632310511648285,54.793061508531856
961,na,111.10981764804116,111.10981764804116,101.66340766451182,101.66340766451182
962,na,25.908069338701242,26.066877435562276,101.66340766451182,101.66340766451182
963,na,23.4866921554769,111.10981764804116,25.210652615707193,25.583781340968898
964,na,20.289602368939168,23.754510030043885,14.078380360400928,15.853002388304592
965,na,49.42163236737717,49.93413103078061,21.92701801673774,30.908939840493613
966,na,44.98147941051836,51.57305564449167,101.66340766451182,101.66340766451182
967,na,33.55205856032673,37.12354773976735,24.081414454724616,27.38477006457489
968,e,111.10981764804116,111.10981764804116,22.663555396923268,49.40563766077832
969,na,21.63851229444946,60.95422713566541,20.858433961696917,37.71734154676913
970,na,111.10981764804116,111.10981764804116,101.66340766451182,101.66340766451182
971,na,30.886653142847845,41.87345505692001,15.776337758181493,17.98715120264083
972,e,111.10981764804116,111.10981764804116,19.05153422505751,42.411722147825884
973,na,41.26063183657144,56.23240687335949,33.69468257457846,46.62005474504009
974,na,26.56358488595582,46.77008484253111,8.913612800322536,27.625040949452845
975,na,22.460536602526897,25.603933231944524,17.929412626002772,41.457416730428285
976,na,38.24049782033036,53.676465719246465,101.66340766451182,101.66340766451182
977,na,111.10981764804116,111.10981764804116,101.66340766451182,101.66340766451182
978,na,26.11214540243536,27.023123929223647,23.26654211521145,77.190574566359
979,na,15.686171244888126,20.12757427806832,18.243037345657136,36.941304387595714
980,na,111.10981764804116,111.10981764804116,101.66340766451182,101.66340766451182
981,na,47.33743660207291,64.13495455082327,22.854798691563776,25.947705932968166
982,na,13.544315989691583,14.416567573677602,16.188941237639728,27.767756749822276
983,na,13.553454451177211,54.31392930808195,101.66340766451182,101.66340766451182
984,na,23.328613379608807,36.79867975385482,11.137840684689538,12.478905305939405
985,na,33.62055250124698,33.63734898284551,21.438506514458837,22.12906584956961
986,na,40.57499651748108,47.59541981499874,29.980675319777,32.13490833055477
987,na,48.65774310762743,111.10981764804116,17.115727496673,101.66340766451182
988,na,30.058382323369617,52.22969791159505,34.91058268500434,101.66340766451182
989,na,69.86325111906376,71.562119308759,9.85142682380989,13.188584281683145
990,e,111.10981764804116,111.10981764804116,32.76788971806933,101.66340766451182
991,na,111.10981764804116,111.10981764804116,101.66340766451182,101.66340766451182
992,na,33.87273508412846,38.548506217286764,34.868499194543986,52.18077427437282
993,na,32.28403952119219,40.48735286404439,47.649807568942734,101.66340766451182
994,na,10.423647049273704,18.67780147929587,37.00024962969003,50.5233396977529
995,na,17.84590045197509,52.600017674662766,8.331557670545664,18.646056154942798
996,na,111.10981764804116,111.10981764804116,101.66340766451182,101.66340766451182
997,na,33.256647171275354,41.35722815331543,13.791019403642562,22.42985587408695
998,na,20.471184345024785,33.55428097475222,62.43918199072345,73.11536000242634
999,na,22.445911953987068,30.776312671979387,35.43121795966991,46.201152535622384
