node, assignment, time2inf_trt, time2death_trt, time2inf_con, time2death_con
0,na,-1,0,-1,0
1,na,0,0.08589295750496503,0,4.627478572481495
2,na,0,11.500544632006804,0,8.020512556879456
3,na,-1,0,-1,0
4,na,82.57074533286074,82.57074533286074,23.880003191339437,24.7563939452085
5,na,18.493137917119043,31.136200392619564,26.55078622384212,29.483503798693807
6,na,82.57074533286074,82.57074533286074,88.81257188544902,88.81257188544902
7,na,82.57074533286074,82.57074533286074,88.81257188544902,88.81257188544902
8,na,82.57074533286074,82.57074533286074,88.81257188544902,88.81257188544902
9,na,82.57074533286074,82.57074533286074,15.817143430355259,16.45699060291943
10,na,82.57074533286074,82.57074533286074,88.81257188544902,88.81257188544902
11,na,17.80586042739845,21.737268215094474,24.079672551877845,26.89333979644411
12,na,8.947778648569578,13.304950473651308,11.85686060716099,14.30718323490238
13,na,82.57074533286074,82.57074533286074,6.053993011614292,10.193945178175358
14,na,45.51324854790982,50.87300739105447,19.494205206491692,24.311080232063556
15,na,45.02925302910041,60.13838125777089,37.277432316826754,42.684209935397895
16,na,25.78259680212129,29.857092071071385,14.988785422428235,19.744150345168737
17,na,19.15400921982758,32.471594961039635,31.095345186712876,58.78957717694572
18,na,31.899361148136407,35.346371844308116,3.0099221870432933,3.0874727971994305
19,na,82.57074533286074,82.57074533286074,88.81257188544902,88.81257188544902
20,na,57.34802363965531,63.12738652504196,9.305440288266782,11.346260282099486
21,na,27.900184846484876,38.25731797157564,25.169057022903534,25.552976129216955
22,na,16.06797858299332,16.990016999949788,37.887408720289656,38.867506952868816
23,na,5.433558048099912,15.03259833647324,20.435727948099263,24.17356219883049
24,na,5.579218405827615,11.396595481843688,19.96958332398487,21.7864883083255
25,e,10.643689625094844,15.176202611598564,14.30869283963799,16.475167434069498
26,na,10.958076703201726,82.57074533286074,88.81257188544902,88.81257188544902
27,na,82.57074533286074,82.57074533286074,46.331816095795894,47.16697465020558
28,na,15.217772352399704,19.504317007287653,88.81257188544902,88.81257188544902
29,na,12.452272427080615,18.717616730979103,25.091991510256722,26.847682581573117
30,e,22.874150936883503,31.715793347332326,9.052333226099414,12.652828392703864
31,na,82.57074533286074,82.57074533286074,52.57673347291084,53.55267659896968
32,na,16.087418057155755,23.154954174226717,11.192742922104314,11.933899754182143
33,na,19.4178177682987,19.75095624516335,12.197226119113209,12.79046633386604
34,na,82.57074533286074,82.57074533286074,9.759156425332629,11.858886780720425
35,na,19.793127005711558,82.57074533286074,28.03970704874544,28.658797515223302
36,na,30.100608428155358,30.727648907844564,88.81257188544902,88.81257188544902
37,na,82.57074533286074,82.57074533286074,88.81257188544902,88.81257188544902
38,na,56.685737046271505,65.09461908750168,9.599541715280669,13.29772954362285
39,e,82.57074533286074,82.57074533286074,88.81257188544902,88.81257188544902
40,e,82.57074533286074,82.57074533286074,88.81257188544902,88.81257188544902
41,na,3.9937039534211367,20.259591391226564,37.44216830992992,40.57929451459577
42,na,82.57074533286074,82.57074533286074,88.81257188544902,88.81257188544902
43,na,5.715894527389909,7.532135489933968,35.7693250611542,42.32872115486931
44,na,82.57074533286074,82.57074533286074,31.37883217660927,37.3342297618944
45,na,82.57074533286074,82.57074533286074,88.81257188544902,88.81257188544902
46,na,82.57074533286074,82.57074533286074,32.54157319048817,35.37013262838792
47,na,21.571599644812355,21.89877744592134,88.81257188544902,88.81257188544902
48,na,24.53837676246623,27.219654322707182,25.691610920053563,27.632205777013525
49,na,0,1.2791973729454729,0,3.3181769279117055
50,na,41.58667487704414,43.37256212193227,49.71232688207808,58.29423436233422
51,na,18.472994439632327,21.648717971952323,7.614919173796845,12.329184600090477
52,na,82.57074533286074,82.57074533286074,88.81257188544902,88.81257188544902
53,na,4.597366611330346,8.49528759871365,18.10243084490253,20.480689288410986
54,na,53.21576364114735,55.493917105236555,8.950923736661835,14.612290582060925
55,na,5.879760414650844,82.57074533286074,1.6520372228023923,12.011798804592685
56,e,41.17651715431892,45.03452473265142,15.433485603285508,20.11465651479414
57,na,82.57074533286074,82.57074533286074,88.81257188544902,88.81257188544902
58,na,13.631039127218745,14.202956871503764,58.25175824290198,60.83999834592936
59,na,82.57074533286074,82.57074533286074,88.81257188544902,88.81257188544902
60,na,13.466724434827364,25.056678715257654,24.0698284488592,27.722016723406174
61,na,18.490107180051535,18.565673707790566,37.6570832083963,38.215484303585384
62,na,23.71334515815498,28.043764278221282,22.88482794321323,35.76271225580514
63,e,82.57074533286074,82.57074533286074,88.81257188544902,88.81257188544902
64,na,82.57074533286074,82.57074533286074,88.81257188544902,88.81257188544902
65,na,82.57074533286074,82.57074533286074,88.81257188544902,88.81257188544902
66,e,23.493375734247586,30.893589109799308,28.56495185550493,39.392190672682624
67,e,82.57074533286074,82.57074533286074,88.81257188544902,88.81257188544902
68,na,82.57074533286074,82.57074533286074,29.832802783311564,30.42849796178932
69,e,82.57074533286074,82.57074533286074,14.42876339966466,17.451624726106303
70,na,27.38734286092211,28.949506443377707,10.784901480495915,11.112273524995857
71,na,16.46714846155495,27.00763747818141,51.89849739988383,55.149657071054826
72,na,82.57074533286074,82.57074533286074,38.483531521647976,39.215873480621234
73,na,44.79230897507763,48.12380222739117,40.94899483668505,41.098545128971494
74,e,82.57074533286074,82.57074533286074,88.81257188544902,88.81257188544902
75,na,27.955499893664296,28.89688306800016,5.767261830916565,6.052955112927327
76,na,82.57074533286074,82.57074533286074,88.81257188544902,88.81257188544902
77,e,5.936877636639597,6.692420750040192,39.42215737932119,88.81257188544902
78,na,25.692571308380163,25.84102224479575,10.171639454640843,18.36758904275264
79,na,82.57074533286074,82.57074533286074,88.81257188544902,88.81257188544902
80,na,82.57074533286074,82.57074533286074,88.81257188544902,88.81257188544902
81,e,82.57074533286074,82.57074533286074,88.81257188544902,88.81257188544902
82,na,1.0528872334623431,4.874130754377433,3.4050435575027933,4.253416650392885
83,na,82.57074533286074,82.57074533286074,88.81257188544902,88.81257188544902
84,na,20.52992357939647,25.00590908975723,17.225421926168075,20.937376471092044
85,na,14.32922896288179,21.154905538638644,88.81257188544902,88.81257188544902
86,na,82.57074533286074,82.57074533286074,31.77161343774404,32.04983089134311
87,na,17.683787656253994,25.258521899052457,88.81257188544902,88.81257188544902
88,na,19.570160933003876,32.66841953773623,88.81257188544902,88.81257188544902
89,na,32.30171581507684,32.82305608422962,23.89842421027826,30.159778776349377
90,na,0,11.935646888440607,0,7.2724525182487945
91,na,15.269288496735628,25.9885225657334,8.748272264951675,10.585231022167926
92,na,82.57074533286074,82.57074533286074,88.81257188544902,88.81257188544902
93,na,55.213467462617636,56.961459178993195,19.56486846905465,24.197570135918482
94,na,82.57074533286074,82.57074533286074,88.81257188544902,88.81257188544902
95,na,82.57074533286074,82.57074533286074,88.81257188544902,88.81257188544902
96,na,16.19519647335709,21.370871144164887,37.71170070693809,37.98420244650351
97,na,82.57074533286074,82.57074533286074,88.81257188544902,88.81257188544902
98,na,44.051867886929365,50.37964607638128,15.136458873864354,25.034255160102315
99,na,9.341670505896186,15.64263762012782,88.81257188544902,88.81257188544902
100,na,82.57074533286074,82.57074533286074,88.81257188544902,88.81257188544902
101,na,82.57074533286074,82.57074533286074,88.81257188544902,88.81257188544902
102,na,82.57074533286074,82.57074533286074,88.81257188544902,88.81257188544902
103,na,12.312196914452123,14.230587589360372,36.770021606369085,37.21403847366224
104,na,20.815706264065224,27.95281253040846,34.981567542117375,40.53634279105321
105,na,24.64738149771597,29.591400629453624,40.20444819609744,42.19031333422437
106,na,82.57074533286074,82.57074533286074,88.81257188544902,88.81257188544902
107,na,82.57074533286074,82.57074533286074,88.81257188544902,88.81257188544902
108,na,25.57565429508708,82.57074533286074,30.40450315465072,31.559628335407616
109,e,82.57074533286074,82.57074533286074,88.81257188544902,88.81257188544902
110,na,18.473636464754918,19.14597928525085,88.81257188544902,88.81257188544902
111,na,82.57074533286074,82.57074533286074,88.81257188544902,88.81257188544902
112,na,82.57074533286074,82.57074533286074,22.006227380769193,22.95310567679288
113,na,30.91570581943646,36.13938550018016,17.8107044073409,88.81257188544902
114,na,29.379487642116448,31.08296353816838,34.39580024618722,34.845494432534565
115,na,14.51383251589692,18.574169678478412,3.3750391766295658,4.605042811659815
116,na,82.57074533286074,82.57074533286074,22.477944992556747,22.92611409230966
117,na,82.57074533286074,82.57074533286074,22.14084930139188,23.167126522170474
118,na,41.89546536041352,46.23528241814269,32.357343723684224,33.94901308436139
119,na,82.57074533286074,82.57074533286074,6.090569682243104,9.70974224973135
120,na,82.57074533286074,82.57074533286074,88.81257188544902,88.81257188544902
121,na,82.57074533286074,82.57074533286074,88.81257188544902,88.81257188544902
122,na,16.418062716291743,17.540388141328982,88.81257188544902,88.81257188544902
123,na,20.790429104863538,23.548395177765713,44.11536046461655,52.40737549405106
124,na,12.137650808017648,15.69996157085793,88.81257188544902,88.81257188544902
125,na,15.625442676316421,16.542628671037882,9.899612350230317,12.429193500343862
126,na,7.483616454982989,10.606285039453441,88.81257188544902,88.81257188544902
127,na,82.57074533286074,82.57074533286074,47.95624598034055,49.51212836819408
128,na,37.002279337034444,37.56904598854581,88.81257188544902,88.81257188544902
129,na,30.61428365621589,43.71302620262317,9.775656271202543,88.81257188544902
130,na,19.184938242744312,20.74027486698688,2.1539685237660633,6.645475546934754
131,na,30.644656495318934,31.08171268716211,88.81257188544902,88.81257188544902
132,na,82.57074533286074,82.57074533286074,88.81257188544902,88.81257188544902
133,na,82.57074533286074,82.57074533286074,88.81257188544902,88.81257188544902
134,na,82.57074533286074,82.57074533286074,22.268985543008185,88.81257188544902
135,na,82.57074533286074,82.57074533286074,42.5507439143311,45.60845496692296
136,na,29.40338673975065,30.8075346385605,20.62680727810193,22.65550127054868
137,na,6.869007888134708,82.57074533286074,88.81257188544902,88.81257188544902
138,na,82.57074533286074,82.57074533286074,88.81257188544902,88.81257188544902
139,na,28.718410099302357,42.02766775789322,10.870277289686317,11.839516716214037
140,na,82.57074533286074,82.57074533286074,25.636135197798634,28.693602659344286
141,na,15.903687474717012,19.105762259786122,17.04375611366143,37.94636829292919
142,na,82.57074533286074,82.57074533286074,88.81257188544902,88.81257188544902
143,na,82.57074533286074,82.57074533286074,88.81257188544902,88.81257188544902
144,na,27.81570133105107,35.49902657007749,38.991354808956075,48.93390505554554
145,na,82.57074533286074,82.57074533286074,88.81257188544902,88.81257188544902
146,e,82.57074533286074,82.57074533286074,88.81257188544902,88.81257188544902
147,na,82.57074533286074,82.57074533286074,22.532207536630178,26.59985978612892
148,na,82.57074533286074,82.57074533286074,88.81257188544902,88.81257188544902
149,na,82.57074533286074,82.57074533286074,88.81257188544902,88.81257188544902
150,na,82.57074533286074,82.57074533286074,88.81257188544902,88.81257188544902
151,na,11.081918283459661,15.189250552499741,19.05217258312963,29.759033805644574
152,e,58.30494557748797,63.33762280199028,35.21730557364651,39.55484088471079
153,e,82.57074533286074,82.57074533286074,13.5040338486348,14.648212493296322
154,na,82.57074533286074,82.57074533286074,88.81257188544902,88.81257188544902
155,e,82.57074533286074,82.57074533286074,88.81257188544902,88.81257188544902
156,na,82.57074533286074,82.57074533286074,2.693390999613247,9.264822025878704
157,na,82.57074533286074,82.57074533286074,88.81257188544902,88.81257188544902
158,na,45.91698734442913,47.59133021357215,88.81257188544902,88.81257188544902
159,na,82.57074533286074,82.57074533286074,88.81257188544902,88.81257188544902
160,na,82.57074533286074,82.57074533286074,27.20529744680297,32.08757553602406
161,na,15.393230398178492,15.727230786144023,3.7726001315685873,7.587366390765699
162,na,16.525475004682736,20.957069496918066,29.387377749873657,35.027703515503084
163,na,21.71581927169809,23.36343849164828,33.31221305389921,36.12294268863425
164,na,27.412942892051532,38.79758250000155,2.2339204881042876,88.81257188544902
165,na,15.197449068031096,22.727251210017418,13.012896795769674,20.62583889418351
166,na,24.40355680209484,35.84948552612764,88.81257188544902,88.81257188544902
167,na,3.155362352005301,8.025025656316254,8.782885931455585,15.982719744010643
168,na,20.347241394870313,82.57074533286074,88.81257188544902,88.81257188544902
169,na,82.57074533286074,82.57074533286074,88.81257188544902,88.81257188544902
170,na,32.66173745600707,34.622432129397794,42.209615657377825,45.74561801298628
171,na,28.462538761854468,29.8029333733197,25.89775183170899,40.69607476009985
172,e,82.57074533286074,82.57074533286074,88.81257188544902,88.81257188544902
173,na,82.57074533286074,82.57074533286074,88.81257188544902,88.81257188544902
174,na,80.6457604833661,82.57074533286074,28.465914994481842,43.27552679719029
175,na,31.567427448794334,37.48505588934278,63.4394893466946,88.81257188544902
176,na,34.47823424620384,44.24097501408475,88.81257188544902,88.81257188544902
177,na,82.57074533286074,82.57074533286074,21.26934873243389,22.869159751464167
178,na,32.88763150179904,35.79827775270795,88.81257188544902,88.81257188544902
179,na,25.714763610797345,28.308477346561656,11.160304174594978,17.161272619794993
180,na,82.57074533286074,82.57074533286074,88.81257188544902,88.81257188544902
181,na,36.01345996063045,36.35970135716319,41.85385358404188,42.90170696986678
182,e,82.57074533286074,82.57074533286074,88.81257188544902,88.81257188544902
183,na,82.57074533286074,82.57074533286074,88.81257188544902,88.81257188544902
184,na,14.23266830173996,14.890758909566218,88.81257188544902,88.81257188544902
185,na,82.57074533286074,82.57074533286074,88.81257188544902,88.81257188544902
186,na,53.80607769936382,82.57074533286074,10.289041521661886,88.81257188544902
187,na,2.3084901596545566,8.462229411769378,16.958804896572065,17.378481035991747
188,na,38.15525843759879,39.62993662188623,88.81257188544902,88.81257188544902
189,na,82.57074533286074,82.57074533286074,88.81257188544902,88.81257188544902
190,na,82.57074533286074,82.57074533286074,28.644188072848006,37.90360469387045
191,na,18.764656859528664,82.57074533286074,11.692931499201496,11.79506241587337
192,na,61.587669027606495,66.08739137469428,88.81257188544902,88.81257188544902
193,na,82.57074533286074,82.57074533286074,88.81257188544902,88.81257188544902
194,na,36.72589897791296,40.70933950742283,88.81257188544902,88.81257188544902
195,na,82.57074533286074,82.57074533286074,88.81257188544902,88.81257188544902
196,na,19.187453719350042,27.66076164399189,17.414192883460714,31.80491939808094
197,na,11.918485672698637,16.49020239986953,23.742579137613053,24.91914552715951
198,na,32.00127969610424,33.7724601067813,25.165580394372522,30.16701681683228
199,na,7.460357156994064,82.57074533286074,5.277444479767806,5.988487075930644
200,na,21.379731467027348,24.54740854528999,13.002994856193931,19.217705885948842
201,na,24.803313887893186,30.53652072943594,88.81257188544902,88.81257188544902
202,na,8.411662353436869,11.107551679000652,22.141115071501105,88.81257188544902
203,na,82.57074533286074,82.57074533286074,88.81257188544902,88.81257188544902
204,na,29.165136020326372,29.940183306362883,48.983724007583184,50.95033030579685
205,na,51.69797768889405,54.55258437470181,88.81257188544902,88.81257188544902
206,na,18.623200438504387,22.28593482243657,19.389321627528734,21.221799981192987
207,na,82.57074533286074,82.57074533286074,15.89719256947523,19.763155420733252
208,na,22.25123826511884,24.673089273890763,88.81257188544902,88.81257188544902
209,na,82.57074533286074,82.57074533286074,88.81257188544902,88.81257188544902
210,na,15.487339775548786,18.084393072017804,46.694790965919495,47.23349739336505
211,na,82.57074533286074,82.57074533286074,88.81257188544902,88.81257188544902
212,na,13.460973441270195,14.66370904084058,13.193906048695167,16.077428368472663
213,na,82.57074533286074,82.57074533286074,88.81257188544902,88.81257188544902
214,na,82.57074533286074,82.57074533286074,88.81257188544902,88.81257188544902
215,na,82.57074533286074,82.57074533286074,88.81257188544902,88.81257188544902
216,na,31.33983429994408,37.19994181235488,14.98429821942808,17.202823315761655
217,na,82.57074533286074,82.57074533286074,88.81257188544902,88.81257188544902
218,e,82.57074533286074,82.57074533286074,88.81257188544902,88.81257188544902
219,e,82.57074533286074,82.57074533286074,88.81257188544902,88.81257188544902
220,na,82.57074533286074,82.57074533286074,88.81257188544902,88.81257188544902
221,na,10.512940744933584,11.233002654103467,23.777754777360556,27.78187102012632
222,na,82.57074533286074,82.57074533286074,88.81257188544902,88.81257188544902
223,na,7.013757050115182,8.928967617889192,4.111560470530247,4.354494305672085
224,na,57.51803139365365,82.57074533286074,14.5634389469502,17.68831760210397
225,na,82.57074533286074,82.57074533286074,88.81257188544902,88.81257188544902
226,na,82.57074533286074,82.57074533286074,88.81257188544902,88.81257188544902
227,na,82.57074533286074,82.57074533286074,33.42433601785633,39.28009524526926
228,na,82.57074533286074,82.57074533286074,88.81257188544902,88.81257188544902
229,na,82.57074533286074,82.57074533286074,88.81257188544902,88.81257188544902
230,na,39.28774428198527,47.58686525840926,88.81257188544902,88.81257188544902
231,na,82.57074533286074,82.57074533286074,88.81257188544902,88.81257188544902
232,na,43.181551688631956,48.30717812064269,88.81257188544902,88.81257188544902
233,na,82.57074533286074,82.57074533286074,88.81257188544902,88.81257188544902
234,na,82.57074533286074,82.57074533286074,88.81257188544902,88.81257188544902
235,na,14.624474974354536,17.407541268464055,88.81257188544902,88.81257188544902
236,na,27.010112630556446,45.43201213282695,30.128579986051545,52.518161410008425
237,na,82.57074533286074,82.57074533286074,38.88840191027146,51.04244480503022
238,na,31.438950983878048,41.58517594531233,29.287441357203694,30.60120578379027
239,na,5.853705935326477,7.306377667182594,32.66512095304366,51.96806226452984
240,na,82.57074533286074,82.57074533286074,88.81257188544902,88.81257188544902
241,na,82.57074533286074,82.57074533286074,25.438426772152113,25.677316381718544
242,na,53.20567231031317,59.889523621427514,88.81257188544902,88.81257188544902
243,na,82.57074533286074,82.57074533286074,88.81257188544902,88.81257188544902
244,na,82.57074533286074,82.57074533286074,88.81257188544902,88.81257188544902
245,na,0.4190063969922057,8.329533468098182,0.8698865408710995,3.513461475136911
246,na,82.57074533286074,82.57074533286074,88.81257188544902,88.81257188544902
247,e,82.57074533286074,82.57074533286074,34.6516468481498,45.2596346052049
248,na,82.57074533286074,82.57074533286074,55.43256220333925,56.72965655672217
249,na,49.468355653390745,50.576108130731946,88.81257188544902,88.81257188544902
250,na,31.693365414626207,46.948735801765366,88.81257188544902,88.81257188544902
251,na,82.57074533286074,82.57074533286074,88.81257188544902,88.81257188544902
252,na,82.57074533286074,82.57074533286074,48.257165930113786,50.125627275823454
253,na,82.57074533286074,82.57074533286074,62.93518770011557,66.67012283193424
254,na,82.57074533286074,82.57074533286074,88.81257188544902,88.81257188544902
255,na,82.57074533286074,82.57074533286074,88.81257188544902,88.81257188544902
256,na,82.57074533286074,82.57074533286074,88.81257188544902,88.81257188544902
257,e,22.054072531415688,24.694311890877824,30.91262617825021,46.96905319811121
258,na,34.48681681485024,35.32681187529403,88.81257188544902,88.81257188544902
259,na,82.57074533286074,82.57074533286074,88.81257188544902,88.81257188544902
260,na,40.236624469297155,46.56924568238492,60.66644627788615,61.840868886109334
261,na,82.57074533286074,82.57074533286074,88.81257188544902,88.81257188544902
262,na,40.811312150883374,49.71679517485576,88.81257188544902,88.81257188544902
263,na,82.57074533286074,82.57074533286074,31.834574453167384,88.81257188544902
264,na,23.55891589608613,26.08929316452325,88.81257188544902,88.81257188544902
265,na,82.57074533286074,82.57074533286074,16.5653812768674,23.46769860273493
266,na,82.57074533286074,82.57074533286074,88.81257188544902,88.81257188544902
267,na,25.763021138489375,26.306453220675362,88.81257188544902,88.81257188544902
268,na,82.57074533286074,82.57074533286074,88.81257188544902,88.81257188544902
269,na,82.57074533286074,82.57074533286074,30.010172484424633,32.26301021652787
270,na,82.57074533286074,82.57074533286074,28.02366827394862,88.81257188544902
271,na,82.57074533286074,82.57074533286074,24.919324699691437,38.27543527616865
272,na,0,4.095158312959586,0,88.81257188544902
273,na,13.698685157990356,14.770687526932107,11.210369701445435,24.157808788456407
274,e,82.57074533286074,82.57074533286074,88.81257188544902,88.81257188544902
275,na,82.57074533286074,82.57074533286074,26.41741391489698,31.384105618087542
276,na,82.57074533286074,82.57074533286074,18.176052052451457,18.562301742656278
277,na,82.57074533286074,82.57074533286074,88.81257188544902,88.81257188544902
278,na,82.57074533286074,82.57074533286074,88.81257188544902,88.81257188544902
279,na,33.39886944039392,34.76679405374752,5.551696538244696,10.078529213363703
280,na,25.470909715789745,28.335142136077824,88.81257188544902,88.81257188544902
281,na,41.21054165020815,42.54773794080089,88.81257188544902,88.81257188544902
282,na,82.57074533286074,82.57074533286074,26.31818709234158,88.81257188544902
283,na,82.57074533286074,82.57074533286074,88.81257188544902,88.81257188544902
284,na,82.57074533286074,82.57074533286074,25.40792220558529,27.85488336269748
285,na,17.046845184157622,24.915533832268213,3.6098721534567044,8.599194774750687
286,e,82.57074533286074,82.57074533286074,88.81257188544902,88.81257188544902
287,na,82.57074533286074,82.57074533286074,88.81257188544902,88.81257188544902
288,na,53.699934569011056,68.2377849687809,16.35081499072242,88.81257188544902
289,na,82.57074533286074,82.57074533286074,88.81257188544902,88.81257188544902
290,na,30.937763788897453,32.6842256434246,11.875541045358894,17.199631351532542
291,na,35.71322764763174,41.49309902360461,38.175979478503336,40.62968179905707
292,na,30.94303700239616,31.587375268950733,14.631034431621586,18.155811851194805
293,na,82.57074533286074,82.57074533286074,37.536043027840364,41.13676390790963
294,na,21.11958425607945,28.085858293304813,19.889889326949802,22.606276433828363
295,na,17.422691477553396,23.745370379543427,88.81257188544902,88.81257188544902
296,na,82.57074533286074,82.57074533286074,88.81257188544902,88.81257188544902
297,na,82.57074533286074,82.57074533286074,88.81257188544902,88.81257188544902
298,na,82.57074533286074,82.57074533286074,88.81257188544902,88.81257188544902
299,na,82.57074533286074,82.57074533286074,88.81257188544902,88.81257188544902
300,na,17.945852570317474,20.84428016402783,4.18949625949458,7.83417433278494
301,na,7.877521293717164,8.360510156531195,9.070667187771322,12.254602421163662
302,na,82.57074533286074,82.57074533286074,54.74725456727058,88.81257188544902
303,na,50.990455312865244,53.16822941028729,88.81257188544902,88.81257188544902
304,na,82.57074533286074,82.57074533286074,88.81257188544902,88.81257188544902
305,na,82.57074533286074,82.57074533286074,88.81257188544902,88.81257188544902
306,na,82.57074533286074,82.57074533286074,88.81257188544902,88.81257188544902
307,na,45.91803512148158,48.47910758397531,68.57131665058209,68.97523530277981
308,na,32.87659547889669,33.05035784037648,11.500370617096987,88.81257188544902
309,na,82.57074533286074,82.57074533286074,88.81257188544902,88.81257188544902
310,na,82.57074533286074,82.57074533286074,24.119923238974796,25.334516234552577
311,na,82.57074533286074,82.57074533286074,42.606364779125975,43.55236981855391
312,na,82.57074533286074,82.57074533286074,88.81257188544902,88.81257188544902
313,na,23.65422685957782,25.554087734404494,43.2131498117749,45.3108471914377
314,na,82.57074533286074,82.57074533286074,88.81257188544902,88.81257188544902
315,na,29.48730975069584,32.587831680351826,11.590853378622953,26.89810854190121
316,na,24.77861159142549,25.456309221891708,28.22172450398905,31.238082483237175
317,na,82.57074533286074,82.57074533286074,17.84477750217625,24.651419612444247
318,na,22.370832081713477,32.80214193132904,8.860621263160855,9.033920754157123
319,na,82.57074533286074,82.57074533286074,88.81257188544902,88.81257188544902
320,na,18.559937799734193,25.750035235009953,88.81257188544902,88.81257188544902
321,na,82.57074533286074,82.57074533286074,27.87183251181114,32.95110346666225
322,na,82.57074533286074,82.57074533286074,17.49350204821415,19.32282269264277
323,na,18.804167082751153,29.801680252501566,88.81257188544902,88.81257188544902
324,na,56.74045383224466,61.11154526773007,37.88628801501107,40.16871705585024
325,na,13.46166617570511,16.713259711372743,13.810911424691978,15.710593308311541
326,na,34.16973908660334,39.52771494298882,7.464663789869021,11.868150068430651
327,na,27.411825488780206,28.208003267475853,10.828477632824429,16.31828617239805
328,e,82.57074533286074,82.57074533286074,88.81257188544902,88.81257188544902
329,na,20.506337037591354,82.57074533286074,3.211230285433185,6.478014723737564
330,e,44.153478969564894,82.57074533286074,38.72145869303039,43.57818152503164
331,na,82.57074533286074,82.57074533286074,21.041061073548924,29.906113170643476
332,na,29.331573200132652,29.452124366123922,88.81257188544902,88.81257188544902
333,na,9.088999737518138,82.57074533286074,88.81257188544902,88.81257188544902
334,na,34.230498470455935,36.14799017793676,6.143489936309242,26.36374480640204
335,na,82.57074533286074,82.57074533286074,24.124428502677265,28.549396505323866
336,na,29.803573808867842,31.612993023850237,88.81257188544902,88.81257188544902
337,na,17.044019509756794,17.9816201763791,88.81257188544902,88.81257188544902
338,na,36.98092665655202,37.6830692009179,16.260671093968416,16.580142883258297
339,na,82.57074533286074,82.57074533286074,44.118537409824214,49.40452398426243
340,na,82.57074533286074,82.57074533286074,88.81257188544902,88.81257188544902
341,na,82.57074533286074,82.57074533286074,88.81257188544902,88.81257188544902
342,e,30.139713464812893,33.535013975679036,38.005680444969414,41.54262365444248
343,na,20.08412304083084,22.818808381743096,34.785422957931324,38.67836481456768
344,na,82.57074533286074,82.57074533286074,15.178095689443913,16.256482683824093
345,na,46.37097530188171,47.158865755311965,88.81257188544902,88.81257188544902
346,na,82.57074533286074,82.57074533286074,88.81257188544902,88.81257188544902
347,na,17.840547332287315,18.145423036875947,25.24719903918545,25.95488242267582
348,e,82.57074533286074,82.57074533286074,88.81257188544902,88.81257188544902
349,na,24.432175996818902,28.874680180837895,30.983594603665523,32.06807592850384
350,na,29.102035178898795,37.56643792229082,34.11709416656327,34.52304196944486
351,na,82.57074533286074,82.57074533286074,88.81257188544902,88.81257188544902
352,na,82.57074533286074,82.57074533286074,88.81257188544902,88.81257188544902
353,na,82.57074533286074,82.57074533286074,88.81257188544902,88.81257188544902
354,na,33.06188348010511,37.13602637493958,88.81257188544902,88.81257188544902
355,na,54.877393892960264,60.281955011520004,38.65040362253017,46.60639645028816
356,na,38.46033045567359,39.91361280957175,54.96720493706715,55.432014379334426
357,na,82.57074533286074,82.57074533286074,18.720571120210778,19.063836958790333
358,na,24.482835402117928,26.528226602683645,88.81257188544902,88.81257188544902
359,e,21.223448145057855,28.71504505558298,30.158071913729756,33.80142961378345
360,na,28.77297007992828,30.074736580307412,34.02775434491988,34.33118750379064
361,na,2.642481073156207,2.85216431850665,2.596247209255553,16.62163553377063
362,na,14.9771838217316,15.18529252535669,88.81257188544902,88.81257188544902
363,na,28.065293321157444,37.926203066628574,19.856471537458535,24.80445063058341
364,na,21.334710401924546,25.92345565461848,21.309226889337133,21.768044422604454
365,na,82.57074533286074,82.57074533286074,88.81257188544902,88.81257188544902
366,na,15.237367157978868,15.308035499213714,44.588243166092035,51.58053062712057
367,na,82.57074533286074,82.57074533286074,88.81257188544902,88.81257188544902
368,e,82.57074533286074,82.57074533286074,88.81257188544902,88.81257188544902
369,na,82.57074533286074,82.57074533286074,88.81257188544902,88.81257188544902
370,na,42.5440087393106,43.41580734300792,88.81257188544902,88.81257188544902
371,na,-1,0,-1,0
372,e,37.42719727591049,41.540293320804544,30.359335575283772,34.14262078083493
373,na,32.75679936824757,37.03420051508462,88.81257188544902,88.81257188544902
374,na,18.876490450253844,19.804284530858077,5.250615602531335,5.634230105476817
375,na,1.3775745994138187,4.932716821886676,23.433789797309373,24.706790418246783
376,na,22.228155896241706,30.60890847153257,88.81257188544902,88.81257188544902
377,na,82.57074533286074,82.57074533286074,28.830083709722494,88.81257188544902
378,na,32.527844625485976,36.14600226839532,52.20270169183773,52.22998060348322
379,na,82.57074533286074,82.57074533286074,19.449250186959617,27.212717689066235
380,na,82.57074533286074,82.57074533286074,88.81257188544902,88.81257188544902
381,e,82.57074533286074,82.57074533286074,88.81257188544902,88.81257188544902
382,na,12.469008920113357,13.42252894268419,17.650786560742667,22.239354466306548
383,na,43.00723311314742,44.15273119555702,11.571712984877793,14.576224792493106
384,na,82.57074533286074,82.57074533286074,88.81257188544902,88.81257188544902
385,na,82.57074533286074,82.57074533286074,88.81257188544902,88.81257188544902
386,na,82.57074533286074,82.57074533286074,88.81257188544902,88.81257188544902
387,na,27.631217238376653,29.346379172639878,10.80179027387032,11.999709332642844
388,na,82.57074533286074,82.57074533286074,16.832711145667528,18.381542882947755
389,na,82.57074533286074,82.57074533286074,88.81257188544902,88.81257188544902
390,na,82.57074533286074,82.57074533286074,88.81257188544902,88.81257188544902
391,na,21.86474001827355,29.53000891344258,21.478182629870865,21.72783742486774
392,na,31.65777372436882,32.30602662632587,25.588722588429928,88.81257188544902
393,na,27.920581091026545,28.52631285177512,88.81257188544902,88.81257188544902
394,na,82.57074533286074,82.57074533286074,88.81257188544902,88.81257188544902
395,na,82.57074533286074,82.57074533286074,88.81257188544902,88.81257188544902
396,na,20.049701809006812,24.218899164942922,4.487549904739128,7.312231712444785
397,na,82.57074533286074,82.57074533286074,88.81257188544902,88.81257188544902
398,e,12.27403184627483,13.88458049037898,4.377168886246505,4.94333832254015
399,na,82.57074533286074,82.57074533286074,88.81257188544902,88.81257188544902
400,na,7.120897604157782,13.93780931062082,21.62997371959909,29.627750616506216
401,na,20.568441322708786,23.348243727637307,4.652707222127975,7.674443003492643
402,na,5.062048173302499,5.835470724376327,88.81257188544902,88.81257188544902
403,na,82.57074533286074,82.57074533286074,88.81257188544902,88.81257188544902
404,na,27.764788868334673,29.73767919404294,9.037821443189669,16.111608614940323
405,e,82.57074533286074,82.57074533286074,88.81257188544902,88.81257188544902
406,e,82.57074533286074,82.57074533286074,88.81257188544902,88.81257188544902
407,e,82.57074533286074,82.57074533286074,53.466177937770134,62.0610054524896
408,na,19.759618153497463,50.00284430960511,17.16393930386052,23.86412605956029
409,na,82.57074533286074,82.57074533286074,88.81257188544902,88.81257188544902
410,na,82.57074533286074,82.57074533286074,88.81257188544902,88.81257188544902
411,na,22.197082104426684,23.43471731903876,5.743114163516453,7.847453460125975
412,e,82.57074533286074,82.57074533286074,88.81257188544902,88.81257188544902
413,na,19.11197106861818,19.336156803160005,88.81257188544902,88.81257188544902
414,e,82.57074533286074,82.57074533286074,16.805478254980912,17.19662260631446
415,na,2.5908744294449217,4.640511476807535,6.334494531572658,6.752843097231776
416,na,17.244928521562727,19.93962058997848,9.192981428820216,17.25580851049569
417,na,0,3.813349584467065,0,1.9627449297050523
418,na,82.57074533286074,82.57074533286074,15.41155568884317,19.043991774110424
419,na,82.57074533286074,82.57074533286074,28.55837262930825,33.73893417118825
420,na,19.093659550688272,40.35637298411403,20.203266996238323,22.74191141297394
421,na,40.842674576234565,52.75598740202091,88.81257188544902,88.81257188544902
422,na,46.28977115572633,82.57074533286074,18.190312380831244,19.16558419031269
423,na,71.77427706610055,74.29249123465841,3.8657278604733927,4.427624375307312
424,na,82.57074533286074,82.57074533286074,88.81257188544902,88.81257188544902
425,na,2.21237375069289,8.976934094739542,88.81257188544902,88.81257188544902
426,na,30.76967740250645,35.60013318580467,88.81257188544902,88.81257188544902
427,e,82.57074533286074,82.57074533286074,88.81257188544902,88.81257188544902
428,na,8.265187005569798,11.975555336600138,6.658569348558455,6.675764819638356
429,na,22.346191656183144,30.941757809685367,16.316531980218986,88.81257188544902
430,e,82.57074533286074,82.57074533286074,88.81257188544902,88.81257188544902
431,na,82.57074533286074,82.57074533286074,88.81257188544902,88.81257188544902
432,na,17.640455958329543,24.20054550605361,88.81257188544902,88.81257188544902
433,na,82.57074533286074,82.57074533286074,88.81257188544902,88.81257188544902
434,na,82.57074533286074,82.57074533286074,88.81257188544902,88.81257188544902
435,na,82.57074533286074,82.57074533286074,88.81257188544902,88.81257188544902
436,e,82.57074533286074,82.57074533286074,88.81257188544902,88.81257188544902
437,na,82.57074533286074,82.57074533286074,88.81257188544902,88.81257188544902
438,na,13.268451384639905,19.348756118755407,88.81257188544902,88.81257188544902
439,na,82.57074533286074,82.57074533286074,13.132674976354114,16.710006801886102
440,na,82.57074533286074,82.57074533286074,33.7787140901797,43.64867875291961
441,na,28.17270228178978,32.51962228865102,16.65168381644853,17.208348754731524
442,na,47.18454136449901,48.80809199416205,88.81257188544902,88.81257188544902
443,na,15.924086187483656,82.57074533286074,88.81257188544902,88.81257188544902
444,na,37.649016212514304,41.44777374920086,46.43621876839936,49.222159959049705
445,na,2.8957765709463135,5.878584032602358,0.27755395797350263,4.363299261793645
446,na,25.049572439283928,25.786561167544498,44.26830092838456,54.359751906147594
447,na,53.69870289289514,53.912278540596446,14.985894443236514,16.630767698099127
448,na,19.326187260557354,23.409369920592347,88.81257188544902,88.81257188544902
449,na,82.57074533286074,82.57074533286074,42.745001909609854,49.3655844709114
450,na,24.66004436267333,28.165234522052423,19.35020410638535,24.51058148788233
451,na,25.65592168226417,27.36187091303285,28.63112814516724,30.88798753841184
452,na,31.305320272363865,36.85822435784959,21.744125962086397,24.4882935804473
453,na,6.6064460202396695,7.068503233781034,33.76874595477938,36.579112299692326
454,na,82.57074533286074,82.57074533286074,88.81257188544902,88.81257188544902
455,na,22.68254860264888,23.258782043175668,88.81257188544902,88.81257188544902
456,na,31.298879423818576,33.25965133562223,14.554961391911219,18.379976325944412
457,na,82.57074533286074,82.57074533286074,31.55322687128801,88.81257188544902
458,na,82.57074533286074,82.57074533286074,42.44195928069,46.51151626875693
459,na,24.273007159224957,35.138964148733756,88.81257188544902,88.81257188544902
460,na,3.964700839718684,5.349997682122614,5.7251783789346335,7.0135670397401695
461,na,82.57074533286074,82.57074533286074,88.81257188544902,88.81257188544902
462,na,42.19102542014555,42.597237995213945,88.81257188544902,88.81257188544902
463,na,82.57074533286074,82.57074533286074,17.71794679821602,20.174806594694555
464,na,29.75992033898294,31.247207714309138,22.233670488512697,28.10535513000108
465,na,82.57074533286074,82.57074533286074,88.81257188544902,88.81257188544902
466,na,82.57074533286074,82.57074533286074,88.81257188544902,88.81257188544902
467,na,82.57074533286074,82.57074533286074,88.81257188544902,88.81257188544902
468,na,82.57074533286074,82.57074533286074,88.81257188544902,88.81257188544902
469,e,1.8455129501329461,4.6176007866681035,88.81257188544902,88.81257188544902
470,na,82.57074533286074,82.57074533286074,88.81257188544902,88.81257188544902
471,e,82.57074533286074,82.57074533286074,88.81257188544902,88.81257188544902
472,na,22.504672123662875,24.581231039304047,15.230819303290968,88.81257188544902
473,na,82.57074533286074,82.57074533286074,88.81257188544902,88.81257188544902
474,na,24.10941955709366,25.15764553218532,23.60389210726608,24.26396769451411
475,e,82.57074533286074,82.57074533286074,17.520165059285052,29.61463966777734
476,na,24.837715603229164,26.288759090895173,7.552653733469223,7.755861547901025
477,na,82.57074533286074,82.57074533286074,88.81257188544902,88.81257188544902
478,na,82.57074533286074,82.57074533286074,23.969849854218957,24.897537549028858
479,na,0,6.626392909130037,0,6.227637220328352
480,na,82.57074533286074,82.57074533286074,42.17183167876091,42.42696109469946
481,e,82.57074533286074,82.57074533286074,30.88290317866419,31.095874594923504
482,na,8.136739902228346,10.170579198913128,13.112486507885508,17.15537743488473
483,na,82.57074533286074,82.57074533286074,88.81257188544902,88.81257188544902
484,na,82.57074533286074,82.57074533286074,20.0981888077275,20.955268152686077
485,na,3.385356562478874,15.377822665181586,26.552055326258063,32.780158419414846
486,na,-1,0,-1,0
487,na,16.38555867423581,21.09713211575788,88.81257188544902,88.81257188544902
488,na,16.196975262343937,20.825732548384803,33.928595678523536,33.93383365696807
489,na,10.439682527167175,12.27732500708857,9.644898600648665,10.41977070593081
490,na,82.57074533286074,82.57074533286074,23.075962807023473,30.208207931258254
491,e,82.57074533286074,82.57074533286074,88.81257188544902,88.81257188544902
492,na,23.74482026668014,25.76987652573877,30.873264477779436,35.48370045982751
493,na,82.57074533286074,82.57074533286074,43.53430037382957,47.43728828444256
494,na,82.57074533286074,82.57074533286074,88.81257188544902,88.81257188544902
495,na,82.57074533286074,82.57074533286074,88.81257188544902,88.81257188544902
496,na,25.988292434103606,28.684399928679117,28.399414514749157,35.61437074220616
497,na,35.13100252436213,40.53465102170959,40.57851445759648,52.85710281100459
498,na,19.018329577425938,24.928059851370183,3.7362888113159447,5.8964455413397605
499,na,25.563569406824886,82.57074533286074,21.551416852179504,26.00789705704036
500,na,4.184888016740611,10.406846697572995,0.5989244626860442,0.644506436186198
501,na,82.57074533286074,82.57074533286074,88.81257188544902,88.81257188544902
502,na,82.57074533286074,82.57074533286074,88.81257188544902,88.81257188544902
503,na,82.57074533286074,82.57074533286074,88.81257188544902,88.81257188544902
504,na,26.56337411913892,27.173768102446612,12.205375672676878,88.81257188544902
505,na,19.980763970233863,23.174612816707253,88.81257188544902,88.81257188544902
506,na,35.548012215029445,82.57074533286074,17.008571329348896,88.81257188544902
507,e,82.57074533286074,82.57074533286074,6.041220167700003,12.085761269791735
508,na,36.29227671646876,49.6804424884588,16.97323928565492,21.272697963037636
509,na,82.57074533286074,82.57074533286074,88.81257188544902,88.81257188544902
510,na,22.32778265294461,25.600172577730024,0.4504122215419075,4.914635808736237
511,na,38.24634617510119,42.78451761242767,88.81257188544902,88.81257188544902
512,na,18.978621864371753,35.98000554056345,9.49794447477011,11.051412043269746
513,na,13.752873290987143,23.97006372971627,88.81257188544902,88.81257188544902
514,na,17.30206786762115,20.509964494069106,88.81257188544902,88.81257188544902
515,e,26.90212110685897,27.219723283106017,88.81257188544902,88.81257188544902
516,na,20.903200117579406,24.337071197863203,9.592585909900533,14.143525188837852
517,e,82.57074533286074,82.57074533286074,88.81257188544902,88.81257188544902
518,na,33.30186286956784,35.236672225163844,88.81257188544902,88.81257188544902
519,na,82.57074533286074,82.57074533286074,88.81257188544902,88.81257188544902
520,na,15.974502386453457,17.293290816659766,2.8695678246400655,88.81257188544902
521,na,82.57074533286074,82.57074533286074,88.81257188544902,88.81257188544902
522,na,82.57074533286074,82.57074533286074,88.81257188544902,88.81257188544902
523,na,82.57074533286074,82.57074533286074,48.51228369494598,51.27973684956574
524,na,82.57074533286074,82.57074533286074,44.137805861858375,44.71119226440359
525,na,51.574951288839536,55.879842815572225,17.156776151565225,18.12910390639864
526,na,4.6037367848249975,5.060332817699654,0.05518997550885834,88.81257188544902
527,na,82.57074533286074,82.57074533286074,7.7546003265076955,11.701284289446797
528,na,3.1882366521564838,14.130074809334255,11.34832995865197,11.428229100689443
529,na,82.57074533286074,82.57074533286074,88.81257188544902,88.81257188544902
530,na,15.21755530680783,17.93344828512056,61.409353498871795,65.01272568552135
531,na,26.101845869165896,37.193828294505224,20.17765646480283,20.283538967878258
532,na,49.05962979105877,53.06628716352966,88.81257188544902,88.81257188544902
533,na,7.9249818405269785,9.164265523055366,30.186752193233232,31.42873710499959
534,na,44.956369784524966,49.55933489553333,14.25819864358698,16.05903367585698
535,na,82.57074533286074,82.57074533286074,45.56592356989246,59.01682870924682
536,na,43.23565263162841,47.64811197789704,42.11825028402892,46.19391964239481
537,na,20.80336286821196,25.553859091110187,9.7182740597478,10.121357872073725
538,na,82.57074533286074,82.57074533286074,88.81257188544902,88.81257188544902
539,na,82.57074533286074,82.57074533286074,88.81257188544902,88.81257188544902
540,na,37.01257779142225,37.09303698192523,35.79877556282351,40.39316251511515
541,na,51.605720692321114,51.62734529923848,23.147610299764096,24.695005969865846
542,na,29.3487944580996,37.29195432778851,25.82796058366067,34.754608815568865
543,na,30.38241005773677,36.13505130057945,88.81257188544902,88.81257188544902
544,e,82.57074533286074,82.57074533286074,88.81257188544902,88.81257188544902
545,na,82.57074533286074,82.57074533286074,34.85041310416841,35.81239753195003
546,na,23.466101500980795,23.6063117038189,88.81257188544902,88.81257188544902
547,na,82.57074533286074,82.57074533286074,26.301114881120252,27.08398774855447
548,e,82.57074533286074,82.57074533286074,88.81257188544902,88.81257188544902
549,na,7.7737549110107445,8.353194177064175,88.81257188544902,88.81257188544902
550,na,33.001847197206466,36.88641103828807,53.72360318154481,56.991014012487604
551,na,82.57074533286074,82.57074533286074,88.81257188544902,88.81257188544902
552,na,42.38848276497382,69.03342501620536,58.410186841541844,63.90430801525938
553,e,16.336851282920296,19.189392389008837,22.798945725645563,29.440338773697633
554,na,14.402920947878266,18.86536159053798,10.646382817146556,12.904477790675998
555,na,82.57074533286074,82.57074533286074,88.81257188544902,88.81257188544902
556,na,0,4.95820670135763,0,1.4624950473691014
557,na,82.57074533286074,82.57074533286074,88.81257188544902,88.81257188544902
558,na,82.57074533286074,82.57074533286074,46.48523402732124,54.650604812783214
559,na,41.83705809256923,52.99899089616445,88.81257188544902,88.81257188544902
560,na,82.57074533286074,82.57074533286074,11.498276342251327,12.41777959715487
561,na,82.57074533286074,82.57074533286074,34.20876408396396,34.53522481609289
562,na,82.57074533286074,82.57074533286074,88.81257188544902,88.81257188544902
563,na,82.57074533286074,82.57074533286074,88.81257188544902,88.81257188544902
564,na,28.03049536181724,28.45113923132752,46.02905315262298,48.4439396449101
565,na,45.01900137430682,49.64438641074276,51.97945999248663,52.09494166304933
566,na,82.57074533286074,82.57074533286074,11.54310987841963,12.566202131451554
567,na,82.57074533286074,82.57074533286074,6.272904891404585,14.223539895988441
568,na,82.57074533286074,82.57074533286074,88.81257188544902,88.81257188544902
569,na,53.922553569545386,61.99583794708935,88.81257188544902,88.81257188544902
570,na,27.627023347274037,27.913474137019268,48.220815871788076,49.554149019921944
571,na,38.79778424405647,43.525434868080744,88.81257188544902,88.81257188544902
572,e,82.57074533286074,82.57074533286074,88.81257188544902,88.81257188544902
573,na,82.57074533286074,82.57074533286074,88.81257188544902,88.81257188544902
574,na,22.970542284797908,28.309915769484654,58.07981397455004,70.36607039459436
575,na,36.383299209834014,37.58244934667718,41.092980109345056,44.58688296610839
576,na,3.2358551317332798,3.4286900766023956,14.983354050670973,23.533204089672434
577,na,10.503231604693728,11.610893256236984,9.297127190687847,16.427805586895868
578,na,82.57074533286074,82.57074533286074,88.81257188544902,88.81257188544902
579,na,82.57074533286074,82.57074533286074,88.81257188544902,88.81257188544902
580,na,3.2206888784212078,6.744164123540403,3.1250900315258177,3.7387391150040132
581,na,30.59037619646338,32.246110833022676,18.5454103108514,19.1287842767788
582,na,82.57074533286074,82.57074533286074,88.81257188544902,88.81257188544902
583,na,28.112070392081808,32.57800103455855,88.81257188544902,88.81257188544902
584,na,82.57074533286074,82.57074533286074,88.81257188544902,88.81257188544902
585,na,82.57074533286074,82.57074533286074,88.81257188544902,88.81257188544902
586,na,2.1829866166497442,14.421432485777347,15.722600849373753,18.007509112274633
587,e,82.57074533286074,82.57074533286074,28.88385145320895,29.65611782013143
588,na,2.798785025736252,4.519313056122782,0.5810498826417245,1.0587509587789847
589,na,25.89217940685055,32.066358076445745,13.767206800225175,19.496098353800548
590,na,0.10835114937680479,1.3168011290305226,0.19731933215381575,1.2909373188549262
591,na,82.57074533286074,82.57074533286074,8.883812455633924,15.670979550394218
592,na,82.57074533286074,82.57074533286074,88.81257188544902,88.81257188544902
593,na,82.57074533286074,82.57074533286074,88.81257188544902,88.81257188544902
594,na,36.91471363919516,41.33009886778142,88.81257188544902,88.81257188544902
595,na,25.037102913483437,34.203973434920925,13.376139184594349,13.951395352562132
596,na,21.229290884380354,25.22897481614372,26.955873516446072,29.565092435610556
597,na,30.488567309732705,32.951896444316326,88.81257188544902,88.81257188544902
598,na,18.913431637622637,26.2324035625156,88.81257188544902,88.81257188544902
599,na,40.442382986627294,41.721651840999264,3.3705976742649284,9.117765568445614
600,na,82.57074533286074,82.57074533286074,33.081703150109306,44.62349673428063
601,na,82.57074533286074,82.57074533286074,88.81257188544902,88.81257188544902
602,na,82.57074533286074,82.57074533286074,88.81257188544902,88.81257188544902
603,na,38.01052223221224,42.46319723207831,37.22193286888604,42.18338839667575
604,na,10.541006584940998,12.47621750101649,47.49131222392625,62.33272747191466
605,na,82.57074533286074,82.57074533286074,88.81257188544902,88.81257188544902
606,na,82.57074533286074,82.57074533286074,88.81257188544902,88.81257188544902
607,e,82.57074533286074,82.57074533286074,88.81257188544902,88.81257188544902
608,na,26.90085242708177,32.53201372961535,88.81257188544902,88.81257188544902
609,na,82.57074533286074,82.57074533286074,88.81257188544902,88.81257188544902
610,e,82.57074533286074,82.57074533286074,88.81257188544902,88.81257188544902
611,e,82.57074533286074,82.57074533286074,14.221593489046104,20.246884282641783
612,na,13.744623372629032,17.011454104464217,16.867907679272758,18.578788802393703
613,e,82.57074533286074,82.57074533286074,22.396746253888278,27.033686736042036
614,e,82.57074533286074,82.57074533286074,21.986105105726214,34.48979314797051
615,na,82.57074533286074,82.57074533286074,88.81257188544902,88.81257188544902
616,na,24.5191092856683,52.29125576877456,10.941885938917725,14.124325938788395
617,na,41.81908884941906,48.78643111384375,19.168710462212964,88.81257188544902
618,na,82.57074533286074,82.57074533286074,88.81257188544902,88.81257188544902
619,na,82.57074533286074,82.57074533286074,88.81257188544902,88.81257188544902
620,e,82.57074533286074,82.57074533286074,88.81257188544902,88.81257188544902
621,na,22.119127352883943,28.76851276195476,13.693564514044382,14.774649479825898
622,na,17.594071883693008,22.267896945066482,16.336767997197438,16.646242022767407
623,na,22.88157279453682,23.322864298336768,27.927028225597226,28.891288606941675
624,na,21.852633835631313,24.611940595115342,23.20422896698551,88.81257188544902
625,na,37.73470963513907,41.3466315756874,88.81257188544902,88.81257188544902
626,e,60.392719321679685,62.05020413373105,88.81257188544902,88.81257188544902
627,na,46.69066211520805,52.630041222211716,88.81257188544902,88.81257188544902
628,na,25.80599771157491,35.189886805100755,17.10737482676612,18.012611820292545
629,na,25.260529891477177,29.67580983744876,49.73863040541843,60.36799731290294
630,na,82.57074533286074,82.57074533286074,20.859565609283184,21.304503875365487
631,na,82.57074533286074,82.57074533286074,19.176152458915386,27.081017930383933
632,na,24.454917881812317,24.80821839950037,88.81257188544902,88.81257188544902
633,na,41.40797275877282,44.16495459174816,88.81257188544902,88.81257188544902
634,e,82.57074533286074,82.57074533286074,88.81257188544902,88.81257188544902
635,na,20.71182306964183,20.96284109966162,21.3421111022919,24.24729821081747
636,na,82.57074533286074,82.57074533286074,88.81257188544902,88.81257188544902
637,na,82.57074533286074,82.57074533286074,52.99226989997887,53.174131920515194
638,na,24.489297829641274,37.489155873517696,88.81257188544902,88.81257188544902
639,na,27.303184950228975,29.17379103843103,8.697130337391638,10.604947028969962
640,na,43.285952230036095,68.02486961370921,4.943444648898162,5.626918649421977
641,na,82.57074533286074,82.57074533286074,31.087781499531978,33.55380671873005
642,na,48.37072545372275,50.012222066081954,15.299790374953725,22.664631362341197
643,na,82.57074533286074,82.57074533286074,88.81257188544902,88.81257188544902
644,na,31.235012090464682,33.63212640844655,20.47944575932644,88.81257188544902
645,na,62.22179281354998,66.00586364310344,88.81257188544902,88.81257188544902
646,na,82.57074533286074,82.57074533286074,4.231239579485536,8.599931012719539
647,na,82.57074533286074,82.57074533286074,21.017802525360903,24.035244557320738
648,na,33.60325218042835,42.50585261771388,88.81257188544902,88.81257188544902
649,na,82.57074533286074,82.57074533286074,88.81257188544902,88.81257188544902
650,na,82.57074533286074,82.57074533286074,88.81257188544902,88.81257188544902
651,na,64.5714521653474,67.16014135250688,88.81257188544902,88.81257188544902
652,na,0,0.195537686370551,0,20.57052091436655
653,na,14.840551400180884,18.4144044049054,3.828160862575386,9.372634159322063
654,e,82.57074533286074,82.57074533286074,88.81257188544902,88.81257188544902
655,na,12.763655368236627,82.57074533286074,88.81257188544902,88.81257188544902
656,e,82.57074533286074,82.57074533286074,20.38309125455927,21.711269635528236
657,na,42.9287741817608,82.57074533286074,88.81257188544902,88.81257188544902
658,na,82.57074533286074,82.57074533286074,88.81257188544902,88.81257188544902
659,na,27.18738608909201,30.72169183285272,30.906463213045697,33.93740963527241
660,na,43.67690771832887,82.57074533286074,29.665787893689583,33.146034484987446
661,na,12.396002834319576,12.539094859985827,9.605810308733519,9.997932368200303
662,na,19.560221306723072,26.18948117422555,14.231499067715859,16.835585745209322
663,na,22.043598783819398,27.02909477977965,88.81257188544902,88.81257188544902
664,na,59.67219002568395,61.05865772504531,45.55808547272007,54.037007318746916
665,na,44.72335456208894,45.634502283587494,45.676722533544094,48.06402690553856
666,na,28.185853855272125,82.57074533286074,88.81257188544902,88.81257188544902
667,na,26.242110333616854,28.173489806792432,52.51062547991611,54.997942424685874
668,na,24.076866341720073,37.45748988139549,34.64003027732592,36.085141582849076
669,na,46.636135290745585,48.01689104713539,23.594131094183478,24.64500129397948
670,na,41.649252737528535,43.21445997158473,18.864493463994084,23.840871936399513
671,na,54.75633794842771,58.72698751482553,88.81257188544902,88.81257188544902
672,na,7.478853776278778,12.691384096679096,37.99810124058429,42.452275276136625
673,na,18.964047804323265,19.650592902584496,13.353681864016885,14.157583238103207
674,na,82.57074533286074,82.57074533286074,38.868705879150255,51.97142663915582
675,na,15.55755040480767,20.818736826010806,23.21731148803458,31.01770834293283
676,e,82.57074533286074,82.57074533286074,10.0936334594194,26.89918868688768
677,na,2.877715205250188,9.757969299319106,88.81257188544902,88.81257188544902
678,na,82.57074533286074,82.57074533286074,88.81257188544902,88.81257188544902
679,na,14.86367437585917,19.689863427468904,32.2181803811919,41.0637418763699
680,na,82.57074533286074,82.57074533286074,21.184480338908255,22.800815030826982
681,na,34.84351559163881,35.09538306792426,8.575744865433828,9.86355217832942
682,na,82.57074533286074,82.57074533286074,88.81257188544902,88.81257188544902
683,na,36.75941316813309,39.97509675352909,88.81257188544902,88.81257188544902
684,na,23.799440866002467,27.299682051344018,33.82838569186293,42.633098184404275
685,na,30.848126029798546,31.693115810213577,88.81257188544902,88.81257188544902
686,na,11.279317560483955,11.66128747509082,51.404646336649236,55.21471891674554
687,na,15.212659610377903,16.668693317787213,12.203393311179479,88.81257188544902
688,na,20.995595670495522,24.332963650181057,33.70434839640233,36.07010641030041
689,na,24.817421665592466,24.88708790490939,30.59736255871207,35.21118202190525
690,na,41.899980458294785,61.585049473373864,21.014216688349762,21.126321478543726
691,na,82.57074533286074,82.57074533286074,88.81257188544902,88.81257188544902
692,na,41.95770683600314,45.77198004321027,12.462781389106755,13.855899158749882
693,na,82.57074533286074,82.57074533286074,29.253446485023883,33.42709334045701
694,na,9.940290397825171,10.084786901103632,32.0403359806266,35.05711519497956
695,na,82.57074533286074,82.57074533286074,88.81257188544902,88.81257188544902
696,na,82.57074533286074,82.57074533286074,43.54514521637922,46.337391742978
697,na,19.200713090480416,19.248747887723358,31.12534131040123,36.185264059763
698,na,82.57074533286074,82.57074533286074,29.87634159506075,30.033094536504002
699,na,24.2732947254216,26.4702232954758,88.81257188544902,88.81257188544902
700,na,19.081330682992096,24.873379500764315,2.0279131983627865,14.891204880245887
701,na,82.57074533286074,82.57074533286074,26.831002202461942,31.48510463511169
702,na,22.398373031557774,25.918166683903024,14.41215380615528,21.508403815378564
703,na,62.15788748622605,62.23707122311611,19.604809127524263,19.793512956762495
704,na,82.57074533286074,82.57074533286074,16.345863130038474,17.679691800800853
705,e,82.57074533286074,82.57074533286074,88.81257188544902,88.81257188544902
706,na,55.57047190617971,82.57074533286074,88.81257188544902,88.81257188544902
707,na,82.57074533286074,82.57074533286074,26.062371013480924,88.81257188544902
708,na,36.314968453646586,39.845172139677906,11.836110159804287,18.638487444697454
709,na,25.30968528934318,44.38033404084551,50.85846243941519,55.58531367821517
710,na,82.57074533286074,82.57074533286074,88.81257188544902,88.81257188544902
711,na,31.18999237808118,35.99603579852903,8.56817214799349,24.83405975370437
712,na,10.750703475043224,12.149912997253177,88.81257188544902,88.81257188544902
713,na,82.57074533286074,82.57074533286074,88.81257188544902,88.81257188544902
714,e,13.173164339129324,18.31710126432752,39.52026570209746,39.81793134612098
715,e,82.57074533286074,82.57074533286074,88.81257188544902,88.81257188544902
716,na,82.57074533286074,82.57074533286074,88.81257188544902,88.81257188544902
717,e,26.6647146613269,43.59912383724852,12.578597325703232,14.174481947001864
718,na,12.758966494212167,17.25436122486107,88.81257188544902,88.81257188544902
719,na,82.57074533286074,82.57074533286074,88.81257188544902,88.81257188544902
720,na,24.760996908360543,31.79617065715638,88.81257188544902,88.81257188544902
721,na,82.57074533286074,82.57074533286074,88.81257188544902,88.81257188544902
722,na,11.626050814433807,15.274779637398936,1.7742826058608694,5.800500690719842
723,na,82.57074533286074,82.57074533286074,88.81257188544902,88.81257188544902
724,na,82.57074533286074,82.57074533286074,88.81257188544902,88.81257188544902
725,na,19.118417664399313,19.643369250706623,2.133684537028162,5.4983585728391935
726,na,29.440402451649692,31.705439476655066,20.109897884043676,21.416106870609177
727,na,48.47509293946819,53.2112097820876,88.81257188544902,88.81257188544902
728,na,82.57074533286074,82.57074533286074,42.80875415904775,47.07548847980737
729,na,82.57074533286074,82.57074533286074,88.81257188544902,88.81257188544902
730,na,82.57074533286074,82.57074533286074,23.598633099092226,31.061215956643007
731,na,11.467953713962254,14.803810275342395,88.81257188544902,88.81257188544902
732,na,11.009739842836938,11.011385850487839,88.81257188544902,88.81257188544902
733,na,4.294486836457345,10.254757225464564,88.81257188544902,88.81257188544902
734,na,82.57074533286074,82.57074533286074,88.81257188544902,88.81257188544902
735,e,48.10675114811398,58.57879627654902,9.188719765685684,9.316727580228031
736,na,82.57074533286074,82.57074533286074,34.64145972400818,34.645452863688625
737,na,82.57074533286074,82.57074533286074,88.81257188544902,88.81257188544902
738,na,82.57074533286074,82.57074533286074,88.81257188544902,88.81257188544902
739,na,36.83439477321091,38.15770129311793,50.78066513148745,57.050340441909206
740,na,82.57074533286074,82.57074533286074,29.320610665083098,38.13536221202941
741,na,82.57074533286074,82.57074533286074,88.81257188544902,88.81257188544902
742,na,24.022243129967258,34.38616002840638,88.81257188544902,88.81257188544902
743,na,8.534103767366984,20.563762853535582,26.147791802969323,44.207145489355355
744,e,82.57074533286074,82.57074533286074,88.81257188544902,88.81257188544902
745,na,0.677844906873108,2.3082127636957432,1.442469092183003,2.8012429556893634
746,na,7.458174023207287,9.395206788737053,88.81257188544902,88.81257188544902
747,na,30.487867766553524,82.57074533286074,28.23828293768618,39.16301026003401
748,na,10.400421741470677,10.756611906715252,25.751291379778127,42.60297579718868
749,na,73.88329727923781,76.44843741312239,88.81257188544902,88.81257188544902
750,na,38.15414316565426,39.525341845448445,88.81257188544902,88.81257188544902
751,na,82.57074533286074,82.57074533286074,88.81257188544902,88.81257188544902
752,na,61.83666268201516,62.12245002361017,9.883010320183729,19.1312392690271
753,na,9.87439726378019,9.99024971941271,39.84037665135588,42.463959472552304
754,na,82.57074533286074,82.57074533286074,88.81257188544902,88.81257188544902
755,na,82.57074533286074,82.57074533286074,88.81257188544902,88.81257188544902
756,na,30.500187895817493,44.65782544139033,18.89091375759318,25.391377951273867
757,na,82.57074533286074,82.57074533286074,88.81257188544902,88.81257188544902
758,na,82.57074533286074,82.57074533286074,88.81257188544902,88.81257188544902
759,na,82.57074533286074,82.57074533286074,88.81257188544902,88.81257188544902
760,na,4.780056466220026,16.0438917738394,88.81257188544902,88.81257188544902
761,na,23.36082759663447,25.24087931797254,5.068877480445001,7.980180416638402
762,na,5.299957231682995,10.61014612528955,3.1974318965689172,9.876549563646103
763,na,82.57074533286074,82.57074533286074,88.81257188544902,88.81257188544902
764,na,82.57074533286074,82.57074533286074,88.81257188544902,88.81257188544902
765,na,19.09104902417995,21.36535669078123,27.999493502150475,31.912867164025982
766,na,11.786283442721713,82.57074533286074,23.57907905478036,32.01416175361195
767,na,82.57074533286074,82.57074533286074,88.81257188544902,88.81257188544902
768,na,82.57074533286074,82.57074533286074,3.3122793472651937,6.081475153377843
769,na,20.25837392678518,27.949067270385445,40.730894268257664,40.94162400537397
770,na,25.439203439520142,33.766306083211,37.44031621718562,38.14706843157154
771,na,52.43860650503301,61.32727715288304,88.81257188544902,88.81257188544902
772,e,82.57074533286074,82.57074533286074,27.06474214614782,38.12437726358021
773,na,28.562531131962754,38.57047140499498,2.7807763102548417,3.5014363044773877
774,na,82.57074533286074,82.57074533286074,28.070978922367175,31.43033365993232
775,na,82.57074533286074,82.57074533286074,88.81257188544902,88.81257188544902
776,na,82.57074533286074,82.57074533286074,88.81257188544902,88.81257188544902
777,na,82.57074533286074,82.57074533286074,14.15890338615271,88.81257188544902
778,na,82.57074533286074,82.57074533286074,88.81257188544902,88.81257188544902
779,na,8.702887228068263,13.590271583061236,40.37320434772535,47.17660412407237
780,na,62.94901900235808,81.59486403778997,64.45313792407862,65.16532483835744
781,na,24.552301206945245,24.919393234463026,44.567251066982486,52.74113730167699
782,na,42.395481811833314,47.29953913121031,9.009818214455796,27.192824641640822
783,na,35.992734101994266,36.464891443526604,13.513657668781645,15.358991686829672
784,e,30.417970955642275,40.10241596047315,3.574524447729549,4.047849277701941
785,na,82.57074533286074,82.57074533286074,9.653347744075944,11.069816833175661
786,na,82.57074533286074,82.57074533286074,39.4428601001599,40.53499022524226
787,na,82.57074533286074,82.57074533286074,88.81257188544902,88.81257188544902
788,na,26.113657428499213,26.602000106931452,19.279070243616843,22.427288496483083
789,na,82.57074533286074,82.57074533286074,60.856024962811574,74.20810392905463
790,na,82.57074533286074,82.57074533286074,88.81257188544902,88.81257188544902
791,na,82.57074533286074,82.57074533286074,88.81257188544902,88.81257188544902
792,na,82.57074533286074,82.57074533286074,88.81257188544902,88.81257188544902
793,na,82.57074533286074,82.57074533286074,88.81257188544902,88.81257188544902
794,na,82.57074533286074,82.57074533286074,19.361881683156064,20.517945066130995
795,na,19.06557979563042,22.03210063108955,88.81257188544902,88.81257188544902
796,na,27.825872415772114,30.24769808667454,28.5629169682247,88.81257188544902
797,na,21.083239140540794,23.13990293114867,46.092829777737215,51.206493609816654
798,na,19.52881308714868,21.523467167052665,20.068475237812674,25.104769571025987
799,na,82.57074533286074,82.57074533286074,42.80425969409754,43.156644278402254
800,e,82.57074533286074,82.57074533286074,88.81257188544902,88.81257188544902
801,na,60.46468394437054,60.86817021270944,88.81257188544902,88.81257188544902
802,na,6.214726826941751,10.58010589135155,12.849378002618398,13.298587675285187
803,na,82.57074533286074,82.57074533286074,88.81257188544902,88.81257188544902
804,na,82.57074533286074,82.57074533286074,20.095334889010427,42.69675364999943
805,na,82.57074533286074,82.57074533286074,88.81257188544902,88.81257188544902
806,na,23.66135076801629,26.23533626039832,43.70788360113478,48.62554123914856
807,na,82.57074533286074,82.57074533286074,43.33744447829175,49.96504119538165
808,na,82.57074533286074,82.57074533286074,88.81257188544902,88.81257188544902
809,na,82.57074533286074,82.57074533286074,12.619101827069292,88.81257188544902
810,na,82.57074533286074,82.57074533286074,88.81257188544902,88.81257188544902
811,na,20.543784430861063,20.67224515308269,9.946380785261534,20.37283065943655
812,na,82.57074533286074,82.57074533286074,14.61576697330587,26.035930154669547
813,na,82.57074533286074,82.57074533286074,88.81257188544902,88.81257188544902
814,na,12.535811343544163,18.062225809516445,6.028172013299311,6.256554795975215
815,na,82.57074533286074,82.57074533286074,88.81257188544902,88.81257188544902
816,na,82.57074533286074,82.57074533286074,88.81257188544902,88.81257188544902
817,na,82.57074533286074,82.57074533286074,88.81257188544902,88.81257188544902
818,na,11.353983755521652,14.258057137118481,22.51060282431001,31.03242818049084
819,na,82.57074533286074,82.57074533286074,88.81257188544902,88.81257188544902
820,na,62.0340066088649,68.81531574125593,88.81257188544902,88.81257188544902
821,na,82.57074533286074,82.57074533286074,88.81257188544902,88.81257188544902
822,na,82.57074533286074,82.57074533286074,88.81257188544902,88.81257188544902
823,na,29.299036598572197,34.98361888710446,8.221502345138033,12.39396697639938
824,na,16.33418782062655,20.946027232852423,28.282492060517377,30.629284618330566
825,na,36.45668159526197,82.57074533286074,88.81257188544902,88.81257188544902
826,na,18.54294409413514,25.33927477300316,8.141324799116019,8.839722843363448
827,na,37.417753814738624,43.09659816981509,88.81257188544902,88.81257188544902
828,na,82.57074533286074,82.57074533286074,88.81257188544902,88.81257188544902
829,na,82.57074533286074,82.57074533286074,17.915151093625614,26.702642654613935
830,na,82.57074533286074,82.57074533286074,30.55432617013612,33.37805454496667
831,na,82.57074533286074,82.57074533286074,88.81257188544902,88.81257188544902
832,na,82.57074533286074,82.57074533286074,88.81257188544902,88.81257188544902
833,na,33.03357826996904,40.267852043887466,88.81257188544902,88.81257188544902
834,na,8.789754005121543,15.24141632390321,0.0704947176745231,0.2413730192926688
835,e,82.57074533286074,82.57074533286074,88.81257188544902,88.81257188544902
836,na,82.57074533286074,82.57074533286074,88.81257188544902,88.81257188544902
837,na,17.950307226456413,36.590479045510946,8.35475513399079,17.43008579383287
838,na,42.08632116433291,82.57074533286074,17.641825257797862,37.37221107424631
839,na,82.57074533286074,82.57074533286074,88.81257188544902,88.81257188544902
840,na,82.57074533286074,82.57074533286074,88.81257188544902,88.81257188544902
841,na,39.72444571547339,48.50779622994787,26.567464684961905,30.521705328351562
842,na,14.004468456527864,17.41139862312714,88.81257188544902,88.81257188544902
843,na,82.57074533286074,82.57074533286074,88.81257188544902,88.81257188544902
844,e,82.57074533286074,82.57074533286074,88.81257188544902,88.81257188544902
845,na,36.203576255275216,42.74001557921387,13.025767587339192,21.155028785421916
846,na,45.06375725034259,54.32279896329416,88.81257188544902,88.81257188544902
847,na,82.57074533286074,82.57074533286074,88.81257188544902,88.81257188544902
848,na,12.284000954482451,17.065713675676005,19.590570738068035,19.82110231387481
849,na,59.65382880302635,64.21767372312084,39.60040710730498,45.81846288212604
850,na,4.789396157796777,12.092364258702556,13.449220395903719,88.81257188544902
851,na,16.406379678690403,82.57074533286074,12.712965509888079,15.516171269112142
852,na,82.57074533286074,82.57074533286074,88.81257188544902,88.81257188544902
853,na,82.57074533286074,82.57074533286074,21.988724401810895,22.93112382305514
854,na,48.14716203593793,54.16265699297931,88.81257188544902,88.81257188544902
855,na,82.57074533286074,82.57074533286074,88.81257188544902,88.81257188544902
856,na,45.07000407584982,48.80494005619682,20.48983300407412,88.81257188544902
857,na,82.57074533286074,82.57074533286074,88.81257188544902,88.81257188544902
858,na,40.34973925497182,82.57074533286074,22.662323897865384,23.558994773962876
859,e,28.93876146902989,30.037918602652717,88.81257188544902,88.81257188544902
860,na,82.57074533286074,82.57074533286074,88.81257188544902,88.81257188544902
861,na,82.57074533286074,82.57074533286074,88.81257188544902,88.81257188544902
862,na,8.458531560996395,17.563452046318407,4.560682779752085,6.008683944027976
863,na,15.595843518805179,18.268212003662846,33.195565265392936,33.77776922569092
864,na,15.466661655812606,16.1087403473217,5.355600863232719,7.878334201501554
865,na,20.97117085048255,30.914237405450866,88.81257188544902,88.81257188544902
866,na,33.916924141730014,35.97922750974236,88.81257188544902,88.81257188544902
867,na,51.22202061784343,52.25197095564389,59.93683107318085,64.84538114143322
868,na,18.442306228746837,38.95045670203586,8.883372685574328,10.766323661577388
869,na,24.398140594413757,28.67209469299839,24.866967020616507,28.727774013580845
870,na,82.57074533286074,82.57074533286074,88.81257188544902,88.81257188544902
871,na,23.416811874218517,43.448461062492896,56.31208792774456,60.18645173725145
872,na,82.57074533286074,82.57074533286074,32.30116044226003,41.17403508420332
873,na,37.5898095064748,39.47060460572553,88.81257188544902,88.81257188544902
874,na,39.621908368826325,44.83437992017477,88.81257188544902,88.81257188544902
875,e,82.57074533286074,82.57074533286074,17.447582654145428,18.205282388416876
876,na,12.168615182800112,12.189230140158495,39.241481942751115,47.97487531808115
877,na,82.57074533286074,82.57074533286074,14.268951386758832,26.187046227473868
878,na,82.57074533286074,82.57074533286074,34.979721043592136,88.81257188544902
879,e,66.63622622532893,68.6369695746638,88.81257188544902,88.81257188544902
880,na,82.57074533286074,82.57074533286074,13.841784802525343,14.067577625837428
881,na,29.914338819403127,36.65983646697676,88.81257188544902,88.81257188544902
882,na,82.57074533286074,82.57074533286074,88.81257188544902,88.81257188544902
883,na,82.57074533286074,82.57074533286074,30.197499668627902,30.51069589274129
884,na,82.57074533286074,82.57074533286074,22.1175599373491,33.740270561336274
885,na,82.57074533286074,82.57074533286074,88.81257188544902,88.81257188544902
886,na,0,0.23085667032761142,0,0.6777694291259269
887,na,27.605317083599832,29.691865663677834,40.95848114002408,41.47511889869622
888,na,82.57074533286074,82.57074533286074,88.81257188544902,88.81257188544902
889,na,82.57074533286074,82.57074533286074,88.81257188544902,88.81257188544902
890,na,82.57074533286074,82.57074533286074,88.81257188544902,88.81257188544902
891,na,82.57074533286074,82.57074533286074,16.739825218738705,23.79599030912109
892,na,82.57074533286074,82.57074533286074,30.236977623405174,33.37920112817114
893,na,51.23439340702096,82.57074533286074,88.81257188544902,88.81257188544902
894,na,0,0.27785939626818024,0,1.8781287057430847
895,na,41.109718830190495,42.8224902210526,3.7011280877868904,7.786261626059139
896,e,22.422324537187777,26.004874396141602,9.547502863132657,10.445317812167014
897,na,53.53445528949029,60.65218509706112,88.81257188544902,88.81257188544902
898,na,48.27633705149174,48.793348204077176,36.62466500916881,38.55869607125463
899,na,24.54243517188161,26.77953320409093,30.000988067167924,88.81257188544902
900,na,82.57074533286074,82.57074533286074,88.81257188544902,88.81257188544902
901,e,82.57074533286074,82.57074533286074,88.81257188544902,88.81257188544902
902,na,82.57074533286074,82.57074533286074,62.399620645851286,88.81257188544902
903,na,49.16538018087966,59.54415039250079,11.325148117427647,14.577727391461485
904,na,22.309788413337817,82.57074533286074,88.81257188544902,88.81257188544902
905,na,82.57074533286074,82.57074533286074,88.81257188544902,88.81257188544902
906,e,82.57074533286074,82.57074533286074,88.81257188544902,88.81257188544902
907,na,22.816272026657927,23.459842277609855,45.44641566371384,50.70955552593691
908,na,15.404792327160235,17.15092059989604,17.847135153872802,17.923915417769603
909,e,51.69730703508114,82.57074533286074,3.1655373139183696,4.10262376996876
910,na,10.020944890519239,10.771738300073745,88.81257188544902,88.81257188544902
911,na,12.335457064011484,18.913047097835463,26.655582699094744,36.561297678989774
912,na,0,0.5091976623366515,0,1.0316540198681523
913,na,34.15440838364733,39.531325838825,22.006149585849542,24.67473503223993
914,na,0,2.663418671994561,0,3.0097332952509794
915,na,8.805371207815984,9.780863968593135,43.76788417663445,44.041057135134466
916,e,82.57074533286074,82.57074533286074,88.81257188544902,88.81257188544902
917,na,82.57074533286074,82.57074533286074,33.99792556483893,34.4332322052424
918,na,15.836445914203823,20.489737686137367,88.81257188544902,88.81257188544902
919,na,35.21899284724939,37.817239858831925,88.81257188544902,88.81257188544902
920,na,29.86271518828625,41.38905265680301,19.566078988131984,28.8600456184151
921,na,8.373995823341064,19.027912613341393,88.81257188544902,88.81257188544902
922,na,4.796903266177567,5.833426219779809,4.05606617622067,5.186127548610229
923,na,82.57074533286074,82.57074533286074,88.81257188544902,88.81257188544902
924,e,82.57074533286074,82.57074533286074,88.81257188544902,88.81257188544902
925,e,82.57074533286074,82.57074533286074,39.80146234895907,40.6065428673565
926,na,24.142707876267313,25.558576777120123,45.19793630312872,47.450696705592804
927,na,82.57074533286074,82.57074533286074,88.81257188544902,88.81257188544902
928,na,82.57074533286074,82.57074533286074,88.81257188544902,88.81257188544902
929,na,82.57074533286074,82.57074533286074,25.062367485914617,31.014916316210133
930,na,82.57074533286074,82.57074533286074,88.81257188544902,88.81257188544902
931,na,82.57074533286074,82.57074533286074,88.81257188544902,88.81257188544902
932,na,82.57074533286074,82.57074533286074,88.81257188544902,88.81257188544902
933,na,82.57074533286074,82.57074533286074,30.407537729262057,34.961656536528274
934,na,25.096710788961527,28.133978602347124,10.548595395685915,12.947708638372683
935,na,82.57074533286074,82.57074533286074,41.771433491770736,53.04589899037646
936,na,0,0.9066763659586874,0,0.9265249136833755
937,na,28.369561223027855,29.88452743672571,28.665466985848887,29.798503342867804
938,na,82.57074533286074,82.57074533286074,88.81257188544902,88.81257188544902
939,na,82.57074533286074,82.57074533286074,23.055185447684806,25.321388558668513
940,e,31.812266305262213,36.12429172079694,26.845585964628185,28.692237486660108
941,na,22.644206770081965,38.83963628886114,88.81257188544902,88.81257188544902
942,na,82.57074533286074,82.57074533286074,88.81257188544902,88.81257188544902
943,na,82.57074533286074,82.57074533286074,88.81257188544902,88.81257188544902
944,na,44.144233662604066,46.56983668354004,88.81257188544902,88.81257188544902
945,na,7.769392072116398,8.258414728783285,21.250834108382453,24.26718201616002
946,na,82.57074533286074,82.57074533286074,88.81257188544902,88.81257188544902
947,na,82.57074533286074,82.57074533286074,33.36083617520056,39.44237696101252
948,na,15.418681034067461,19.931019602178544,88.81257188544902,88.81257188544902
949,na,82.57074533286074,82.57074533286074,28.29491647630601,34.488490690111966
950,na,5.122167711550864,9.806020372164149,12.768014873086873,14.871751054302589
951,na,82.57074533286074,82.57074533286074,88.81257188544902,88.81257188544902
952,na,82.57074533286074,82.57074533286074,15.15165924748162,18.922790407533057
953,na,82.57074533286074,82.57074533286074,88.81257188544902,88.81257188544902
954,na,7.205854189009625,9.723381115924095,6.456900810006748,16.32887309203865
955,na,82.57074533286074,82.57074533286074,15.847849218440732,35.511446455833465
956,na,36.104659968372886,46.53196665177354,5.794885524886163,5.811612658050849
957,na,15.014102073957082,20.718614792331486,27.068323736483478,28.07542520731429
958,na,82.57074533286074,82.57074533286074,14.393733800964593,16.66218090879106
959,na,13.995499180388483,24.85590786565592,29.78065354741974,35.06155999360114
960,na,18.65193595393181,19.07799357525552,2.0053448070562685,2.989887679544746
961,na,82.57074533286074,82.57074533286074,3.5162646224886016,4.688763345322487
962,na,82.57074533286074,82.57074533286074,88.81257188544902,88.81257188544902
963,na,55.57032063784616,76.98458071204975,88.81257188544902,88.81257188544902
964,na,82.57074533286074,82.57074533286074,25.074833555001515,34.025081520235624
965,na,82.57074533286074,82.57074533286074,16.04127338787789,21.153630669281142
966,e,82.57074533286074,82.57074533286074,88.81257188544902,88.81257188544902
967,na,28.938756256535488,31.081682367522763,49.32124236014557,54.81921615005949
968,na,30.364339009720382,82.57074533286074,21.363690192927546,23.822276712631894
969,e,82.57074533286074,82.57074533286074,88.81257188544902,88.81257188544902
970,e,82.57074533286074,82.57074533286074,88.81257188544902,88.81257188544902
971,e,10.604100609582995,13.516107770798255,20.135137411492785,20.506542074981606
972,na,19.642167290823807,19.82539201692375,28.955910808496323,29.921204873045337
973,e,35.08430531130125,35.73020126163857,22.92015280714386,29.22656751456406
974,na,82.57074533286074,82.57074533286074,88.81257188544902,88.81257188544902
975,na,20.943541238017968,22.80411367766479,88.81257188544902,88.81257188544902
976,na,15.357683202958533,26.325649729537094,21.405882558652362,30.16515498496697
977,na,14.537336724565169,20.505008747085057,88.81257188544902,88.81257188544902
978,e,82.57074533286074,82.57074533286074,19.97228185999256,32.19833814412535
979,na,35.51995476296079,42.06676654406374,27.958087645406355,28.36538632454514
980,na,82.57074533286074,82.57074533286074,51.46973277430004,62.33405525067342
981,na,82.57074533286074,82.57074533286074,88.81257188544902,88.81257188544902
982,na,82.57074533286074,82.57074533286074,88.81257188544902,88.81257188544902
983,na,28.045005098598303,28.72917383606014,88.81257188544902,88.81257188544902
984,na,82.57074533286074,82.57074533286074,88.81257188544902,88.81257188544902
985,na,8.122643137073096,16.11623386020195,88.81257188544902,88.81257188544902
986,na,82.57074533286074,82.57074533286074,88.81257188544902,88.81257188544902
987,na,82.57074533286074,82.57074533286074,88.81257188544902,88.81257188544902
988,na,21.164912692612393,31.401727931828614,0.5024034122359368,1.1910497995652443
989,na,82.57074533286074,82.57074533286074,7.249964908626208,7.325632161055234
990,na,82.57074533286074,82.57074533286074,30.51999139477211,30.609424264375562
991,e,82.57074533286074,82.57074533286074,88.81257188544902,88.81257188544902
992,na,82.57074533286074,82.57074533286074,88.81257188544902,88.81257188544902
993,e,82.57074533286074,82.57074533286074,88.81257188544902,88.81257188544902
994,na,82.57074533286074,82.57074533286074,48.62619333777814,56.351184539580416
995,na,11.540123826811337,12.233605917576886,88.81257188544902,88.81257188544902
996,na,82.57074533286074,82.57074533286074,88.81257188544902,88.81257188544902
997,na,82.57074533286074,82.57074533286074,88.81257188544902,88.81257188544902
998,na,15.898680208003466,23.474085588276427,4.25423652040685,4.850197981341876
999,na,14.727530999773721,16.496390386104977,25.318761976939197,88.81257188544902
