node, assignment, time2inf_trt, time2inf_con,
0,na,197.18432341964066,126.07412086397085
1,na,0,0
2,na,197.18432341964066,126.07412086397085
3,na,197.18432341964066,126.07412086397085
4,na,55.72726650753675,41.619129883015
5,na,73.86717174709337,50.38278576694687
6,e,71.15030670676663,40.93786898722613
7,e,197.18432341964066,126.07412086397085
8,na,33.51441321318228,62.08846793333802
9,na,197.18432341964066,126.07412086397085
10,na,197.18432341964066,61.61524428747475
11,na,197.18432341964066,126.07412086397085
12,e,197.18432341964066,32.16756624207199
13,na,58.597373310501936,49.006578631546525
14,na,71.27833369866042,80.85917389955813
15,na,56.85974756166247,58.32622345394088
16,na,77.49268312155965,71.40997833279134
17,na,52.42865825397759,20.985411130945078
18,na,197.18432341964066,126.07412086397085
19,na,49.148819095175504,12.59702106278919
20,na,62.820030349607755,54.75313291166211
21,e,197.18432341964066,21.845963166704415
22,e,197.18432341964066,126.07412086397085
23,na,80.08685540096256,22.61853148584179
24,na,197.18432341964066,126.07412086397085
25,na,91.50307505935434,83.79937937186472
26,e,79.76801619358262,47.067771060447534
27,na,85.24272147795666,61.653982491889785
28,na,197.18432341964066,68.22987809646152
29,na,197.18432341964066,126.07412086397085
30,na,32.87455753183998,47.5827922050751
31,na,197.18432341964066,9.322800497391212
32,na,68.49162422057458,51.38466000214653
33,na,197.18432341964066,126.07412086397085
34,na,101.84768735855387,54.66946539168427
35,e,197.18432341964066,126.07412086397085
36,na,197.18432341964066,126.07412086397085
37,na,197.18432341964066,49.8277005738585
38,na,7.074204996133383,9.391785231186478
39,e,197.18432341964066,56.59581682201786
40,na,96.90722786829217,54.43668898616262
41,na,197.18432341964066,126.07412086397085
42,na,46.89859359557127,25.886699330361235
43,na,69.82341620255518,25.028822449189686
44,na,98.29888993916906,126.07412086397085
45,na,197.18432341964066,43.65678128672351
46,e,197.18432341964066,29.516762358168677
47,e,197.18432341964066,23.55500951518929
48,na,47.134614173640784,54.52237284320502
49,na,140.49488032528444,45.637999904870384
50,na,51.06871925019382,126.07412086397085
51,na,127.82501891281507,12.2646731527022
52,na,78.53795025570189,126.07412086397085
53,na,197.18432341964066,126.07412086397085
54,na,71.6152661092605,42.67653103672543
55,na,97.00145743448817,126.07412086397085
56,e,48.954693791891216,25.932176891546597
57,e,197.18432341964066,41.473093555835916
58,na,75.4721447050781,35.75690229398549
59,e,197.18432341964066,16.11531565167742
60,na,108.15708678156729,126.07412086397085
61,na,63.827190075883024,41.248888220377935
62,na,60.037119734258155,26.741840489746544
63,na,197.18432341964066,43.959968683239914
64,na,197.18432341964066,7.793621111735953
65,na,71.91539326471775,36.7793200731764
66,e,197.18432341964066,126.07412086397085
67,na,197.18432341964066,126.07412086397085
68,e,73.72764762090647,39.090683281177945
69,na,197.18432341964066,43.60252829290564
70,na,197.18432341964066,59.45906094461154
71,na,85.15264241868232,45.62844247061654
72,na,197.18432341964066,40.6429268591186
73,na,197.18432341964066,126.07412086397085
74,na,76.38011421375401,69.91567630010513
75,na,61.747820300609604,53.6337246377059
76,na,197.18432341964066,126.07412086397085
77,na,197.18432341964066,41.12767668829315
78,na,197.18432341964066,14.419219827942543
79,na,197.18432341964066,22.539287936171004
80,e,93.96707658059796,43.058963383480524
81,e,197.18432341964066,126.07412086397085
82,na,77.59436739189607,48.34115541913389
83,na,57.82811847218179,126.07412086397085
84,na,197.18432341964066,51.18585989768354
85,na,197.18432341964066,47.89123130725998
86,na,197.18432341964066,126.07412086397085
87,na,197.18432341964066,46.709970027120505
88,e,197.18432341964066,52.877646248823694
89,na,197.18432341964066,58.73432168322206
90,na,48.66191606076707,52.5806613697665
91,na,51.605197414204156,42.938550023610965
92,na,197.18432341964066,126.07412086397085
93,na,197.18432341964066,108.60553190143396
94,na,197.18432341964066,126.07412086397085
95,na,197.18432341964066,126.07412086397085
96,na,38.26670282956824,29.709160064905127
97,e,71.98087219665548,65.993630805026
98,na,74.77296074215434,44.00992291618793
99,na,197.18432341964066,12.989571370949232
100,na,197.18432341964066,126.07412086397085
101,na,45.24260077661767,58.934394106399054
102,na,197.18432341964066,61.088495516831394
103,na,197.18432341964066,126.07412086397085
104,na,197.18432341964066,53.69626231561978
105,na,197.18432341964066,126.07412086397085
106,na,38.59233309900936,49.58078509426301
107,na,197.18432341964066,126.07412086397085
108,e,68.71435978734901,3.4600690898498896
109,e,197.18432341964066,126.07412086397085
110,na,197.18432341964066,126.07412086397085
111,e,165.71061619380444,45.68329753674804
112,e,197.18432341964066,126.07412086397085
113,na,98.3805164441128,126.07412086397085
114,e,197.18432341964066,126.07412086397085
115,na,65.16463154355264,126.07412086397085
116,na,197.18432341964066,126.07412086397085
117,na,197.18432341964066,126.07412086397085
118,e,197.18432341964066,58.19447940529439
119,na,61.48661045729419,50.69530457254231
120,na,113.46115794764707,43.308786810941065
121,na,183.43785551933567,53.26559811385614
122,na,197.18432341964066,33.231935304911474
123,e,38.054862848054576,52.53664464282754
124,na,77.43448404180144,126.07412086397085
125,na,197.18432341964066,26.5535038457738
126,na,49.878573829762985,56.227570938749764
127,na,197.18432341964066,126.07412086397085
128,na,197.18432341964066,126.07412086397085
129,na,63.965505025382335,126.07412086397085
130,na,90.71687230797514,55.050349370444934
131,e,197.18432341964066,126.07412086397085
132,e,197.18432341964066,66.63923637337076
133,e,197.18432341964066,126.07412086397085
134,na,68.9432625324002,47.664119362783104
135,na,79.07866997552007,52.83195023881945
136,na,126.38629757909905,35.290206018406
137,na,197.18432341964066,25.515511791307265
138,na,197.18432341964066,126.07412086397085
139,na,197.18432341964066,68.58731985114899
140,na,197.18432341964066,62.42441275702203
141,na,70.99135459279212,126.07412086397085
142,na,197.18432341964066,47.88758005627365
143,na,83.99436632587518,27.99876246090643
144,na,52.47101079691369,41.73537794720356
145,na,197.18432341964066,25.00655487736336
146,na,197.18432341964066,126.07412086397085
147,na,197.18432341964066,64.55702072866333
148,na,197.18432341964066,126.07412086397085
149,e,197.18432341964066,126.07412086397085
150,na,197.18432341964066,126.07412086397085
151,e,197.18432341964066,126.07412086397085
152,na,85.49267047693009,56.30763086020666
153,na,55.57463758328933,38.521158325096465
154,na,2.211306817521833,21.511033026513434
155,na,197.18432341964066,126.07412086397085
156,na,8.656707815361074,36.35818433255137
157,na,67.9493876687678,39.20689447937018
158,e,64.63763274694428,30.21861730801178
159,na,197.18432341964066,126.07412086397085
160,na,77.16774107433253,40.116087702443764
161,na,197.18432341964066,20.671082938140053
162,na,40.256290661163426,56.279482886835524
163,na,65.21128361810433,42.834850165543436
164,na,41.38015932397023,62.05597046918096
165,e,102.47472708854424,45.48080798633417
166,na,197.18432341964066,126.07412086397085
167,na,55.268292504840915,50.812176564509805
168,e,197.18432341964066,126.07412086397085
169,e,94.67014524461,126.07412086397085
170,e,197.18432341964066,45.74432901870407
171,na,46.2706186444918,126.07412086397085
172,na,71.83250888082375,52.142053113313274
173,na,4.726366977807677,15.039028677254803
174,na,197.18432341964066,31.764768203443232
175,na,197.18432341964066,126.07412086397085
176,na,197.18432341964066,126.07412086397085
177,na,77.56575165463057,45.469793904422815
178,na,37.3965012638644,41.83018462945901
179,e,197.18432341964066,43.190965511130024
180,na,71.88924635359089,47.763942787110146
181,na,102.31382847231659,63.03104424008301
182,na,197.18432341964066,55.95105146524361
183,na,52.76356816318872,57.76522010173488
184,na,89.766690503256,39.32847138923655
185,e,86.56396995019757,126.07412086397085
186,na,197.18432341964066,1.3788726569478968
187,na,197.18432341964066,81.20374354696328
188,e,197.18432341964066,126.07412086397085
189,na,39.65147397175728,56.93192244938669
190,na,197.18432341964066,126.07412086397085
191,na,58.91553842091335,37.04645736962382
192,na,197.18432341964066,126.07412086397085
193,na,80.92280039299855,36.192989294547985
194,na,197.18432341964066,126.07412086397085
195,na,39.4740583920135,48.648916083767055
196,e,102.91018386596161,126.07412086397085
197,e,197.18432341964066,126.07412086397085
198,na,89.54608901478942,126.07412086397085
199,na,75.26145550771774,36.86923467469973
200,na,197.18432341964066,63.56708356977975
201,na,197.18432341964066,33.39961253959238
202,na,197.18432341964066,126.07412086397085
203,na,197.18432341964066,126.07412086397085
204,na,50.982069185089934,51.079923690510036
205,na,97.98009659487879,29.34186572956591
206,na,197.18432341964066,62.85438732080963
207,na,99.53553614045795,46.49459592340485
208,na,76.7173355714585,61.43609717527036
209,na,197.18432341964066,126.07412086397085
210,e,197.18432341964066,126.07412086397085
211,na,197.18432341964066,69.52139232476695
212,e,197.18432341964066,83.96184517709631
213,na,89.19613752927047,126.07412086397085
214,na,41.1119914279119,126.07412086397085
215,na,48.24715259983401,45.87688656960421
216,na,55.037378027417994,43.25941487926747
217,na,197.18432341964066,126.07412086397085
218,na,43.540676343535274,92.8581636654372
219,na,197.18432341964066,126.07412086397085
220,na,100.66804086622322,88.23968296605314
221,na,84.30444647588227,56.144647725518816
222,na,105.12655684693223,36.455478590933176
223,na,197.18432341964066,126.07412086397085
224,na,52.98279099884344,126.07412086397085
225,na,42.90350455547306,44.99017992967391
226,na,117.76885827257404,45.3106729823269
227,na,197.18432341964066,39.49781348960668
228,na,197.18432341964066,126.07412086397085
229,na,197.18432341964066,35.69170507617074
230,na,84.41841127650073,39.91577043329128
231,e,197.18432341964066,126.07412086397085
232,na,99.72596263548193,126.07412086397085
233,na,23.943855612797478,41.63597553444306
234,na,90.88487519229437,81.63420353101252
235,e,197.18432341964066,72.96059162948762
236,na,197.18432341964066,39.13631728920467
237,na,39.597101511128876,126.07412086397085
238,na,42.85385334226231,37.717768124636144
239,na,44.66653099696278,126.07412086397085
240,na,26.315169676545665,41.213384795576815
241,na,89.89618091589021,126.07412086397085
242,na,197.18432341964066,126.07412086397085
243,e,93.27637862890293,126.07412086397085
244,e,197.18432341964066,126.07412086397085
245,na,51.645569159757684,126.07412086397085
246,na,99.14156939546382,126.07412086397085
247,e,197.18432341964066,99.22877519069931
248,na,48.37221465194832,91.62183594010818
249,e,61.32199979946248,20.022651834017193
250,na,108.32799871367497,126.07412086397085
251,na,197.18432341964066,126.07412086397085
252,na,57.16524137427584,126.07412086397085
253,na,197.18432341964066,126.07412086397085
254,na,45.57206694060159,28.79214429611796
255,na,197.18432341964066,126.07412086397085
256,na,197.18432341964066,42.52978756389055
257,na,43.408338114467675,126.07412086397085
258,na,197.18432341964066,126.07412086397085
259,e,197.18432341964066,126.07412086397085
260,e,197.18432341964066,126.07412086397085
261,na,60.23854715707701,53.356468342847165
262,na,37.053807343680305,126.07412086397085
263,na,62.861092502031944,126.07412086397085
264,na,94.62172655820412,26.47232536921688
265,na,53.49382981042411,42.568724462391536
266,na,197.18432341964066,126.07412086397085
267,na,38.01918445542274,36.52666625453819
268,na,61.20982890501838,48.82485171005678
269,e,197.18432341964066,126.07412086397085
270,na,82.4724231834629,74.76225667432679
271,e,197.18432341964066,126.07412086397085
272,na,197.18432341964066,50.09602886594125
273,e,197.18432341964066,126.07412086397085
274,na,86.72131873279722,30.31208231691599
275,na,197.18432341964066,47.39171422170466
276,e,164.5581226993146,126.07412086397085
277,e,197.18432341964066,90.36715202830524
278,na,44.57706892756341,34.750661975458954
279,na,197.18432341964066,37.79733779364509
280,na,52.293640903832326,40.22628479605658
281,e,22.708198449041813,15.110919271176625
282,na,154.06415885156014,126.07412086397085
283,na,52.40266784618582,50.6789583467899
284,e,197.18432341964066,126.07412086397085
285,e,197.18432341964066,126.07412086397085
286,na,197.18432341964066,126.07412086397085
287,na,197.18432341964066,126.07412086397085
288,na,33.820601051465495,17.228594714670134
289,na,89.14239538452891,59.22837848479727
290,na,40.13066134274203,42.70814695887474
291,na,82.80531003564438,59.0588205462768
292,na,55.065989731695126,26.93566520671577
293,na,197.18432341964066,84.33967827939702
294,na,67.54785811669002,9.978073065390035
295,na,197.18432341964066,12.745720517960622
296,na,62.06009984491356,20.081124611568217
297,na,197.18432341964066,126.07412086397085
298,na,21.603859406296586,126.07412086397085
299,e,197.18432341964066,126.07412086397085
300,na,197.18432341964066,55.88011734479248
301,na,197.18432341964066,126.07412086397085
302,na,90.33244253727679,108.49670137212844
303,na,197.18432341964066,126.07412086397085
304,na,48.43783920652578,49.23392181226096
305,na,197.18432341964066,51.41543445277565
306,na,89.87656433383987,126.07412086397085
307,na,197.18432341964066,46.034555799793296
308,na,63.98527710790036,49.698868838532036
309,na,197.18432341964066,126.07412086397085
310,na,76.93519536518097,126.07412086397085
311,na,120.73527509630588,65.69271024612178
312,na,197.18432341964066,126.07412086397085
313,na,197.18432341964066,44.52554196398483
314,na,197.18432341964066,44.425845278613956
315,e,197.18432341964066,126.07412086397085
316,na,197.18432341964066,126.07412086397085
317,na,48.37303310849203,126.07412086397085
318,na,114.82659448340685,46.54573032845176
319,na,197.18432341964066,57.35067178242359
320,na,83.78628730759647,126.07412086397085
321,e,197.18432341964066,126.07412086397085
322,e,197.18432341964066,52.55686647982453
323,na,20.788386275564267,126.07412086397085
324,na,78.75653503577999,59.955533790596434
325,na,197.18432341964066,126.07412086397085
326,e,72.743018841374,126.07412086397085
327,na,197.18432341964066,126.07412086397085
328,na,197.18432341964066,126.07412086397085
329,na,118.60655476851413,126.07412086397085
330,e,74.47792760079689,42.04353942213122
331,na,197.18432341964066,126.07412086397085
332,na,86.85893468220195,43.92476715859958
333,na,197.18432341964066,126.07412086397085
334,na,8.6119551494389,15.3723880616473
335,na,197.18432341964066,66.4899258888973
336,e,197.18432341964066,126.07412086397085
337,e,197.18432341964066,34.2702750045897
338,na,71.78919785084226,126.07412086397085
339,na,197.18432341964066,30.722068847865923
340,na,56.076183980482035,27.51533377407451
341,na,197.18432341964066,50.730370149224846
342,na,61.65509717650563,126.07412086397085
343,na,48.96297422790127,28.733164451753506
344,na,197.18432341964066,49.945553395123035
345,na,70.87959032134152,93.4560054474053
346,na,77.83016632994999,126.07412086397085
347,e,197.18432341964066,126.07412086397085
348,na,44.43307234448672,35.386558108704676
349,e,197.18432341964066,126.07412086397085
350,na,40.027891380904364,47.83286282724294
351,na,57.51896948232436,26.561974808569904
352,e,197.18432341964066,37.365990610509805
353,na,197.18432341964066,126.07412086397085
354,na,81.37205802803695,126.07412086397085
355,na,197.18432341964066,126.07412086397085
356,na,128.26996508743284,38.58201007629354
357,na,48.634311696482385,70.19424071728562
358,na,65.9522736272076,59.94034500381934
359,e,74.29373506368093,126.07412086397085
360,na,197.18432341964066,114.96075994902107
361,na,99.37924418165787,126.07412086397085
362,na,197.18432341964066,126.07412086397085
363,na,197.18432341964066,126.07412086397085
364,na,197.18432341964066,31.418952145189394
365,na,197.18432341964066,31.893511521752295
366,na,197.18432341964066,126.07412086397085
367,na,51.41024068031656,54.11094625886199
368,e,197.18432341964066,126.07412086397085
369,e,197.18432341964066,126.07412086397085
370,na,101.64635360712224,126.07412086397085
371,e,39.89597740148129,126.07412086397085
372,na,197.18432341964066,126.07412086397085
373,na,70.18766734544036,47.95486431213043
374,na,131.51749636619203,126.07412086397085
375,na,197.18432341964066,126.07412086397085
376,na,71.39693020247533,39.360325389925656
377,na,120.83354100810212,41.72160192608807
378,na,115.7271692586145,126.07412086397085
379,na,66.17208258613083,126.07412086397085
380,na,73.72203255068318,42.76497419559768
381,na,96.3354303260282,77.82618997175427
382,e,197.18432341964066,26.01853967081149
383,e,197.18432341964066,9.54880067074858
384,na,197.18432341964066,41.104330394128816
385,na,197.18432341964066,126.07412086397085
386,na,197.18432341964066,126.07412086397085
387,e,53.0484162168543,126.07412086397085
388,na,197.18432341964066,126.07412086397085
389,e,197.18432341964066,46.46562851135982
390,na,38.21437951075541,126.07412086397085
391,na,197.18432341964066,126.07412086397085
392,na,197.18432341964066,30.3340808441932
393,na,197.18432341964066,49.41657347897453
394,na,50.68195131728802,28.15951211979099
395,na,197.18432341964066,126.07412086397085
396,na,61.0895248533077,126.07412086397085
397,na,95.21843213368841,126.07412086397085
398,na,197.18432341964066,57.150899813370366
399,na,197.18432341964066,126.07412086397085
400,na,197.18432341964066,126.07412086397085
401,na,197.18432341964066,126.07412086397085
402,na,149.79728551631996,61.780799949081654
403,na,29.605419878094924,39.83509539024334
404,na,36.652638938422655,35.998606289530066
405,e,100.16085112273393,126.07412086397085
406,na,116.62025742343148,65.93316284610303
407,e,197.18432341964066,36.63844852206484
408,na,95.59703752203436,37.53994637204146
409,na,96.35017436959718,44.77312902289047
410,e,64.46965198071757,33.311077530609346
411,na,52.888206684459355,36.646775123152
412,na,27.647724921980956,39.95773286346665
413,na,197.18432341964066,17.313043235765672
414,e,197.18432341964066,126.07412086397085
415,na,197.18432341964066,126.07412086397085
416,na,197.18432341964066,126.07412086397085
417,na,197.18432341964066,126.07412086397085
418,e,197.18432341964066,38.505340505693056
419,na,77.69408131175912,126.07412086397085
420,na,197.18432341964066,126.07412086397085
421,e,197.18432341964066,33.71210795762716
422,na,81.95243371697252,28.16758313696705
423,na,64.47083317477295,38.30109047050604
424,e,75.6499483088963,32.306248578452035
425,na,197.18432341964066,126.07412086397085
426,na,29.903784401598976,30.2084735324663
427,na,197.18432341964066,55.10211972432245
428,na,47.06380608688622,9.22857810426548
429,na,57.00505914896598,65.59962216608054
430,na,31.211079159219288,48.202593992252595
431,na,197.18432341964066,126.07412086397085
432,na,82.42475771691113,34.81001672174976
433,na,78.29480460965182,54.50065701754819
434,na,197.18432341964066,126.07412086397085
435,na,36.0880487311455,38.69955129690778
436,na,81.45734043489314,58.45331635942177
437,na,197.18432341964066,53.62601333325364
438,na,47.28349881630921,50.29204628548401
439,na,197.18432341964066,126.07412086397085
440,na,23.641794012439853,60.227697941873586
441,na,197.18432341964066,126.07412086397085
442,na,197.18432341964066,48.97778161787499
443,e,197.18432341964066,47.517517541671076
444,na,197.18432341964066,126.07412086397085
445,na,197.18432341964066,126.07412086397085
446,na,197.18432341964066,27.871188171917506
447,na,197.18432341964066,126.07412086397085
448,e,82.29377371674242,25.035087042418827
449,na,76.50631187478203,47.73501318914777
450,e,197.18432341964066,126.07412086397085
451,na,197.18432341964066,126.07412086397085
452,na,58.4388938211035,41.31268304893573
453,e,48.82372877310403,126.07412086397085
454,na,137.16382890927486,91.62160365447068
455,e,197.18432341964066,61.37151411356481
456,e,197.18432341964066,126.07412086397085
457,na,197.18432341964066,52.14484989664557
458,na,81.03326443916316,42.7676453664918
459,e,197.18432341964066,41.12575527250089
460,na,66.56476200546018,56.90880319953017
461,na,65.69203450977426,41.95487610514232
462,e,96.81624099165228,65.25903472858039
463,na,48.13089340269574,30.058844584927726
464,na,90.02681232844722,31.732399836084074
465,e,61.96854757246316,31.54601570053548
466,e,197.18432341964066,45.670940878920725
467,na,197.18432341964066,51.688821137070555
468,e,88.7492704658758,72.0906079512845
469,e,43.25558931117096,21.483385735489577
470,na,96.2044007164448,49.07458230621564
471,na,48.16473688470253,41.93853373322247
472,e,87.37868175099915,38.26161947402784
473,e,197.18432341964066,126.07412086397085
474,na,197.18432341964066,28.686412809050946
475,e,78.339158275594,18.894236891131868
476,e,197.18432341964066,126.07412086397085
477,na,12.577152353089636,59.87250690359259
478,na,90.1767766691679,33.842757017007315
479,na,38.466115124238414,82.53039470330415
480,na,197.18432341964066,126.07412086397085
481,na,56.43081178816776,21.08292702017858
482,na,197.18432341964066,126.07412086397085
483,na,46.94823580136485,23.8696614736548
484,na,197.18432341964066,126.07412086397085
485,na,118.88308814092062,126.07412086397085
486,na,197.18432341964066,126.07412086397085
487,na,50.78471271337095,56.29150552204057
488,na,68.49289754566557,37.9438116759193
489,na,197.18432341964066,45.4026481979251
490,na,16.38297556171776,24.276601599482177
491,na,126.41941418170558,126.07412086397085
492,na,19.167838786432892,26.135001565632145
493,e,197.18432341964066,41.81549962756992
494,na,197.18432341964066,126.07412086397085
495,na,72.17802061677156,52.260096967755885
496,na,197.18432341964066,17.8896392141267
497,na,130.56412010984178,35.110332570125514
498,na,181.8331389186499,126.07412086397085
499,na,197.18432341964066,55.146748708785175
500,na,70.85512657751356,126.07412086397085
501,na,197.18432341964066,55.82199759563045
502,na,197.18432341964066,47.69952396471163
503,e,197.18432341964066,43.97977331391128
504,na,87.422479830722,35.18306310648433
505,na,197.18432341964066,126.07412086397085
506,e,101.59186082171576,56.606037754923655
507,na,197.18432341964066,126.07412086397085
508,na,60.83690766734031,67.90882050655938
509,na,197.18432341964066,49.78079893971597
510,na,197.18432341964066,126.07412086397085
511,na,197.18432341964066,126.07412086397085
512,na,98.47240689817058,62.166618644918586
513,na,197.18432341964066,114.37703959239236
514,na,197.18432341964066,66.71399957877613
515,e,197.18432341964066,38.62871036159124
516,na,24.341981917069667,90.96642512736676
517,na,81.58975383712506,24.86047610155245
518,na,67.69480937416597,40.09223598392326
519,e,197.18432341964066,126.07412086397085
520,na,197.18432341964066,126.07412086397085
521,na,197.18432341964066,126.07412086397085
522,e,197.18432341964066,47.76771579044884
523,e,69.27256795782665,25.4379856595245
524,e,99.86182966246365,31.187677311353614
525,na,34.22627211520063,126.07412086397085
526,na,197.18432341964066,126.07412086397085
527,na,61.07723354914684,126.07412086397085
528,na,136.55698051355435,126.07412086397085
529,na,49.19975442916537,32.60799731136438
530,na,65.41903915389013,58.333874132452955
531,na,43.85700329432302,31.947201400688666
532,na,87.69244466605271,126.07412086397085
533,na,197.18432341964066,126.07412086397085
534,e,71.10514138639022,126.07412086397085
535,na,197.18432341964066,126.07412086397085
536,e,197.18432341964066,20.193421248884132
537,na,197.18432341964066,21.236267847008598
538,na,97.59939505110673,38.72846637793036
539,na,197.18432341964066,26.626416231159478
540,na,197.18432341964066,126.07412086397085
541,na,38.616853204337446,81.17277105188886
542,na,53.6617110302017,40.43700989070279
543,na,73.86681026680016,36.95004966081
544,e,197.18432341964066,126.07412086397085
545,na,197.18432341964066,126.07412086397085
546,na,93.74734187642623,43.42493954873195
547,e,55.806614766267764,126.07412086397085
548,na,87.38814006633335,49.809332348197486
549,na,64.88509320373491,68.37657675421059
550,e,197.18432341964066,62.61757366116704
551,na,31.17590660985808,68.43033000727453
552,na,55.26597444418863,36.77368478428442
553,e,197.18432341964066,13.27695795815835
554,e,197.18432341964066,32.25384825841768
555,na,197.18432341964066,126.07412086397085
556,na,109.39556120838675,41.32576855963908
557,na,197.18432341964066,126.07412086397085
558,na,35.669370907212375,29.686262023322918
559,na,197.18432341964066,126.07412086397085
560,na,44.22519351689401,47.5039096104665
561,e,197.18432341964066,126.07412086397085
562,na,58.913610919876014,37.784328968096766
563,na,197.18432341964066,60.46513994324199
564,na,197.18432341964066,126.07412086397085
565,na,197.18432341964066,43.37573308436101
566,na,89.90830799521922,50.630897283999424
567,na,38.66025336334181,37.49806969109207
568,e,197.18432341964066,126.07412086397085
569,na,79.37530305802413,21.790991432999206
570,na,132.708144574221,71.88739057708194
571,na,80.20762101953567,126.07412086397085
572,e,197.18432341964066,126.07412086397085
573,e,197.18432341964066,126.07412086397085
574,na,197.18432341964066,126.07412086397085
575,na,197.18432341964066,126.07412086397085
576,na,33.48655098268925,126.07412086397085
577,na,197.18432341964066,42.59636768496961
578,na,54.23499985027317,15.445745138740858
579,na,15.635657795302562,18.77754278041175
580,e,197.18432341964066,32.799263643959456
581,e,197.18432341964066,126.07412086397085
582,na,197.18432341964066,126.07412086397085
583,na,197.18432341964066,28.031872404813043
584,e,197.18432341964066,49.52056441735813
585,na,197.18432341964066,126.07412086397085
586,na,21.53861017094316,20.186171266668218
587,na,57.54764556432556,126.07412086397085
588,na,45.002896952799716,53.953976359287395
589,e,197.18432341964066,126.07412086397085
590,na,72.1824158258319,6.3695440129409775
591,na,197.18432341964066,25.09977522443252
592,e,197.18432341964066,126.07412086397085
593,na,27.79029006798599,42.30151297101746
594,na,197.18432341964066,46.68210335072051
595,na,197.18432341964066,126.07412086397085
596,na,197.18432341964066,41.13688987501661
597,na,130.54418430426938,39.06393260195053
598,na,197.18432341964066,93.15270574090913
599,na,40.77362449655961,84.0223292694164
600,na,197.18432341964066,126.07412086397085
601,na,87.90796355978492,40.223939170867595
602,e,79.04675363552214,126.07412086397085
603,na,75.8492653093091,126.07412086397085
604,na,84.18890119518372,126.07412086397085
605,na,197.18432341964066,126.07412086397085
606,na,88.84639419398528,126.07412086397085
607,e,30.115893358768083,49.23323590606268
608,na,100.38299058493247,31.108045291200895
609,e,62.83540597065001,20.239787200268427
610,e,197.18432341964066,126.07412086397085
611,na,197.18432341964066,126.07412086397085
612,na,66.1605557272071,126.07412086397085
613,na,65.63487292121259,33.878840695025815
614,e,96.6359504260374,65.37831257206727
615,na,109.5435674781879,39.28376579214539
616,na,61.913928674117976,59.756042560388295
617,na,95.45063917624094,87.93651500376347
618,na,47.10629711184852,41.600193880134746
619,na,197.18432341964066,126.07412086397085
620,na,197.18432341964066,126.07412086397085
621,na,78.73204636644137,48.243948161006244
622,na,197.18432341964066,126.07412086397085
623,na,197.18432341964066,47.834554628209375
624,e,197.18432341964066,44.50379046254411
625,na,64.73168771098582,30.060309755912563
626,na,87.95314915742766,88.43700774351773
627,na,197.18432341964066,126.07412086397085
628,e,197.18432341964066,126.07412086397085
629,e,197.18432341964066,43.05474772251691
630,na,38.287816854049225,44.3721760803717
631,na,61.70889592964639,126.07412086397085
632,na,65.88191302333621,36.536844956795626
633,na,70.51550331766398,42.44690753675027
634,na,87.43709495672327,47.05418154672051
635,na,197.18432341964066,126.07412086397085
636,na,113.52602371373078,37.71978620177506
637,na,61.8848880252305,48.608806810713126
638,na,69.47809316039482,54.447307794768825
639,na,82.15624578743983,37.37146027419366
640,na,197.18432341964066,33.28722420540908
641,na,32.139971400619785,32.84410546286083
642,na,73.55636934678196,46.216969435901476
643,na,197.18432341964066,40.40788411393091
644,e,82.3211366243982,84.0638521437656
645,na,73.07880472401462,32.882566285336495
646,na,90.74499121426868,126.07412086397085
647,na,79.52845129669568,51.85617698978907
648,na,61.53286299461931,126.07412086397085
649,na,40.5305451484551,30.733295177543653
650,na,94.18589822813561,126.07412086397085
651,na,70.89044356485836,126.07412086397085
652,e,197.18432341964066,29.372164242908024
653,na,91.48522978278477,126.07412086397085
654,na,197.18432341964066,53.06254458177695
655,na,67.50473682668078,73.89537382898413
656,na,64.00062992127464,39.26728903887907
657,na,197.18432341964066,48.961017339907976
658,na,55.04111151452751,34.958754828940165
659,na,25.260111222420093,126.07412086397085
660,na,197.18432341964066,45.39736360118977
661,na,81.22658860560425,50.07668247418381
662,na,197.18432341964066,126.07412086397085
663,na,31.7221892173454,52.283677818383275
664,na,197.18432341964066,126.07412086397085
665,na,42.1833569970142,42.29752631004304
666,na,52.5916079626453,126.07412086397085
667,na,145.30755223561655,76.36243291940353
668,na,122.61127239652022,49.48391078776507
669,na,130.6871121827735,62.62034340964133
670,na,42.727428977642354,41.00276850338415
671,na,42.434683360567945,126.07412086397085
672,na,197.18432341964066,126.07412086397085
673,e,92.60240658707488,126.07412086397085
674,na,98.93545842463634,57.292831384221834
675,na,69.96339066559426,126.07412086397085
676,na,197.18432341964066,38.387703109077165
677,na,197.18432341964066,26.40263269147704
678,na,31.53546851880761,35.50672424006343
679,e,77.38805738740754,45.30787250813045
680,na,197.18432341964066,126.07412086397085
681,na,197.18432341964066,56.37994433291907
682,na,197.18432341964066,102.11142620181612
683,na,197.18432341964066,126.07412086397085
684,na,197.18432341964066,126.07412086397085
685,e,197.18432341964066,126.07412086397085
686,e,180.0405626775995,18.753436279376942
687,na,78.497474702972,35.95507922193542
688,na,18.941884437582125,51.77093244266499
689,na,51.43206784514306,126.07412086397085
690,na,140.56495399011786,61.13017220542627
691,e,197.18432341964066,126.07412086397085
692,na,197.18432341964066,49.69406418469289
693,na,197.18432341964066,126.07412086397085
694,na,82.89796458192069,43.081247577695486
695,na,69.81331054405061,35.810996972758886
696,na,68.39684102446645,41.60788386345801
697,na,197.18432341964066,73.10285093884293
698,na,66.43014899120179,32.94602878745099
699,na,58.41878231626333,46.78769758943853
700,na,197.18432341964066,126.07412086397085
701,e,49.42966275650215,28.81948257820445
702,na,125.48231663534976,51.07218507535346
703,e,82.4737712177589,35.88421937526852
704,na,105.9640580216841,39.43674674397287
705,na,92.90575846913194,49.368421348612095
706,na,61.043787315378616,52.0824087493929
707,na,68.22882578118674,25.492900139647162
708,na,197.18432341964066,56.14119446960693
709,e,78.32512680878992,69.22246715191761
710,na,22.064238010544525,49.59596611485263
711,na,129.17229212039038,126.07412086397085
712,na,80.91285811469952,32.02984160560113
713,na,83.47545235940385,32.52682888408902
714,na,197.18432341964066,22.42807561645029
715,na,53.07953441897723,25.561593827738577
716,na,197.18432341964066,126.07412086397085
717,na,66.35501537745351,56.01082300991966
718,na,197.18432341964066,126.07412086397085
719,na,71.89740059444178,26.609750425057268
720,na,36.846815539102096,37.9078087865257
721,na,115.94107352428477,36.571445827811296
722,na,49.82654055196536,53.40464496598631
723,na,197.18432341964066,31.114878890814182
724,na,126.45268231396909,25.885122580360182
725,e,59.65152604489116,126.07412086397085
726,na,197.18432341964066,56.59189796928737
727,na,91.72240156243308,126.07412086397085
728,na,197.18432341964066,44.041282343369154
729,na,54.05123657246776,45.170425635763834
730,na,65.78365289721461,61.797998910913186
731,na,88.39401712805575,45.76477137385658
732,e,197.18432341964066,37.6065150230319
733,na,68.8321467982646,31.38919662927974
734,na,197.18432341964066,66.50611230941209
735,e,197.18432341964066,126.07412086397085
736,na,197.18432341964066,126.07412086397085
737,na,106.61939481119347,34.481627309398306
738,na,197.18432341964066,44.209629406538866
739,e,197.18432341964066,126.07412086397085
740,na,197.18432341964066,126.07412086397085
741,e,197.18432341964066,126.07412086397085
742,na,79.82553854293288,126.07412086397085
743,na,68.29233076810958,43.04681148246176
744,na,70.40089691661417,77.75307880249981
745,na,197.18432341964066,126.07412086397085
746,na,197.18432341964066,67.27483598954159
747,e,70.67856449434693,37.31584713594235
748,na,44.15656870220585,47.44745852549618
749,e,133.53222116500885,126.07412086397085
750,na,92.23618587730303,19.394171390555215
751,na,54.20371984643842,126.07412086397085
752,na,197.18432341964066,126.07412086397085
753,na,197.18432341964066,126.07412086397085
754,na,76.17716007036825,126.07412086397085
755,na,87.41982050413343,126.07412086397085
756,na,38.201310723017464,64.62910287337688
757,na,197.18432341964066,126.07412086397085
758,na,90.99016020939831,68.99527785949726
759,na,197.18432341964066,126.07412086397085
760,na,90.56888375777926,126.07412086397085
761,na,49.776794370457964,43.02357312190163
762,e,70.62872452766072,21.278459275775397
763,na,197.18432341964066,126.07412086397085
764,na,87.76020184656996,126.07412086397085
765,e,45.19353668146,18.472249661985835
766,na,35.36046590832044,126.07412086397085
767,na,197.18432341964066,49.962636851309085
768,e,197.18432341964066,34.53822216488017
769,na,197.18432341964066,54.563795071222515
770,e,197.18432341964066,19.903725614396716
771,na,63.20460303715539,36.59157506790137
772,na,197.18432341964066,126.07412086397085
773,na,197.18432341964066,126.07412086397085
774,na,197.18432341964066,60.21833937528224
775,na,197.18432341964066,126.07412086397085
776,na,35.277229472614025,17.08820107513171
777,na,62.71021109963435,126.07412086397085
778,na,117.5639810599598,126.07412086397085
779,e,197.18432341964066,126.07412086397085
780,na,114.68027955416918,97.40105683515225
781,na,197.18432341964066,58.603685770519434
782,na,41.73037655123658,41.2803753566936
783,e,197.18432341964066,72.61245049877026
784,na,0.8417936037109557,7.154514081506308
785,na,40.00784014807482,33.97346888097213
786,e,197.18432341964066,27.810112395882086
787,na,91.88556841321655,74.52642287273396
788,na,73.23426019478626,126.07412086397085
789,na,86.4592224956391,42.02500421082494
790,na,128.60418246723606,32.93503951683425
791,na,33.25302990545362,34.92930156276355
792,na,117.07605984182314,126.07412086397085
793,na,150.0296105245337,68.09481476324301
794,e,67.5998110656166,48.758254223199565
795,na,197.18432341964066,52.33903317512096
796,na,197.18432341964066,32.617180908992665
797,na,54.60733632843614,58.57371168150062
798,e,197.18432341964066,126.07412086397085
799,na,197.18432341964066,34.97006589071795
800,na,34.1933042713734,36.40595722525687
801,na,197.18432341964066,38.555090756377616
802,na,79.9612503258863,40.76260229271769
803,na,197.18432341964066,126.07412086397085
804,na,75.92619468206175,85.7100193473951
805,na,80.60086486808942,126.07412086397085
806,na,76.65067299614185,103.42308069484699
807,na,31.94152223066753,126.07412086397085
808,na,197.18432341964066,126.07412086397085
809,na,197.18432341964066,6.939144947238234
810,na,197.18432341964066,66.91400283189306
811,na,106.80950752393001,22.952146869019973
812,na,102.27641569985835,126.07412086397085
813,na,51.569854532452055,54.78721895299745
814,na,197.18432341964066,126.07412086397085
815,na,69.93277829883894,46.75246885955867
816,e,197.18432341964066,42.709160649845934
817,na,197.18432341964066,126.07412086397085
818,e,197.18432341964066,126.07412086397085
819,na,197.18432341964066,43.54457813530819
820,na,197.18432341964066,126.07412086397085
821,na,197.18432341964066,56.469564295006556
822,na,90.35738754370644,59.25060965550972
823,na,197.18432341964066,38.38376469405393
824,e,197.18432341964066,30.295597713692274
825,e,28.003556875225787,70.97326169827222
826,na,108.20400641145675,126.07412086397085
827,na,197.18432341964066,51.22998672635331
828,e,197.18432341964066,126.07412086397085
829,na,74.29827198454612,96.46594538355028
830,e,15.299475295440336,66.40386279980142
831,e,197.18432341964066,80.63678060221247
832,na,67.213492895567,47.06539252251065
833,e,197.18432341964066,126.07412086397085
834,na,197.18432341964066,51.69205850863549
835,na,88.7142765739571,42.06876575720836
836,na,29.904554322479,38.991087605371625
837,na,125.48848478614825,48.66987757591332
838,na,197.18432341964066,46.09844043835359
839,na,197.18432341964066,126.07412086397085
840,e,197.18432341964066,126.07412086397085
841,na,58.819654499265226,82.78485399805393
842,e,69.84089169989431,56.5707664076231
843,na,197.18432341964066,50.17215770415984
844,na,54.06547989037797,63.896678114598195
845,na,197.18432341964066,67.93578281220397
846,na,197.18432341964066,126.07412086397085
847,e,197.18432341964066,35.72861557257088
848,na,95.69757176695006,126.07412086397085
849,na,56.6437991917701,26.295421695467795
850,na,197.18432341964066,18.689494166956468
851,na,60.303415401887726,29.133531042139435
852,e,197.18432341964066,126.07412086397085
853,na,46.785498129326406,51.760708518638886
854,na,113.91411338917948,126.07412086397085
855,na,107.65470558254214,126.07412086397085
856,e,78.69508421348058,28.89782784412836
857,na,197.18432341964066,126.07412086397085
858,na,111.81663968439263,51.355168256890764
859,na,45.30312077709989,44.60763378916377
860,na,66.45528885026023,76.74419922985366
861,na,197.18432341964066,56.41370097131965
862,na,36.086151668853496,41.13856459692142
863,na,46.05394278828408,23.72054420504836
864,e,92.65526474112163,126.07412086397085
865,na,197.18432341964066,56.51868811314028
866,na,94.3037160218624,38.38739165419604
867,na,30.301298821045794,26.51633741656802
868,na,94.74565096164349,126.07412086397085
869,na,197.18432341964066,36.468779731439895
870,na,48.35423626085112,29.119779168657615
871,na,197.18432341964066,126.07412086397085
872,e,137.5256343930603,6.16426728212914
873,na,61.72318615581036,48.15498735386948
874,na,24.970684539105005,43.75854725214064
875,na,45.66071323543992,45.50707495823015
876,na,197.18432341964066,126.07412086397085
877,na,14.8604002144857,39.693605695406866
878,na,57.13816793686355,30.44432425101808
879,e,197.18432341964066,126.07412086397085
880,na,59.54782165569762,126.07412086397085
881,na,59.84833737399893,28.315402939277828
882,na,107.51605149832953,126.07412086397085
883,na,38.04399732319388,34.92110051846853
884,na,79.17253808376164,43.83593787548788
885,na,197.18432341964066,126.07412086397085
886,na,197.18432341964066,126.07412086397085
887,na,197.18432341964066,65.12632447407628
888,na,197.18432341964066,126.07412086397085
889,e,116.07946500268382,126.07412086397085
890,e,71.82185038994707,27.114984873652134
891,na,197.18432341964066,126.07412086397085
892,na,197.18432341964066,126.07412086397085
893,na,197.18432341964066,126.07412086397085
894,na,56.96704330740419,40.921159862047055
895,na,31.62156701865711,39.731033736922726
896,na,87.60312162946954,50.48352614444213
897,na,197.18432341964066,64.28514256605473
898,na,197.18432341964066,126.07412086397085
899,e,197.18432341964066,126.07412086397085
900,e,197.18432341964066,126.07412086397085
901,e,197.18432341964066,126.07412086397085
902,e,197.18432341964066,42.221478806609504
903,na,48.96302314461893,38.147392887647285
904,na,16.767180643064457,126.07412086397085
905,na,197.18432341964066,126.07412086397085
906,na,62.5344558588752,40.758692924118776
907,na,78.950599425896,68.09884760567164
908,na,83.36611525888345,30.06451405003046
909,e,67.12540293207991,23.793258930865424
910,na,23.111778089636623,69.87834346006501
911,na,78.38877680351163,30.966312236165784
912,na,197.18432341964066,58.507401831454956
913,na,197.18432341964066,53.17754741027271
914,na,98.87496981509429,126.07412086397085
915,na,197.18432341964066,126.07412086397085
916,na,197.18432341964066,126.07412086397085
917,na,98.21233153818778,35.029181181817606
918,na,54.01688444696333,50.80266359823797
919,na,75.41294411680231,60.78550154388154
920,na,46.08453813341468,31.51617649119189
921,na,47.102988789530336,50.700951744168016
922,e,197.18432341964066,126.07412086397085
923,na,58.51535272669911,40.915897100154936
924,e,197.18432341964066,126.07412086397085
925,e,197.18432341964066,27.511330113651407
926,na,49.83298698374527,38.04015967946288
927,na,85.46052594885704,126.07412086397085
928,na,42.02815329846939,49.593613223199526
929,na,197.18432341964066,56.62597341705765
930,e,197.18432341964066,126.07412086397085
931,e,197.18432341964066,44.63023771963351
932,na,197.18432341964066,40.949217127475684
933,na,104.89753102036839,55.54784655878901
934,na,79.4806238534966,25.55100775378296
935,na,197.18432341964066,126.07412086397085
936,na,197.18432341964066,43.60782299219868
937,na,48.64413090556618,46.92400694485813
938,na,197.18432341964066,52.19923263486335
939,na,107.69898909991701,36.38250006406612
940,na,56.54130353735938,21.61091410982085
941,e,39.86790894232516,45.993644563877496
942,na,105.67640797712055,7.853474657511414
943,na,114.75305391471943,39.640212809634164
944,na,197.18432341964066,31.203284503884287
945,na,71.39968974814012,34.45945141551782
946,na,76.46399531173779,38.90181360107511
947,na,78.79934542766719,42.44837321366629
948,e,55.26742980577101,14.805125130552966
949,na,197.18432341964066,50.169127160441484
950,e,197.18432341964066,47.05218222359399
951,na,54.24205899502811,126.07412086397085
952,e,13.21393545286004,35.343946103319034
953,na,40.12334268752704,29.741487728904534
954,na,197.18432341964066,45.28643984551012
955,na,197.18432341964066,126.07412086397085
956,na,197.18432341964066,42.48857051427384
957,na,197.18432341964066,126.07412086397085
958,na,197.18432341964066,126.07412086397085
959,na,197.18432341964066,126.07412086397085
960,na,56.37022676231925,92.92819219514116
961,na,197.18432341964066,39.75308110007502
962,e,115.5221499609297,45.69994930536035
963,na,197.18432341964066,126.07412086397085
964,na,197.18432341964066,45.82725689409016
965,na,75.1994073700854,126.07412086397085
966,na,125.35519418047969,18.816461221277205
967,na,131.96317060494542,126.07412086397085
968,na,44.302023889578884,22.68661641841504
969,na,197.18432341964066,126.07412086397085
970,na,197.18432341964066,126.07412086397085
971,na,197.18432341964066,126.07412086397085
972,na,93.59945454541885,126.07412086397085
973,na,46.161638671420036,30.413087008900927
974,na,197.18432341964066,126.07412086397085
975,na,197.18432341964066,126.07412086397085
976,na,106.4029059916061,126.07412086397085
977,na,87.47887269102748,126.07412086397085
978,na,17.987693578894042,126.07412086397085
979,na,197.18432341964066,56.692448857778984
980,na,93.7876414851125,126.07412086397085
981,na,48.80209450370638,29.980626350782998
982,e,197.18432341964066,126.07412086397085
983,e,197.18432341964066,126.07412086397085
984,na,83.95170657932923,126.07412086397085
985,na,20.803924786338296,51.15533905401271
986,na,197.18432341964066,55.650253158153696
987,e,197.18432341964066,93.31373695585317
988,na,91.99142071810545,94.13164541693564
989,na,57.68116283020743,16.12425551046163
990,na,55.46475159557738,71.77195208302865
991,e,197.18432341964066,126.07412086397085
992,e,197.18432341964066,22.44224945863115
993,na,61.63580131558194,51.501770099791635
994,e,82.29017313029163,126.07412086397085
995,e,135.54741436822076,41.15789863196829
996,na,197.18432341964066,126.07412086397085
997,na,87.9021719275719,33.26729798513971
998,na,197.18432341964066,24.35000285653062
999,na,197.18432341964066,126.07412086397085
