node, assignment, time2inf_trt, time2inf_con
0,na,194.805311875011,147.02932855168646
1,na,194.805311875011,147.02932855168646
2,na,0,0
3,na,0,0
4,na,48.403988587370854,65.58931830305984
5,na,35.58093266319359,42.59142646142372
6,na,37.395185008024015,41.12610449387475
7,na,8.237524457350936,41.386469778097165
8,na,59.47823472969,14.207537174386271
9,na,29.44868522161664,52.805904460891824
10,na,44.008686831217,41.898237216462114
11,na,32.154826579833205,23.925411404560766
12,na,41.144041866328585,56.79929316077155
13,na,43.41581467930666,115.49122717617986
14,na,32.336152111234505,37.919002848629745
15,na,42.851537236979496,34.7621818015402
16,na,152.28823371561558,53.263649261208926
17,na,40.69456558092382,79.15723301004061
18,na,6.340610657740697,127.81308692374188
19,na,67.15853561897052,46.916734888261786
20,na,28.32112272945149,33.681560382071375
21,na,194.805311875011,147.02932855168646
22,na,60.54224627134153,147.02932855168646
23,na,61.29969695950362,50.09679838510449
24,na,194.805311875011,30.079266553419885
25,e,194.805311875011,58.13867868007761
26,na,74.26043543890273,39.65345333832318
27,na,39.81525113581782,46.89631716389383
28,e,38.55996801007389,23.95771652789286
29,na,94.58232696676112,41.79673216812886
30,na,23.978239805632207,52.3936807893441
31,na,33.21818913391543,43.00116001130521
32,na,59.729750618559,66.19930520064123
33,na,32.624217197666624,45.846192199413764
34,na,29.64808095681706,42.76275092199768
35,na,42.26973820063893,50.47091343441988
36,na,47.69045678065581,26.386956882931194
37,na,16.623833417010303,12.429810866607188
38,na,57.062947457601496,33.340005723992775
39,na,31.293238230070653,51.60211750880609
40,na,43.585563309195905,30.810325452131533
41,na,48.85193800204109,76.34959238485666
42,na,75.8588270815664,12.64577980828886
43,na,57.65079455937893,58.03635421565458
44,na,43.906837266328424,71.94672709099687
45,na,38.640545135368626,47.322302968032965
46,na,194.805311875011,18.890950720895766
47,e,40.536932060811026,19.557753406973156
48,na,27.89326723048318,31.23268539377137
49,na,71.42327997029425,38.80594005032876
50,na,35.68025141004028,35.31681458400503
51,na,23.013575908362736,28.954938854101677
52,na,194.805311875011,61.78572333098989
53,na,194.805311875011,29.103741181608825
54,e,23.22654403345007,41.93191149867281
55,na,37.35213912251895,54.33467039048912
56,na,89.65686217155022,58.21020009337595
57,na,194.805311875011,46.076108144506144
58,na,45.24439504635062,49.501420347253195
59,e,132.63935257669965,20.521439909558058
60,na,194.805311875011,51.25010081032115
61,e,38.96720935247603,7.626060940031597
62,na,62.73714525195409,55.854333194269785
63,na,194.805311875011,34.66493542029621
64,na,49.86827859020462,36.13696253422697
65,na,15.163905171932837,10.501113566125982
66,na,41.72676760801739,37.68388355002295
67,na,55.77331934200021,52.52712420489641
68,na,194.805311875011,27.25867429093095
69,na,112.39373045412296,33.106766171210104
70,na,35.776333739679096,49.02416839054079
71,na,53.785683598875345,31.240739741632755
72,na,89.55139122786491,41.82428066763204
73,na,38.14265803876874,55.47256853304632
74,na,41.00700055428723,54.51560160535521
75,na,34.70934641846153,43.90780889519052
76,na,36.53953025377115,38.72819949301684
77,na,38.45941413709803,147.02932855168646
78,na,32.81715117012887,147.02932855168646
79,na,9.195056935194653,56.60424918500037
80,na,194.805311875011,41.64398100451677
81,na,38.01513155191085,28.851254733990277
82,na,32.95307103126407,29.111580639741863
83,na,21.91925059078625,34.810344677242085
84,na,61.2944780895038,24.990213560476487
85,na,194.805311875011,89.50510685524753
86,na,52.52524846414663,58.31364485692747
87,na,38.91350490282898,7.54566114962722
88,na,23.1669929933453,41.227130409007906
89,na,31.210246110345533,55.90876824321497
90,na,20.103320577118364,68.18833428070134
91,na,120.79904595431742,24.50639132663308
92,na,39.17129740466163,51.531669707837615
93,na,194.805311875011,31.34423959580409
94,na,36.04206684839432,36.69762144864815
95,na,4.719704306452667,35.21472310544459
96,e,194.805311875011,39.06794580994998
97,na,27.94828613855034,53.47849865646908
98,na,37.395469062809745,53.791279551974974
99,na,44.04591230759442,147.02932855168646
100,na,46.24917854100845,50.20295689771108
101,na,30.85443819937552,16.04143727903328
102,na,33.25296542436159,25.969007233504435
103,e,28.243063488051643,32.525633705792515
104,na,43.98935897500188,53.49158101394703
105,na,39.34389111776659,36.257205401178744
106,na,37.647143340026616,44.14742716668955
107,na,47.725796117092685,95.7635056747058
108,na,60.64699914057256,27.426004618010595
109,na,45.39229762341431,42.7280193355069
110,na,35.65282191923445,46.142505012022205
111,na,39.04914316315162,61.867525335619845
112,na,19.95034164310063,27.380094786908206
113,na,39.431118802990035,37.0411073321018
114,na,18.891651086199516,47.00714189251842
115,na,40.56171602206123,52.58506129518303
116,na,10.978946959539007,34.508789647919215
117,e,57.48156894015056,39.044771566443075
118,na,4.8743344895958245,24.22374195828873
119,e,194.805311875011,35.47536142505562
120,na,55.386786709082195,40.898240776419
121,na,194.805311875011,51.46722831428698
122,na,39.27743074213793,34.113591782583185
123,na,194.805311875011,51.82700537241544
124,na,29.04242500747842,29.094275749769665
125,na,41.689759922495135,46.98083346544579
126,na,31.631456572256226,48.736326164779896
127,na,45.99149575888577,45.01876421910619
128,na,82.20066749758676,12.976673989323624
129,e,194.805311875011,53.829835309541956
130,na,194.805311875011,16.417355222285895
131,na,44.614669799461694,57.826180133341374
132,na,61.01946558830925,147.02932855168646
133,na,87.85574747678125,44.664976933854064
134,na,23.50383398949097,36.78135347795156
135,e,194.805311875011,46.46921985574378
136,na,55.71238675585193,51.85869930025592
137,na,40.36501875610094,19.314367794213684
138,na,40.02594637343394,75.67908712243866
139,e,194.805311875011,22.88051123873195
140,na,31.826245438877844,63.90510458910594
141,e,82.02759816823753,29.442969237875033
142,na,42.37924942251261,37.84129009299707
143,e,194.805311875011,35.3812424293334
144,na,29.641435582056832,33.765936680573745
145,na,55.72288646720315,56.37152241233615
146,na,33.43999935932788,41.662526351594714
147,na,64.15147582969604,28.19667362148635
148,na,52.06450894569083,33.52698971548712
149,na,39.48996074091217,38.99973614220975
150,na,29.05031435409865,14.880298277910658
151,e,101.50911509826037,21.482242173847297
152,na,55.92750117526264,71.75379174319842
153,na,18.891386360658903,57.804291989332555
154,na,106.18458544337179,16.174564928942768
155,na,37.80332496571475,34.543594512147145
156,na,37.27838326030595,10.618794919691279
157,na,79.21664788573366,72.63275467139609
158,na,47.89118723180279,44.5603722423129
159,na,1.802098325577651,4.042316036475062
160,na,30.044669346117086,37.764451679257604
161,na,36.547807994968004,35.587112818813715
162,na,33.246281577532066,24.695904482407094
163,na,194.805311875011,69.80489879380927
164,na,194.805311875011,30.119160889739476
165,na,37.42641672863316,39.58310633008483
166,na,84.91406127222888,80.17414107896771
167,na,49.751575151020695,9.201603585887844
168,na,106.28072244995482,15.473470294631307
169,na,44.071951324129486,62.47617809493156
170,na,31.277402288642367,61.35312309083982
171,na,194.805311875011,28.324679239740234
172,na,194.805311875011,38.88773973876456
173,na,66.67704780626792,60.1066782372812
174,na,39.26210142749155,31.156022209725556
175,na,39.41374422506666,147.02932855168646
176,na,38.24637554483944,40.43390232156713
177,na,105.03928834641206,71.42963554882208
178,na,194.805311875011,28.128723520454912
179,na,194.805311875011,147.02932855168646
180,na,49.678828298525644,133.7851704103811
181,na,194.805311875011,17.260301490972527
182,na,24.081563687596283,32.77066662923765
183,na,19.86022940374083,30.343096792619455
184,na,16.677959517013814,47.24093648401616
185,na,32.03109491018482,37.116090774428685
186,na,50.209766326009465,34.52037047673918
187,na,25.760333381814913,47.96866815999418
188,na,71.8316314409408,40.586167611384425
189,na,74.43824401968693,39.88886945686059
190,na,194.805311875011,34.58933674192434
191,na,27.95925608034328,43.92619910759722
192,na,42.510027545841496,52.315990764786534
193,na,39.02751392138096,50.66307811381384
194,na,48.67123528104395,49.244286318183605
195,na,16.06705662471864,41.56301011703628
196,e,194.805311875011,53.4593039284146
197,na,34.88469227567921,67.71162021011465
198,e,194.805311875011,37.37253520173134
199,na,21.678672066080015,48.34404041866721
200,na,47.396697522304606,57.85583928779165
201,na,47.96632058813955,42.66101226980183
202,na,58.99023848722832,46.459625123372916
203,na,59.61775070704815,18.078639271781174
204,na,71.23574311978507,74.70982403462811
205,na,26.808186910527866,54.14130338671402
206,na,49.67100045342522,37.06587254545453
207,na,39.86201385814229,54.054978938319614
208,e,70.00318007602904,41.08413783683668
209,na,34.009074195650776,31.822373626863516
210,na,12.55734577701229,39.22821418330318
211,na,62.342073778382996,68.81811491389952
212,na,16.234815969496854,147.02932855168646
213,na,9.773998006142588,40.059102236748366
214,na,49.33833297115732,147.02932855168646
215,e,122.64869430265017,36.74161057902842
216,na,31.13201846990841,62.09389318584105
217,na,19.690924191889444,42.3557289179291
218,na,194.805311875011,48.150090348128224
219,na,22.26308974433249,50.2419526054141
220,na,45.573305888399894,28.51122234726026
221,e,114.54722727452265,73.66405538674647
222,na,64.47062589777059,30.87383664850266
223,na,74.04785154834052,68.47937243830866
224,na,194.805311875011,25.694795800195717
225,na,12.653046870594563,22.060821024777937
226,na,68.9190055580662,43.78729879153797
227,na,18.218148549873955,42.20993993675845
228,na,194.805311875011,35.976364891428766
229,na,44.642678753662906,32.71047935070437
230,na,39.016230024295474,91.45585092136487
231,na,31.528651061422288,51.83424281844289
232,na,56.14622738326516,23.501966937562603
233,na,32.48532684262988,21.337303991159576
234,na,38.45896346595644,20.703380657860336
235,na,194.805311875011,43.084290585761906
236,na,62.57944404149138,29.842942930569983
237,e,39.757113060537044,32.669352785077976
238,na,34.425259590074944,147.02932855168646
239,na,194.805311875011,90.10425690751921
240,na,20.021905022063148,43.98399754284184
241,na,64.78780223254711,58.70084485777034
242,na,44.856312420833284,55.587825421675824
243,na,0,0
244,na,39.611833005989794,28.7203875324352
245,na,194.805311875011,57.29256762297308
246,na,61.80050792114038,57.746436066414304
247,na,52.06958663169313,34.864835537691945
248,na,34.97230881365208,14.534837661289306
249,na,19.046159990925663,49.59845634823788
250,na,45.787543891239245,53.68562284374119
251,na,41.571345959390186,40.81559437175381
252,na,194.805311875011,35.78945282869754
253,na,194.805311875011,30.060037959007573
254,na,52.437361167261415,58.839281800566575
255,na,194.805311875011,76.83380840302982
256,na,33.21805388655666,40.62176819915481
257,na,194.805311875011,38.0010105196172
258,na,43.88837192950776,32.31258016344126
259,na,37.35295522054867,61.85192925072039
260,na,30.314705506191494,88.44282718428715
261,na,30.76758803752277,70.79455321708427
262,na,63.28350302605768,147.02932855168646
263,na,62.31888044521982,138.57692146307195
264,na,31.61105303901108,40.18829937567753
265,na,44.83087898869991,48.064574314787286
266,na,67.42880861005887,20.43884235148436
267,na,27.868573040756132,48.86262128484935
268,na,30.97352288134152,48.75600193018022
269,na,51.35892204234098,61.680882426642114
270,na,51.47575218922624,29.389562671348084
271,na,15.015794043436342,14.734603666046418
272,na,19.19762488430205,31.16655077940303
273,na,45.922317926280655,56.91835370475496
274,na,92.26448043980385,56.415474713781165
275,na,75.17028813379929,43.33357025908249
276,na,50.881089345092555,47.946485024798164
277,na,84.96705495708223,9.475526319697824
278,na,4.646310535185733,2.3079430266105176
279,na,36.7800254543313,44.46112456044521
280,na,24.62154140711093,76.84823664388168
281,na,13.80747374179161,56.20437367222906
282,na,41.21086448899891,102.73201437373898
283,na,52.352206496878466,24.83494076244105
284,na,37.83476293809621,25.23513009315024
285,na,56.01865543706181,48.861761615722465
286,na,39.471288236133134,42.339406118851855
287,na,64.38107110418363,41.372417934473845
288,na,77.829015624589,22.543170274937303
289,e,59.53435514060336,27.003422657585702
290,na,42.60568394417971,41.20080749951757
291,e,45.1465899595388,44.85716174350242
292,na,89.1014123201366,50.75586446686009
293,e,194.805311875011,46.03238575810663
294,na,194.805311875011,15.479551972747997
295,na,47.879309737751505,87.1275152797149
296,na,24.774916417839428,64.16623916337295
297,na,42.09519630764523,147.02932855168646
298,na,50.05395346405727,77.35251354501132
299,na,102.18761631073124,45.485944332837555
300,e,194.805311875011,47.91520116583503
301,na,194.805311875011,47.803951127651665
302,na,92.69378433656543,73.01665974493051
303,na,38.473553426386204,76.34470853305433
304,na,43.38773836384787,46.470843232990255
305,na,28.888349464395183,147.02932855168646
306,na,30.412856132009537,47.10918917393889
307,na,61.76717128026909,44.21616050081702
308,na,49.77494998351301,40.33565177772695
309,e,194.805311875011,38.3327096976733
310,na,194.805311875011,147.02932855168646
311,na,69.70622289353702,36.908282761855325
312,na,33.954297907645575,7.533820077729196
313,na,45.98281650824757,29.54686671544926
314,na,42.621300275307235,147.02932855168646
315,na,31.364611942352344,34.75916100451353
316,na,67.04589417787693,41.427893546898886
317,e,72.00679347649955,67.53363936593418
318,na,43.98498908460663,42.37382018432251
319,na,70.10524955286282,46.66413489685709
320,na,70.13007916811326,31.473716691684114
321,na,51.71258192330775,43.41827477253254
322,e,60.081165395923776,33.711841966556
323,na,194.805311875011,25.297486999145637
324,na,53.536214582338026,26.13060745188463
325,na,19.84406461491408,147.02932855168646
326,na,52.002928949410865,147.02932855168646
327,na,43.52703047554916,8.52247778484168
328,na,194.805311875011,47.07505594648918
329,na,10.792061071348458,40.355464182519555
330,e,194.805311875011,43.77750681138072
331,na,64.4137077324635,57.31639025095459
332,e,34.125652696867434,46.07114780804696
333,na,50.60513553442479,25.313453446829502
334,na,69.10414832270416,50.491291351935764
335,na,39.29565355096725,33.74955484998505
336,na,47.07836907992716,78.58269531783066
337,e,57.307766115361765,57.49056668618943
338,e,67.80616133085381,69.82093719260133
339,e,194.805311875011,147.02932855168646
340,na,29.347848204988306,27.470689018559636
341,na,35.05125138200481,59.586173643916275
342,e,53.94413634634698,20.745708500871793
343,na,39.75735230314723,37.30646189129512
344,na,27.896305923781338,34.274134227643906
345,na,35.806283764964924,58.3535381619249
346,na,86.11148848868491,80.59140388089452
347,e,32.52763359951296,38.57158790843337
348,na,47.57476632909771,126.14913376624558
349,na,24.210262235131687,38.499031517866335
350,na,29.17295244452966,59.18536874440414
351,na,52.658411523205814,29.062804885661052
352,na,55.71243803811729,41.81077302844717
353,e,55.13242386965444,35.17432812561934
354,na,47.896787782613316,38.841713971683475
355,e,194.805311875011,29.640920659714837
356,e,194.805311875011,29.31041116624266
357,na,40.105136256261716,41.7558700152532
358,na,28.242296723251766,21.87414104220294
359,e,62.93065483455532,26.44325159320183
360,na,66.20239600806343,45.01978617696907
361,e,35.39924206759458,15.2425006938451
362,na,38.15467716794771,82.65543569273994
363,na,29.497042968549746,40.346179428780594
364,na,20.161109542628083,41.765168707788405
365,na,37.23561699705514,37.335709704730334
366,na,194.805311875011,35.37821578683154
367,na,194.805311875011,34.362045369148326
368,na,39.14379225039654,45.49920914556299
369,na,7.6356083085338415,44.538601916442836
370,na,19.525237516358857,10.91928095987857
371,na,69.90387644848781,36.17953192812542
372,na,46.5241608281419,65.91795604835562
373,na,25.02602044175673,40.887099280802595
374,na,16.464200500516746,37.71512198374569
375,na,47.794736514978496,42.357043530607925
376,na,37.079434730065294,41.487960958838826
377,na,30.227015002357764,19.69016457808208
378,na,39.741192387267596,43.67605171257425
379,na,27.515614088828343,9.28360644648122
380,na,1.6697592797067882,2.3167286970235006
381,na,25.201140582077173,38.97246027342377
382,na,47.8328477215057,147.02932855168646
383,na,39.05830513404522,38.87321058635699
384,na,26.07581769341806,67.45426996720882
385,na,88.63890774262548,32.91638022237605
386,e,29.981461459455303,41.49136843527489
387,na,48.41314683233561,31.99846136233975
388,na,91.1185446615256,72.94619664560744
389,na,40.88632714054778,49.49471475318312
390,na,33.17143524057159,49.594593616285636
391,na,35.142672641699264,34.69943825649974
392,na,35.485280479494506,65.50288271686752
393,na,60.75021574462202,51.45535806631362
394,na,36.14675752480697,77.40366970926269
395,na,65.0319393075003,43.61255921947191
396,na,31.274540531413173,39.3185924946365
397,na,51.204463532600755,147.02932855168646
398,na,66.11478740655271,115.24696968048364
399,e,194.805311875011,58.36048525394488
400,na,53.73194192861114,44.03642205682311
401,na,46.34165908648755,147.02932855168646
402,na,55.69109264588893,85.08375983146148
403,na,41.356722444448295,47.5314281990186
404,e,88.01529956675762,37.092549954603705
405,na,39.06479877898975,52.47604132058448
406,na,67.77337272682048,37.8781224083481
407,na,194.805311875011,49.21758607069782
408,na,54.022506417322234,52.53428988490919
409,na,194.805311875011,39.735262272058286
410,na,17.337591400240886,147.02932855168646
411,na,194.805311875011,70.29244433127938
412,na,24.900704462846456,54.334860203756094
413,na,36.36527748104576,34.50111778239977
414,na,40.657294994423175,18.31463455428742
415,na,27.982180808102964,39.88188298761739
416,na,29.851947221371784,27.223546503308143
417,na,194.805311875011,59.18606386708817
418,na,194.805311875011,147.02932855168646
419,na,30.36863060394609,38.831699293940126
420,e,55.16667670556143,80.70800032412454
421,na,54.92985137533231,52.78763461637489
422,na,53.537653896781066,34.385592320399105
423,na,49.12384272958223,22.124374786759546
424,na,14.133618782522294,59.15850834965335
425,na,44.17088148258953,58.58688595386595
426,na,67.88333346133656,74.85365311823098
427,na,72.89880041311031,80.98756829295766
428,na,58.10595123105085,39.25972888460385
429,na,46.44583494757323,31.85499229642787
430,na,60.75926707361641,38.22278791174469
431,na,44.93748845459387,46.19758455196352
432,na,34.53418731433676,59.54350817276006
433,na,15.188552635332032,44.41448252172519
434,na,43.62911284941894,63.91118456785403
435,na,194.805311875011,30.1439097832119
436,na,46.72511829134808,61.652266912043586
437,na,36.03485792633333,46.4116181290755
438,na,10.579103938373576,44.32027265157825
439,na,63.47099181248692,71.7283389844736
440,na,24.748943096594036,33.71490493921852
441,na,39.02229437428822,33.7189792908515
442,na,56.411937956341404,37.5352106156007
443,na,99.34597649196283,31.52933504299266
444,na,29.34516836750531,43.17815188028243
445,na,40.41246318240116,23.787471670728983
446,na,53.640418431573515,44.49278214728427
447,na,73.34938857411537,115.98590922079894
448,na,21.006458126214973,50.60359162590463
449,na,26.774293104986455,72.02485496831689
450,na,31.032387024320148,147.02932855168646
451,na,18.274932763804497,52.86417334349591
452,na,40.1172492874792,36.1968737321003
453,na,49.94075283545854,27.19778108853303
454,e,194.805311875011,29.841857274727637
455,na,33.170803754983815,40.28218992295649
456,na,82.56542559990272,33.64215248896876
457,na,79.95490068798246,21.713811194292706
458,na,194.805311875011,42.103644810107454
459,e,89.21619812683456,74.37948063628598
460,na,42.86024466692019,42.67264834953287
461,na,40.99819364810519,30.31262743465903
462,na,194.805311875011,36.535521951685155
463,na,43.1422809827119,37.907540199656765
464,na,41.9962399798887,40.218082967402
465,na,39.42752205010823,31.015469627267375
466,na,40.37079573077245,25.538150468640744
467,na,44.58862571834429,49.642099608594854
468,na,74.45156593262456,51.06317459809159
469,na,44.40131538800852,41.51019638986574
470,na,62.602403451472924,53.76836869769163
471,na,82.48487694590014,59.155235059634485
472,na,31.143129496758032,43.74223745969016
473,e,40.303286115315636,67.65947510313897
474,na,194.805311875011,38.88326317111266
475,na,107.79428258765161,41.58789929293834
476,na,30.957090106566735,147.02932855168646
477,na,35.092295632472755,51.1972359725665
478,na,57.45901749696934,43.53957701225861
479,na,66.7145975205564,61.09478394420123
480,na,78.14375474391214,147.02932855168646
481,na,65.75777088624432,17.267716994764374
482,na,194.805311875011,27.118282177246954
483,na,48.89820547096508,36.83223449436201
484,na,31.514828334535427,62.8483857418642
485,na,194.805311875011,65.6351585430365
486,na,194.805311875011,45.918949340613096
487,e,194.805311875011,31.42171027772854
488,na,49.40541881716988,147.02932855168646
489,na,24.882463132688386,31.882023246584975
490,na,41.78660824677515,44.10917687935895
491,na,194.805311875011,56.946383527630196
492,na,34.42162490787792,41.12869741438062
493,e,194.805311875011,38.04116105640708
494,na,28.758995398988368,36.93620946580746
495,na,11.93896608207191,46.652462266220674
496,na,48.22930337358952,54.42655144013356
497,na,41.54932130104769,52.51605751947994
498,na,53.52243653835405,17.205400035326434
499,na,58.3329724450778,54.18840134033411
500,e,79.10774790030848,76.77845444939875
501,na,86.768098359499,60.09396806137916
502,na,46.0573678603988,50.46669097962353
503,na,30.431660026360937,24.273103416464856
504,na,44.06374879445814,37.96958248980341
505,na,57.65940493375095,15.228609001767705
506,na,105.45186066291609,73.68700934362133
507,na,18.86224815431194,39.78275618331433
508,e,29.247015488267206,32.38960808222439
509,e,52.19488424473876,64.97832533796947
510,na,21.17835810056681,58.52029236848008
511,na,194.805311875011,48.68571980400548
512,na,35.14298856196876,47.06989121042609
513,na,66.9181752615178,22.83518562508312
514,na,26.226993812980876,54.84474241371628
515,e,47.74404133209502,4.253998435585105
516,na,23.466027874552477,18.504689394561364
517,e,87.69947438245498,28.305142687356714
518,e,46.78812777260569,30.621918891049575
519,na,194.805311875011,39.81386403825283
520,na,74.6403587215415,64.72313586133683
521,na,44.08541271437567,43.95847413491246
522,na,83.81455772421631,40.67340657438638
523,e,34.591694276915305,35.97802661491227
524,na,71.35264152423737,29.413929158088177
525,na,64.20386074475685,49.893811329191244
526,e,44.41747188768395,26.34142411801572
527,na,48.22708623069424,68.75539921143549
528,na,42.968580495684456,57.664869208747874
529,na,25.2166504374876,147.02932855168646
530,na,31.190024959139585,4.2573770300229485
531,na,29.43491204309281,68.1316175141409
532,na,76.67093270337857,35.842515971329206
533,na,194.805311875011,28.398506627154195
534,na,72.87243973442955,37.40831291671749
535,na,44.24514743676882,38.36538743902194
536,na,39.94913175355487,7.239859977892703
537,na,51.409885035470175,26.45120842445455
538,na,54.864545071651285,46.585472436747075
539,na,50.74337354148971,45.41546262299971
540,na,44.02906853425826,57.323195398249524
541,na,65.55021559071562,29.965927019388612
542,na,54.8217301519694,25.888437333132543
543,na,33.63197052673875,14.69331792247834
544,na,194.805311875011,34.76815434751973
545,na,194.805311875011,46.40884598658206
546,na,29.081470758156865,43.121233181181594
547,na,43.16687278286638,47.11265965013076
548,na,27.371053818563354,12.96630110206998
549,na,49.55816127892251,39.196482323928336
550,na,47.23929168997208,59.243514848268276
551,na,40.62222881214198,31.206426013622476
552,na,21.453483841037066,60.75482568826745
553,na,36.69437601277453,34.15036701603185
554,na,25.650291754044122,20.723608989613673
555,na,59.86220896755038,30.11393938082151
556,na,30.171671018565622,48.19181768584804
557,na,31.950352857749934,65.8722285467711
558,na,86.14669873937109,52.33047068707001
559,e,25.12721973577463,47.199651411852976
560,na,43.83649336799783,55.67187707643982
561,na,23.33427988155798,54.34589338335405
562,na,56.80285717663848,53.54753091159382
563,na,41.53689290572182,52.16201395946957
564,na,37.532528040413176,85.28019938983311
565,na,194.805311875011,64.31296245560422
566,na,74.17968425488478,55.649534431989814
567,e,38.799626469115246,48.90608176161417
568,na,40.248710352022485,147.02932855168646
569,na,51.573677232377015,41.43111403681127
570,na,28.307517636966942,46.79129206228872
571,na,30.545273406919595,62.53095957968253
572,na,24.194915149869097,50.578740554873704
573,na,25.33342038192167,67.3303135283869
574,na,57.106744391355065,18.265189158671564
575,na,48.452080275874664,43.2420980554582
576,na,36.19745639627231,33.947696349136876
577,na,46.404443566632644,38.932066388285705
578,na,27.798127892204292,44.82943838973677
579,na,45.597334456107625,55.38018074690681
580,na,36.35446577800137,33.89441570268411
581,na,49.62929336589285,36.10885158960921
582,na,194.805311875011,18.908283011992772
583,na,52.488680213323924,99.49087632820601
584,e,56.6623125196534,77.82693978848832
585,e,58.1543576994118,54.75983402524063
586,na,53.270553139580485,48.21237175123736
587,na,194.805311875011,39.561349172914056
588,na,44.07622215752521,52.324577838369514
589,na,40.27555112434242,31.423592688203165
590,na,9.33543761790828,43.80438143694532
591,na,16.550626887535604,44.55084648538583
592,e,41.411271437613195,147.02932855168646
593,e,51.038595126150284,28.105432152559647
594,na,37.18824695124895,30.34680773355377
595,na,36.141847389823816,36.66826651646846
596,na,66.451846347648,44.13733564540475
597,na,79.64178485284361,37.69159517272068
598,na,35.25667669236299,56.20003393606935
599,na,26.665509678350734,28.023129142640368
600,na,194.805311875011,147.02932855168646
601,na,32.52976700618584,12.710737509904783
602,na,93.43296368236463,61.57787249189849
603,na,16.714636231358668,63.272871587626696
604,na,19.138469013528205,38.969488221220644
605,na,23.246097236412563,22.004812479271333
606,na,60.01589404412798,38.763990573174176
607,na,44.616168875378186,73.70569097771484
608,na,53.46781525829172,19.94568416998408
609,na,25.860225703595322,54.79298465178658
610,na,45.60304719041822,28.451734162517695
611,na,54.23993702703741,45.318685336602854
612,na,194.805311875011,147.02932855168646
613,na,52.43878404422999,53.8876417715975
614,na,22.6487143229645,30.89865320641269
615,na,48.69916883022548,52.047794419499695
616,na,35.34444001093119,32.20134907841365
617,na,194.805311875011,35.24411674898262
618,na,51.47642232231558,37.12399417001618
619,na,27.57582760725741,26.033152531083243
620,na,55.74604056127265,29.140215091273596
621,na,50.869694016226106,23.26257256331684
622,na,15.546958436772389,25.421952479218582
623,na,22.143004621940293,61.5829393555087
624,na,25.630885977433927,17.78717193734452
625,na,45.89697779540088,43.7576597025589
626,na,45.28929976227303,21.592877867594197
627,e,21.285757924432524,76.40241830352393
628,e,194.805311875011,41.406424715796035
629,na,41.922752263431576,67.25735109453726
630,na,23.884996702046998,31.05455522998073
631,na,9.964265975873253,28.591217171593044
632,na,56.06512024058235,25.19934850156981
633,na,38.83888832936805,36.138852623605764
634,na,30.225803369395614,57.28821130406133
635,na,19.608021146370316,24.592996011449287
636,na,31.019881886681915,73.20290735382731
637,na,37.01319015222295,49.37715539266505
638,na,1.8477410360062707,38.706089204750285
639,na,194.805311875011,30.889996944223558
640,na,29.878245931533677,27.062257859855148
641,na,36.60466819235069,147.02932855168646
642,na,74.59831843785203,33.249125286739286
643,na,83.5426073254622,21.686538977670626
644,na,76.41800178844174,40.17265446488184
645,e,194.805311875011,21.65480246061589
646,na,40.36821114870266,49.90404650285972
647,na,41.66936603162365,37.8349332708069
648,na,24.392368714471814,49.66378025775992
649,na,72.97235973279703,58.67959504759346
650,na,30.96018038351379,52.40358236379119
651,na,45.89915865043244,61.91275611558769
652,na,54.27868967977419,102.6814683843652
653,na,40.37034532465848,147.02932855168646
654,na,39.80045735564934,147.02932855168646
655,na,46.275023281689116,51.39912693196685
656,na,51.006213332853164,66.37535072064108
657,na,194.805311875011,52.648859568113956
658,na,37.99044029361697,54.82363932228742
659,na,74.8310553826922,50.82022856782515
660,na,27.659751120702076,99.54639297530555
661,na,17.26906105301746,28.84867055048614
662,e,56.941745711649716,43.43226760394885
663,na,30.65142207232287,39.820517556052735
664,na,45.090543839234364,59.1145440764819
665,e,101.94538003324487,34.65527873654357
666,e,194.805311875011,42.50184146575052
667,na,52.8000890843246,15.193365954703678
668,na,22.196446942644872,59.18313581717507
669,na,194.805311875011,38.63627191864595
670,na,36.350011814964894,51.983145576908136
671,na,54.782206496563425,43.53113483954148
672,e,33.32717188334958,44.133243077472514
673,na,24.262237279537892,33.182701236109395
674,na,135.3625523206272,46.05083986165552
675,e,40.572870088840844,52.49533845013505
676,na,40.50857686998375,46.62657057927268
677,na,72.63024584761334,58.956856633294294
678,na,34.65424581306029,39.426527962931566
679,na,40.22953270308348,64.22995939492402
680,na,35.805962478227784,38.55526567365236
681,na,43.32665835150593,48.59142647358639
682,na,37.9648243384119,28.584119711035218
683,na,42.17806540799874,44.70267361815446
684,na,194.805311875011,43.4574421299693
685,na,33.080355464817,66.08693010671016
686,na,194.805311875011,9.908158235979982
687,na,21.534841396959948,40.49156636181532
688,e,63.75146933235728,34.4149291699032
689,na,194.805311875011,47.893684845950595
690,na,33.30631144477408,11.346192420381922
691,na,41.08587050424413,43.94681152024
692,na,55.539207909702384,25.35718861828959
693,na,194.805311875011,38.577191027971644
694,na,60.651262237890876,41.64692493297482
695,na,92.3038037324485,48.365629370767586
696,na,60.38744794308895,23.37029268158093
697,na,114.44830080231648,75.59058336324026
698,na,194.805311875011,29.51302278716225
699,na,4.581454547135169,37.32272550482566
700,na,53.44099888644101,42.53547651936581
701,na,37.752281927030346,32.92359310547453
702,na,33.22449274689164,48.69022587866505
703,na,71.36615376881207,58.81815027442637
704,na,59.82557812100422,147.02932855168646
705,na,87.16523656888215,61.407227058073616
706,na,18.36490287462964,49.804210257018596
707,na,40.844555203482926,33.58181779121051
708,na,47.71820170033258,70.23819362211425
709,na,53.61539064077795,64.73807598289227
710,na,63.9239100002324,51.42312105100876
711,na,32.75514832847776,79.92638935145132
712,na,60.15322634489651,57.91305602582086
713,na,194.805311875011,147.02932855168646
714,na,36.09875252566351,29.537011806400592
715,na,34.84996307446454,51.53319541497854
716,na,41.49307557687749,4.103141332160664
717,na,28.443017106205822,147.02932855168646
718,na,51.18642755504834,31.351704237878398
719,na,53.24244432348964,40.131609237866186
720,na,26.19497828623865,38.22155350634563
721,na,36.921857430301095,23.539300185449022
722,na,194.805311875011,34.83695008137376
723,na,13.290013594527464,3.0339692522908934
724,na,56.21489297793057,147.02932855168646
725,na,43.30667538241487,44.59934272367215
726,na,23.758480661392284,28.20718937705706
727,na,46.97320392759432,40.96553902436105
728,e,194.805311875011,38.90643370952764
729,na,55.58646744696248,24.088009666324037
730,na,36.13793327852906,47.091317300637556
731,na,29.780455798637863,49.42897131564741
732,na,20.66425149703527,34.339496241686426
733,na,23.46962998930856,42.11523853102929
734,na,31.92533333855317,42.35376214411115
735,na,30.885247805016462,35.97889852479543
736,na,194.805311875011,73.69476182392918
737,e,194.805311875011,28.322556184805514
738,na,33.029142413320024,37.21899976317982
739,na,22.364585940117493,31.502111591078354
740,na,8.562916201046349,147.02932855168646
741,e,194.805311875011,40.7630914452251
742,na,67.56153932296304,147.02932855168646
743,na,3.0675820206008697,11.955550270725542
744,na,25.251350273499032,33.991103008128995
745,na,25.477979795481158,26.899655179648096
746,e,84.64372321580385,66.16306528978363
747,na,194.805311875011,37.32330012822819
748,na,194.805311875011,66.53339329611232
749,na,45.44471944097932,23.970236241115636
750,na,33.88366709895031,56.00197430305553
751,e,194.805311875011,69.06839462503876
752,na,194.805311875011,36.897869853802746
753,na,37.754691797876696,28.529539501301645
754,na,32.99175602773211,49.65186093117715
755,na,27.911747537083333,47.57518773850193
756,na,44.38844104559582,41.36780737346777
757,na,24.098552401296267,62.807430432797254
758,na,45.730992555039165,46.35003894844458
759,na,27.16731660576848,39.18861853393708
760,na,68.50263554117964,18.977909891619507
761,na,28.294862815259233,53.955773223681454
762,na,43.315242553907225,14.59604775229952
763,e,73.41279165329887,45.62914013972588
764,na,115.46652529063311,36.68493108747707
765,na,101.94355996866224,56.25764580303359
766,e,194.805311875011,49.675693068515066
767,na,28.70192651334854,94.54404580555463
768,na,50.61676993030916,79.00917354885819
769,e,22.282159939257486,147.02932855168646
770,na,42.91793382790689,42.18708918152851
771,na,55.78236065090572,42.70845094534299
772,e,194.805311875011,27.94171595483472
773,na,15.55543214714858,52.90151504081999
774,na,194.805311875011,25.11582826689475
775,na,41.58200783483873,56.00624118094783
776,e,51.000187885398795,71.85792530183467
777,na,47.81051093025148,52.20121745780625
778,na,86.51268156707516,48.70885971463212
779,na,54.606344476517776,31.299956513646222
780,na,43.00459511142942,57.7388144502596
781,na,27.48310700656925,42.170095101019115
782,na,26.823791324139897,49.815395213490966
783,na,9.055412827040806,42.141000302949074
784,na,42.40651067323019,37.00605093502378
785,na,45.64576042782479,60.99499267234955
786,na,194.805311875011,21.51572801666458
787,na,115.44440696609475,55.339218175261685
788,na,25.126908686434682,33.24757845197028
789,na,35.77222102218117,40.80427421843559
790,na,49.895982567279404,28.216010502926007
791,na,47.99470774371783,52.51277999442846
792,na,194.805311875011,47.1227221716463
793,na,194.805311875011,45.04128972575366
794,na,19.97760783692985,22.603678833053277
795,na,69.66503296585773,147.02932855168646
796,na,75.63355631461488,35.40567802567972
797,na,41.05857053934958,67.50196209991248
798,na,49.49249420136223,46.51282938857456
799,na,50.917369094595024,53.823492054195476
800,na,194.805311875011,44.94237365936232
801,na,60.0615947523632,147.02932855168646
802,na,64.5256640830089,27.011280241131413
803,na,57.03234389069794,73.04360598946573
804,na,21.059318210506223,31.785469795103516
805,na,36.85662586147828,34.3187180871615
806,na,15.04708594585129,27.864102247023787
807,na,25.46653569333945,60.46278687551486
808,na,75.55919808915598,38.92782878141917
809,e,56.065785604975915,38.088390075856566
810,na,30.881228479901687,65.75559912038308
811,na,87.24423554272234,17.89846808729142
812,na,38.95208938023676,40.972210984387154
813,na,95.93274441188309,29.601450036254178
814,na,42.02711009909547,41.784901957126195
815,na,50.72317202199386,57.92357429007123
816,na,31.2695337579333,31.29934032584751
817,na,81.7754209936708,46.67214266093246
818,e,75.00072518915094,39.518710236415
819,na,48.82035666512226,45.75546364393097
820,na,47.669870173783906,69.61278434365555
821,na,194.805311875011,116.27086209185326
822,na,194.805311875011,60.75471614299529
823,na,27.155151391216677,45.90210562508506
824,na,35.787768149580906,41.20334373215457
825,na,194.805311875011,44.27060804106792
826,na,40.10465332534491,48.31765927764994
827,na,194.805311875011,38.45460062883143
828,na,46.24841673007986,48.25586337684613
829,na,77.3134918567896,33.11427820584762
830,na,42.88092120315193,53.95916315425605
831,na,27.315392688187885,55.01149136210383
832,na,194.805311875011,33.19167925351666
833,na,54.91070819132717,24.106533170265216
834,na,20.507617363123458,34.767754900783856
835,na,55.57068558363639,47.85850391793822
836,na,98.38268087412871,28.10620179327155
837,na,65.10042240906192,20.25437331859637
838,e,56.858171502921586,147.02932855168646
839,e,100.97096757614767,36.58547571769908
840,na,58.7862079284787,147.02932855168646
841,na,61.30546950105152,43.51486172102274
842,na,18.88452027715743,66.3230319178945
843,na,24.128905566135757,51.01966699244421
844,e,38.70776500404983,34.42275547941426
845,e,64.08164039254987,33.05965701491902
846,na,20.874961273715666,77.7551526715844
847,na,120.22766114951897,30.72029644097029
848,na,31.683455626962775,59.968004172121944
849,na,50.818432012580374,66.12692895366487
850,na,82.60223654019222,35.3770774062037
851,na,35.423914335715786,49.32895233815008
852,na,87.02989273635232,43.578772711755306
853,na,46.50939017861804,65.23078701425658
854,na,53.30225892139351,37.456884739289706
855,na,13.174732863594404,2.709767430219379
856,na,29.31051205272831,41.55590582476407
857,na,194.805311875011,147.02932855168646
858,na,61.29824022157517,54.42096751645562
859,na,0,0
860,na,194.805311875011,23.794613539521
861,na,45.21585692208695,43.81458315824223
862,na,33.358174762941175,14.755186350599313
863,na,85.07893165936663,35.973423687060816
864,na,57.606737646797875,40.30800468756889
865,na,194.805311875011,49.59165933375435
866,na,30.021174721860504,37.71312826265086
867,na,35.82134004203916,42.173569219767415
868,na,13.623224619227917,18.552445556921786
869,na,60.51481823224948,26.882244367989603
870,na,81.30464385521869,36.45470549249881
871,e,69.56066066247733,45.68251893660399
872,na,33.74617323455258,59.46041922528486
873,na,7.925804253959906,32.400046895982584
874,na,31.27581416014043,13.842402705988418
875,na,31.07749928214067,66.07298214947637
876,na,194.805311875011,61.103632664775525
877,na,37.60533162118477,50.28719638593695
878,e,39.86607622574608,18.64216138627282
879,na,32.199332771688724,17.958276341275575
880,na,53.03852851662069,55.17340434753411
881,na,90.71917855401665,57.08830376533331
882,na,126.82331718899748,50.43343760422163
883,na,46.924019720342145,52.567748270687495
884,na,34.73637480742798,37.64163607240137
885,na,33.10217278937341,41.87785161545345
886,na,92.74809852814937,50.53317378209554
887,na,12.682725069621984,47.96931143566351
888,na,28.880237841146457,37.886055805445025
889,na,43.9426836317685,41.742179266763806
890,na,77.34964515463214,45.38134649879687
891,na,43.650686647495995,48.184036206394254
892,na,44.9253614645095,50.231920133069494
893,na,22.802215470830753,38.07476591701543
894,na,37.17567261725603,88.19355397773924
895,na,39.51525582730233,147.02932855168646
896,na,33.8426391159874,36.71585271254657
897,na,57.722069839238685,36.41990719365038
898,na,7.275314336657312,15.990398385257391
899,na,14.973466576384528,61.992780023874644
900,na,194.805311875011,39.319189733055275
901,na,39.96682190708432,45.747934592582276
902,na,45.74781783294672,29.968238006129685
903,na,64.03708787642958,30.67701549838324
904,na,62.84778921082686,30.339098455860494
905,na,36.90510346340098,34.94740700939368
906,na,29.170689094071903,20.616270175643585
907,na,69.73939766318051,147.02932855168646
908,na,27.565650081951393,60.15515310803485
909,na,57.58510702292888,40.29386440010714
910,na,40.81654238878576,60.309441573458095
911,na,82.17232497273866,60.50520403443983
912,na,46.77953434419927,40.77272691313494
913,na,28.850609650422996,46.33984483727697
914,na,49.20933559691185,14.295995297292112
915,na,46.82405813497203,69.07019446120027
916,na,194.805311875011,36.182341862037894
917,na,49.56150274375323,36.07534967074875
918,na,22.15554693701272,59.09891679966867
919,na,194.805311875011,17.743791682766858
920,na,53.46705928497774,41.518374360976274
921,na,32.84759100496677,27.815675246829944
922,e,194.805311875011,21.17156733034215
923,na,51.318507084598416,25.519667595380998
924,na,68.57966183864018,52.48085211807157
925,na,52.501280533734075,147.02932855168646
926,na,8.058371891707571,55.850254679097134
927,na,76.73379511860229,39.55108091874119
928,e,60.08380409077523,38.693692874563695
929,na,34.27413868637552,26.529137085079498
930,na,49.44936799995201,43.23919320982614
931,na,194.805311875011,38.644231862159565
932,na,63.74404381704827,42.93433586555844
933,na,35.93086898686871,24.676702698248967
934,na,194.805311875011,72.23078042671304
935,na,44.96683279369895,45.38782916592162
936,na,44.02162488935131,63.83235830324932
937,na,33.21605356768226,61.87262020727171
938,na,44.53367232761715,43.14487247529256
939,na,40.76912249182606,65.18882071216093
940,na,41.174098218343055,41.51529561185159
941,na,0.42664074164129984,2.2629292476558027
942,na,60.45820571754248,59.72691545188136
943,na,24.667604524426395,41.294363918037455
944,na,43.63452504760587,84.14393724374557
945,na,35.92570981082751,27.779932294316374
946,na,42.1193174474514,32.09714101796301
947,na,22.61810332789593,70.54620767348074
948,e,58.69208794844158,56.052071931230294
949,na,64.86893744868824,43.04620311408759
950,na,65.18323972784015,43.88948430522974
951,na,79.96126631374322,43.33841340343629
952,na,194.805311875011,27.355105348280325
953,na,194.805311875011,49.76565930260048
954,e,35.593962106193274,52.09336230496172
955,na,56.505692983823394,5.88722558003215
956,na,37.01687989150091,47.28419864358615
957,na,39.21897071684466,35.17610607642868
958,e,58.80090922898472,39.17951569506326
959,na,35.698015750424084,40.74168876981272
960,na,30.05263234895102,147.02932855168646
961,na,49.28993151344827,72.8873891561969
962,e,83.50407236792358,147.02932855168646
963,na,48.286531544703784,57.06165004233346
964,na,59.592014152945815,32.102924408704716
965,na,109.39182067171566,42.28305586758196
966,na,19.89626653885634,25.131363333006405
967,na,50.43321926446978,33.13556042970159
968,na,40.90954596416801,37.09452174145607
969,na,194.805311875011,58.77284405991348
970,na,46.96692320696769,61.59564061572853
971,na,194.805311875011,41.61453949998515
972,na,122.03522919284417,41.5217537980946
973,na,51.944766858187855,34.09658344496466
974,na,33.00025683177652,40.74881693399105
975,na,59.99123079804849,147.02932855168646
976,na,54.54493051056517,62.49678643463443
977,na,55.13119032862487,47.8236352921662
978,na,80.27679883663274,55.71959515727621
979,na,73.8899951863758,40.53406656918549
980,e,39.27422211599195,18.70553805555032
981,na,44.90444885395435,55.03331407570318
982,na,70.38402322737417,59.68552903129049
983,e,194.805311875011,30.42006414897188
984,na,86.97433286314397,56.56977871925846
985,na,194.805311875011,47.357144564436126
986,na,75.05365677731811,66.40837156286466
987,na,32.27874116013216,21.445442080332434
988,na,44.69982439207089,55.956469309129915
989,na,194.805311875011,41.388236406772556
990,na,45.22119546819472,42.74308172377423
991,na,194.805311875011,82.3708171593532
992,na,60.05317277488665,52.50584237841494
993,na,25.220211698279357,58.99883249024276
994,na,40.51816033421367,147.02932855168646
995,na,28.586790422018716,147.02932855168646
996,na,35.161120621568394,69.46230857531773
997,na,66.67150911360032,38.28478009180053
998,na,56.526580642832236,54.40049273764359
999,na,32.04859791085466,39.191434347866945
