node, assignment, time2inf_trt, time2death_trt, time2inf_con, time2death_con
0,na,-1,0,-1,0
1,na,-1,0,-1,0
2,na,-1,0,-1,0
3,na,0,122.04453590581862,0,15.49005045518515
4,na,122.04453590581862,122.04453590581862,20.49794850190239,23.32096591009355
5,na,122.04453590581862,122.04453590581862,102.05116725292423,102.05116725292423
6,na,9.151600943476048,10.381672611699297,11.648620884484945,12.917086153924716
7,na,32.60221068028633,46.917134612045736,31.67723944024846,34.16013756500935
8,na,25.672621665899758,26.37748867840687,20.552686521438204,20.55442012400318
9,e,122.04453590581862,122.04453590581862,102.05116725292423,102.05116725292423
10,na,122.04453590581862,122.04453590581862,102.05116725292423,102.05116725292423
11,na,30.933792593450068,122.04453590581862,102.05116725292423,102.05116725292423
12,na,13.026633091593563,16.149179193355565,68.6204601935642,95.61985033080306
13,na,28.77195433914219,31.988717396993994,30.903164445198914,42.14635013434107
14,e,122.04453590581862,122.04453590581862,20.956961681753242,21.857725478014892
15,na,36.18595648663472,54.04990842312393,39.54985912088096,69.10722198209567
16,na,122.04453590581862,122.04453590581862,35.52286110568247,53.969391426164826
17,e,122.04453590581862,122.04453590581862,43.99056516336578,54.394021609396866
18,na,55.30229023953981,73.42839121353994,102.05116725292423,102.05116725292423
19,na,41.23618366411575,122.04453590581862,25.14707814977824,40.80889262629899
20,na,-1,0,-1,0
21,e,122.04453590581862,122.04453590581862,32.53171113591977,71.1561407912036
22,e,122.04453590581862,122.04453590581862,19.036887145427475,42.04106272946941
23,na,41.85690632614753,47.88996137619488,27.108643403848053,32.86726091719908
24,e,122.04453590581862,122.04453590581862,27.68273482602429,42.82768275817418
25,na,122.04453590581862,122.04453590581862,50.29140615120239,52.143364813282474
26,na,27.763402001446327,33.94164172429347,32.53681347612465,102.05116725292423
27,e,122.04453590581862,122.04453590581862,18.082415229167168,41.11980411588302
28,na,122.04453590581862,122.04453590581862,102.05116725292423,102.05116725292423
29,na,24.63761555651256,47.80512597785248,36.251033041777,38.27383818367993
30,na,24.97604808852026,30.38910057956935,28.51005223263832,32.98001769132271
31,na,16.1153949037309,27.724831194238515,59.871946679133764,102.05116725292423
32,na,12.109487881143293,122.04453590581862,13.20329749224915,23.80522316818037
33,e,122.04453590581862,122.04453590581862,42.745281176255396,45.22325749312164
34,na,20.71668718544033,34.694111463706946,23.426641212590983,102.05116725292423
35,na,30.11491792594335,33.55266799877371,25.690360419445874,26.234324511535252
36,na,8.540101004957524,11.532779171009606,17.623234356269798,23.951740889830322
37,na,34.82544368262892,36.0724105322185,35.7649143299496,52.53076422524208
38,na,34.1532306672319,35.76358450929358,23.34083973732643,25.56205762088358
39,e,122.04453590581862,122.04453590581862,22.795486500208266,34.77885781638598
40,na,28.625422254000746,34.70212813546632,19.040254596250627,102.05116725292423
41,na,21.69691448743495,21.869765625201598,23.16595386501939,27.48301733924985
42,na,38.67762750854735,63.386433700828825,20.631036665694147,102.05116725292423
43,na,12.277836175139027,19.16096418481172,4.643282534814523,7.521178379412395
44,e,122.04453590581862,122.04453590581862,17.967344180598552,102.05116725292423
45,na,31.041351310882185,56.29702288358509,19.845102781386153,25.240699547605665
46,na,25.9857787807915,34.422665187448686,24.414547832035225,25.257243248245107
47,na,13.352709345701928,14.057337883382244,17.37034997605991,24.16614826614847
48,na,23.343998663947964,40.84013564987094,31.67911121467823,32.03367267625276
49,na,22.790255904376668,33.718983727647355,35.338246679267165,102.05116725292423
50,na,27.909757118269887,32.356578988865074,35.34978611940282,37.400022057109624
51,na,38.64697683322034,46.27889124178254,35.57819737639009,37.47771964114781
52,e,122.04453590581862,122.04453590581862,12.41010914978612,28.040694048038908
53,na,15.232959224705414,19.800691298868927,23.18476260131487,25.926039944523907
54,e,40.598595319095736,54.68158916519207,102.05116725292423,102.05116725292423
55,na,122.04453590581862,122.04453590581862,23.21343678667495,37.33095601990122
56,na,18.56947733534584,41.57505063692372,28.364298180989188,60.18276247369282
57,na,49.92240736389706,50.51370583053727,44.98834822120905,49.12970238819305
58,e,122.04453590581862,122.04453590581862,21.489028742477085,62.4589732860608
59,na,29.621918431350867,51.25557904263835,102.05116725292423,102.05116725292423
60,na,40.2666528400524,122.04453590581862,54.39000547612875,102.05116725292423
61,na,31.196049774974206,59.62598964801376,13.505908781037832,102.05116725292423
62,na,26.030154651319563,46.19940264657636,42.71543035697084,89.21259094973917
63,na,3.6171154997472232,34.04484198887706,18.150358157581774,31.214997932821415
64,na,122.04453590581862,122.04453590581862,102.05116725292423,102.05116725292423
65,e,122.04453590581862,122.04453590581862,44.14896918464456,102.05116725292423
66,na,16.310868630702046,30.090766458675372,23.5426004300185,25.160072412293736
67,na,31.89103345092118,32.554931182721845,102.05116725292423,102.05116725292423
68,e,31.178807463264363,36.32032404121178,29.963332134053548,31.107049825974848
69,na,35.39172051428522,47.243049757222906,32.65198791218051,43.21596841115685
70,na,28.96029629112625,122.04453590581862,102.05116725292423,102.05116725292423
71,na,13.330510592277443,24.267512639813642,22.805695462721427,45.07248628604275
72,e,122.04453590581862,122.04453590581862,27.20718684290643,29.63691018701279
73,na,18.417441633216278,46.33673069607323,27.73320535287753,34.54602741591574
74,na,122.04453590581862,122.04453590581862,102.05116725292423,102.05116725292423
75,na,122.04453590581862,122.04453590581862,102.05116725292423,102.05116725292423
76,na,20.84064648098355,33.68208234358373,39.61684690352457,58.2772760979554
77,na,122.04453590581862,122.04453590581862,102.05116725292423,102.05116725292423
78,na,122.04453590581862,122.04453590581862,102.05116725292423,102.05116725292423
79,na,26.354161669344595,31.61856911814477,19.51364805784716,20.73852825378327
80,na,122.04453590581862,122.04453590581862,102.05116725292423,102.05116725292423
81,na,51.66024217830393,64.140913458897,47.79337583475075,48.387452867725365
82,na,34.21405375241357,41.13838975232376,7.815671923751365,17.304537106707542
83,na,122.04453590581862,122.04453590581862,102.05116725292423,102.05116725292423
84,na,10.356886818279456,122.04453590581862,25.990518392570593,29.878506320968636
85,na,20.019467938451765,23.21638365656018,26.908139319874806,33.1072496014931
86,e,122.04453590581862,122.04453590581862,46.59262738081286,75.87810627901824
87,na,41.33146999917531,122.04453590581862,22.184291597422437,30.243270904386044
88,na,31.909797693862853,122.04453590581862,32.35828037839467,42.259874337834376
89,na,22.461159124531175,23.91177993982933,27.333173707725482,28.771041736456883
90,na,22.48724318189636,32.015688090519824,102.05116725292423,102.05116725292423
91,e,122.04453590581862,122.04453590581862,32.05373873070825,35.18221173996928
92,na,122.04453590581862,122.04453590581862,102.05116725292423,102.05116725292423
93,na,25.81978813793209,35.68076915418163,29.997186009663746,53.967286152600494
94,na,55.21821473541897,59.66827673098829,102.05116725292423,102.05116725292423
95,na,18.81141330851196,22.900562348103264,19.098886938120252,43.23386718693075
96,na,31.465293259413322,37.89239754702412,102.05116725292423,102.05116725292423
97,na,30.685060055952494,30.885140761060413,17.004600173327898,29.16150568771308
98,na,18.494256318342977,122.04453590581862,26.2184704905215,41.31573285033461
99,na,23.054633142221043,34.448584147274495,24.11012557902965,37.94613752284991
100,na,27.187490517924253,28.568087145215266,15.130666607459707,17.7313322146797
101,na,122.04453590581862,122.04453590581862,102.05116725292423,102.05116725292423
102,na,122.04453590581862,122.04453590581862,102.05116725292423,102.05116725292423
103,na,37.447745023326895,42.026480927062295,20.535663165100264,35.524238240546175
104,na,19.985825342930813,21.747707691122308,27.0762742329873,29.49430353063063
105,na,16.37724692659322,32.17375858823413,24.255955447380234,102.05116725292423
106,na,38.33420056081282,54.18943968710618,102.05116725292423,102.05116725292423
107,na,18.640342159029547,31.99434234959202,34.65439784021632,38.60585014898963
108,na,19.194512290850927,24.669038942452822,22.688990085846783,25.89337343562343
109,na,31.475266941530638,33.372761683258005,102.05116725292423,102.05116725292423
110,na,14.684974695403321,19.547888198213858,32.23246448688356,33.74999136643088
111,na,122.04453590581862,122.04453590581862,39.19427985218847,59.767219729609785
112,e,122.04453590581862,122.04453590581862,21.380942093858962,23.216399625217868
113,e,122.04453590581862,122.04453590581862,14.451743902847998,19.523290419926354
114,na,24.800912362141492,41.64268588689407,17.03099358780081,17.440365833548057
115,e,17.334475641110217,19.588427511189703,30.493776886415773,37.61254885655939
116,na,28.915931268978746,122.04453590581862,70.79351196890391,79.28014792036406
117,na,122.04453590581862,122.04453590581862,102.05116725292423,102.05116725292423
118,na,122.04453590581862,122.04453590581862,38.28251307936178,102.05116725292423
119,e,122.04453590581862,122.04453590581862,102.05116725292423,102.05116725292423
120,na,36.1689278388381,45.77630251453611,19.851975922654216,22.210304557789176
121,na,29.713683762081402,34.56627012980466,102.05116725292423,102.05116725292423
122,na,1.4207936063444735,46.14367048032212,10.767066040884595,27.468877385343855
123,e,122.04453590581862,122.04453590581862,22.809064503251637,25.353813394979234
124,na,14.779665646704759,122.04453590581862,16.06515482583505,43.98560902469657
125,e,122.04453590581862,122.04453590581862,18.903355384489423,22.37769407035502
126,na,122.04453590581862,122.04453590581862,102.05116725292423,102.05116725292423
127,e,122.04453590581862,122.04453590581862,33.45110363497155,102.05116725292423
128,na,57.678313684719846,58.19195553160718,23.93909899552984,25.693467689524372
129,na,11.851136139778951,18.364800196405344,31.448287463113697,40.108149407464
130,na,22.395029409964707,22.52784469427936,2.9671959679698428,14.89834429483991
131,na,122.04453590581862,122.04453590581862,102.05116725292423,102.05116725292423
132,na,13.627101796117,18.425839319869194,23.99909324745704,26.067504483760448
133,na,18.220248749885865,23.11470151106827,25.537957276200288,28.48796451518036
134,na,122.04453590581862,122.04453590581862,27.251033654906212,40.06220763818315
135,na,38.54652487067591,49.919946254814796,26.539434725660236,26.606500826724563
136,na,122.04453590581862,122.04453590581862,102.05116725292423,102.05116725292423
137,e,122.04453590581862,122.04453590581862,102.05116725292423,102.05116725292423
138,na,51.4977928650012,65.71265483858862,102.05116725292423,102.05116725292423
139,na,29.44225826711803,122.04453590581862,25.445757164595385,102.05116725292423
140,e,122.04453590581862,122.04453590581862,25.19595195613031,31.835619983377722
141,na,19.77486151136991,25.751145116515406,26.798019314830256,47.98154653914828
142,na,122.04453590581862,122.04453590581862,102.05116725292423,102.05116725292423
143,na,22.872109839560736,43.69656380961946,30.128618756431486,38.65807252545647
144,e,122.04453590581862,122.04453590581862,27.948055967960276,35.71497421279862
145,na,36.77746468199533,43.80750847459856,32.02970625290993,57.78156760313671
146,na,48.1942744762793,122.04453590581862,30.11510770505482,41.02885841555192
147,na,-1,0,-1,0
148,na,64.93568593287348,82.18249857079343,28.109297139150886,29.266495990842287
149,e,122.04453590581862,122.04453590581862,102.05116725292423,102.05116725292423
150,e,122.04453590581862,122.04453590581862,30.14741056559947,32.39617524809927
151,na,122.04453590581862,122.04453590581862,102.05116725292423,102.05116725292423
152,na,21.194394082199086,122.04453590581862,29.46691401881609,30.59018621854436
153,na,122.04453590581862,122.04453590581862,55.13229344819496,65.97332582500393
154,na,-1,0,-1,0
155,e,122.04453590581862,122.04453590581862,8.255564835786855,102.05116725292423
156,na,25.42123960809706,28.02858373851099,21.67057911411549,48.25802149240924
157,na,15.688095435323458,122.04453590581862,24.721255173880333,33.087151551615044
158,na,23.95901466618848,24.73996461682275,9.113026005721084,13.028425425109427
159,na,46.69402291516177,54.05013253166731,34.7985964079008,36.23114380976151
160,na,3.542510284231193,122.04453590581862,30.842736093579898,31.441783444018473
161,na,122.04453590581862,122.04453590581862,102.05116725292423,102.05116725292423
162,na,122.04453590581862,122.04453590581862,39.6591668946111,42.87015236454851
163,na,35.00541949586262,41.09701614189645,27.696064203365943,29.556197017607573
164,na,27.185580802918167,36.98430716611977,28.374189534488444,102.05116725292423
165,na,21.00352989823456,25.74654233901006,37.93061869991164,41.199647585939694
166,na,17.924067456254782,26.728281403683294,24.891634503335364,42.91269124326904
167,na,18.198398656783123,19.77817561747849,22.656688807478528,23.389410854636075
168,e,122.04453590581862,122.04453590581862,102.05116725292423,102.05116725292423
169,e,122.04453590581862,122.04453590581862,21.377101912131117,27.313754050119936
170,na,3.213794282085182,23.72549102102322,4.34979629881507,5.8320230236270385
171,na,49.97687442651697,122.04453590581862,63.67623632362923,68.72696619146275
172,na,21.702469846622897,22.855087120825306,29.89094368751341,34.29308742859449
173,na,122.04453590581862,122.04453590581862,102.05116725292423,102.05116725292423
174,na,25.77718834863435,33.77989691644329,20.888440088137408,102.05116725292423
175,na,122.04453590581862,122.04453590581862,102.05116725292423,102.05116725292423
176,na,36.65887130151228,49.573384263816806,44.398525242849914,102.05116725292423
177,na,42.94329798375577,64.92245396309238,102.05116725292423,102.05116725292423
178,na,13.01421983727181,28.287349307647535,27.947015464508972,28.513580023206327
179,na,122.04453590581862,122.04453590581862,46.95089486684916,102.05116725292423
180,na,37.45577464253415,122.04453590581862,12.514391735129772,13.186354068320952
181,na,11.038617092076063,17.07643108020861,17.161171008781245,18.40695198055256
182,na,33.60787138639173,122.04453590581862,12.316530208998149,102.05116725292423
183,na,13.528594453441968,14.757967464960021,21.628348625742692,44.73781220259353
184,na,122.04453590581862,122.04453590581862,55.345619456722105,61.046442080512875
185,e,122.04453590581862,122.04453590581862,24.150589797420892,38.67412226197188
186,na,122.04453590581862,122.04453590581862,102.05116725292423,102.05116725292423
187,e,122.04453590581862,122.04453590581862,24.438307627203557,28.42363805693639
188,na,27.51636512483253,28.83292862033923,8.501303000115366,12.862690676936282
189,na,25.864147629898902,122.04453590581862,102.05116725292423,102.05116725292423
190,na,24.86276360128835,35.360366536084314,40.88338183476195,56.10085336797889
191,na,23.10305736324993,30.363401695566925,30.305989757773116,43.31485539139592
192,na,13.816608488046459,15.329629125224052,55.11034375552183,57.48263701144238
193,na,122.04453590581862,122.04453590581862,23.649097306388573,102.05116725292423
194,na,39.60573095580058,45.07226851601711,21.28255339803953,102.05116725292423
195,na,36.078997440643015,37.908735711489804,8.09531366610938,21.976511998663504
196,na,18.371482138609142,37.47495238382256,23.447910707636964,35.91564267173071
197,e,122.04453590581862,122.04453590581862,26.548881156162476,37.95389223118688
198,na,45.51178049589607,122.04453590581862,27.154402019810664,30.267796910463368
199,e,122.04453590581862,122.04453590581862,2.0712064782227015,34.20074596225804
200,na,40.74594410008223,52.75078412265664,33.33294629642865,45.944869757737834
201,na,23.122387449317273,34.130846458086275,22.49796698832021,24.472679774910244
202,na,14.23395834960086,122.04453590581862,26.02835347013526,102.05116725292423
203,na,122.04453590581862,122.04453590581862,102.05116725292423,102.05116725292423
204,na,45.84626499543996,52.98986076682045,25.54392758690444,102.05116725292423
205,e,122.04453590581862,122.04453590581862,19.75595828704417,39.44122241073322
206,na,30.820547966544982,68.31499027395921,19.556391033808556,24.129926612442862
207,na,21.3214385599383,24.721472491425228,18.676104556114634,26.033899299825944
208,na,15.594748370269707,16.042859519781064,19.94662426571396,28.810675535913802
209,na,13.957718094051508,30.054663716300222,17.557970649028803,102.05116725292423
210,e,122.04453590581862,122.04453590581862,102.05116725292423,102.05116725292423
211,e,122.04453590581862,122.04453590581862,37.73058947660778,41.23574762421579
212,e,122.04453590581862,122.04453590581862,102.05116725292423,102.05116725292423
213,na,122.04453590581862,122.04453590581862,17.81759348882931,54.6515360540733
214,na,30.677612692134698,122.04453590581862,28.170513473183327,37.009110888640265
215,na,39.95681020457313,40.98065127001301,29.022952857283524,61.07589110681724
216,na,23.789180760911183,29.609013264878072,102.05116725292423,102.05116725292423
217,na,22.336549618376424,35.30812709793489,32.91027626587134,102.05116725292423
218,na,14.67402413623088,22.93526835672129,43.241042727796845,44.94875726974288
219,na,23.688872116753167,46.788320612655575,102.05116725292423,102.05116725292423
220,na,122.04453590581862,122.04453590581862,25.605290202656768,33.120257665949055
221,na,122.04453590581862,122.04453590581862,102.05116725292423,102.05116725292423
222,na,33.74384017431866,57.140430728651374,27.7383834133515,37.16200350064026
223,na,122.04453590581862,122.04453590581862,23.819524785555114,44.923745733581335
224,na,15.314137390348993,34.08817464827743,12.54081439284955,35.69721344831412
225,na,43.97449619670447,51.76314765576991,25.093901894880368,34.450982971320705
226,e,122.04453590581862,122.04453590581862,102.05116725292423,102.05116725292423
227,na,20.43313520298624,22.383918444155032,24.057729409972726,34.20673980891776
228,na,18.736200458870318,122.04453590581862,17.492005312833175,34.07670884627289
229,na,122.04453590581862,122.04453590581862,32.167323591960105,34.76448965671157
230,na,28.490331846468212,41.7456040767143,13.95265566715071,14.413812947509237
231,na,9.984749988054082,24.82048553340768,20.816112619397245,30.648693547263974
232,na,0.26534819689906913,122.04453590581862,14.439185204180097,19.144045149453643
233,na,-1,0,-1,0
234,e,122.04453590581862,122.04453590581862,45.73429574928161,48.866354323026286
235,na,48.947595612484726,77.01920122535601,102.05116725292423,102.05116725292423
236,na,39.205226855599186,51.4452673471131,27.275391542685252,39.369811176480624
237,na,122.04453590581862,122.04453590581862,102.05116725292423,102.05116725292423
238,na,19.098399880017904,122.04453590581862,19.707117091496304,39.45039567583944
239,na,31.669028363250593,31.71597037410476,38.48972751995793,44.79512553460101
240,na,122.04453590581862,122.04453590581862,102.05116725292423,102.05116725292423
241,na,24.493283195912138,28.328501893824725,20.650020069610385,30.058829866704073
242,na,122.04453590581862,122.04453590581862,102.05116725292423,102.05116725292423
243,na,122.04453590581862,122.04453590581862,29.030311457783487,30.176771700328985
244,e,122.04453590581862,122.04453590581862,22.468473388423256,25.46681209144387
245,na,39.02390133283523,52.19121780907742,18.226980399895666,102.05116725292423
246,na,29.380711339739094,122.04453590581862,102.05116725292423,102.05116725292423
247,na,34.982767562561165,46.89973578226689,14.580866887380218,25.39128618522316
248,na,21.50322351945323,23.56423452830529,12.092555295761507,102.05116725292423
249,na,50.1921131182669,122.04453590581862,64.13195980534346,64.3845396854
250,na,34.36371567898642,36.33149690803503,36.960233354399804,42.317627130937296
251,na,24.519860927601567,29.134541179458935,28.69222319593295,32.367552498162354
252,na,12.174857622701593,16.233612193628883,30.764857558471036,50.5189975793915
253,na,34.857912098129844,43.94835108709087,26.78134518919414,30.92790333111437
254,na,24.011085965083087,24.023285595467428,17.531115335879097,21.25251817379698
255,na,33.17672257786678,49.9025362083314,28.59697553593129,35.90152112231323
256,na,20.057495713049686,34.16736328248666,36.035753933267785,41.30499978822206
257,na,16.741693674698915,22.11785257155902,18.765789821930312,32.73483621172817
258,na,28.617317677446,33.190094735091,102.05116725292423,102.05116725292423
259,na,40.578721463708796,52.86811658288266,32.11164720586606,40.02612602493535
260,na,38.814954947470696,48.42499621574133,22.194277633061173,24.21183563055271
261,e,122.04453590581862,122.04453590581862,38.36288454946691,44.15802667582866
262,na,33.57422361848057,41.220528440137855,30.36443950599614,36.945315566737214
263,na,122.04453590581862,122.04453590581862,102.05116725292423,102.05116725292423
264,na,14.286893082144905,31.84450235082565,38.16801608232002,41.11284636382822
265,na,122.04453590581862,122.04453590581862,102.05116725292423,102.05116725292423
266,na,122.04453590581862,122.04453590581862,102.05116725292423,102.05116725292423
267,na,122.04453590581862,122.04453590581862,30.066970305065784,43.257900143114256
268,e,122.04453590581862,122.04453590581862,23.130249977822874,25.111464776155206
269,na,122.04453590581862,122.04453590581862,65.57401873554424,72.0770668883983
270,e,122.04453590581862,122.04453590581862,22.655325066447652,102.05116725292423
271,na,22.037819954450747,34.84693223837784,13.17048647435473,17.75956333725025
272,na,122.04453590581862,122.04453590581862,29.61671398433508,33.35545388892864
273,na,24.08440453255212,36.268942025959866,23.14066865217086,38.113700866822306
274,na,70.32066591352356,122.04453590581862,39.22553815650235,53.9309748887115
275,na,122.04453590581862,122.04453590581862,39.565510331993735,41.71313073452199
276,e,122.04453590581862,122.04453590581862,24.127722820033302,28.059804231491675
277,na,122.04453590581862,122.04453590581862,22.60137213538798,57.552370881097424
278,na,32.39049018086612,60.78597846502083,38.28231254116222,41.859595531522416
279,na,30.191301715252145,33.129341660297214,49.9877329841611,54.529616505670944
280,na,39.50407462875827,40.32116263677907,102.05116725292423,102.05116725292423
281,na,28.6242229720718,51.50022164354272,25.617642573903385,44.076919093605134
282,na,24.607089297084354,26.166879785344587,39.081431700571905,43.475786303832095
283,na,12.710029069372915,36.68271741455572,13.752931454667989,20.32847862821058
284,na,122.04453590581862,122.04453590581862,102.05116725292423,102.05116725292423
285,na,19.58650056604541,24.228870353246375,34.34406990813934,38.743225123367296
286,na,21.81527079259685,23.18035786694726,17.135863464672184,24.4714248441576
287,na,122.04453590581862,122.04453590581862,102.05116725292423,102.05116725292423
288,e,122.04453590581862,122.04453590581862,18.0906821138555,102.05116725292423
289,na,17.925188835083816,21.50734029120368,17.14332974295507,43.030726726770766
290,na,34.90472580665086,65.68897545051614,35.8366650603398,36.34971622269513
291,na,42.46452383527215,122.04453590581862,24.45469981176184,34.015143073602474
292,na,23.50101324443672,27.53701258296971,20.56618987058967,50.62492070006946
293,e,122.04453590581862,122.04453590581862,21.578261510394327,32.163220583938916
294,na,24.394064619140373,122.04453590581862,21.936845755642736,24.65327135576959
295,na,8.821537959761951,122.04453590581862,22.32747866192015,102.05116725292423
296,na,27.790306573232375,122.04453590581862,102.05116725292423,102.05116725292423
297,na,27.767118727000526,39.93758033453183,20.69019685861626,24.543074837874105
298,e,122.04453590581862,122.04453590581862,27.873089655502646,36.53537483270914
299,na,29.222979826414733,29.524378988247737,102.05116725292423,102.05116725292423
300,na,122.04453590581862,122.04453590581862,102.05116725292423,102.05116725292423
301,na,30.423747068826273,33.54200022012955,18.363484420091538,46.261335284046616
302,na,122.04453590581862,122.04453590581862,102.05116725292423,102.05116725292423
303,na,33.62737127004068,39.1664921033009,32.76953265459151,34.16183473784388
304,na,18.707196644152813,20.446773333412995,25.209397764432737,40.63297583020086
305,na,35.16852305350613,122.04453590581862,32.74706449837658,38.51759757301854
306,na,122.04453590581862,122.04453590581862,102.05116725292423,102.05116725292423
307,e,122.04453590581862,122.04453590581862,25.382700699413054,30.00625517227745
308,na,122.04453590581862,122.04453590581862,102.05116725292423,102.05116725292423
309,na,122.04453590581862,122.04453590581862,17.48764297892813,22.105844022565165
310,na,24.60940754220128,34.733061365034544,102.05116725292423,102.05116725292423
311,na,122.04453590581862,122.04453590581862,102.05116725292423,102.05116725292423
312,e,122.04453590581862,122.04453590581862,27.697972528290038,38.07581417722726
313,na,11.47209531048546,16.479359113434327,21.50994851902735,26.001958996133986
314,na,37.19714631166214,45.28091417896969,102.05116725292423,102.05116725292423
315,e,122.04453590581862,122.04453590581862,17.341080296312583,20.813272143678976
316,na,42.43385894221361,66.76079339632591,46.79425279892084,62.77085226921549
317,na,45.046158717306575,58.48650057247355,22.932215103143175,23.38095087683268
318,na,28.65094529176762,30.56161548572301,23.69111407668202,102.05116725292423
319,na,4.3925337673642195,122.04453590581862,9.124174508847393,17.03545282424436
320,na,122.04453590581862,122.04453590581862,33.71738092343421,40.26080353957201
321,na,31.244195758105604,49.339827020272736,34.665057325839065,102.05116725292423
322,na,22.885943157759858,32.91429136490565,10.684742546242388,102.05116725292423
323,na,122.04453590581862,122.04453590581862,102.05116725292423,102.05116725292423
324,na,20.746687453275158,24.20832601691949,30.23579159252168,31.826347020827576
325,na,19.835097024046533,41.34554627616125,25.273185685621556,30.93427995004969
326,na,15.354641114966654,15.857679706902909,21.071476495185333,23.923023304440242
327,na,13.533215942441437,16.826856904341575,24.303535805332743,26.321563588957364
328,na,24.68545420432276,29.467408514898075,24.984377665361905,28.77765236726232
329,na,73.45615200903643,83.97488093529887,26.004358011412954,50.14752295462242
330,na,49.35606147006974,63.60520493925197,20.0071613891832,102.05116725292423
331,na,122.04453590581862,122.04453590581862,32.53428944235025,34.49917515307255
332,na,23.12545772631986,45.93529928035562,22.559526389696934,27.663480698622013
333,e,122.04453590581862,122.04453590581862,13.307076382447747,14.883857837294117
334,na,28.904374519264103,32.544218343455555,33.05611224048156,102.05116725292423
335,na,122.04453590581862,122.04453590581862,102.05116725292423,102.05116725292423
336,na,21.90915451055218,39.28828767061008,30.623200309287206,33.99813050243332
337,na,34.447387571264464,42.53500975433946,24.671131125544296,26.368786504612522
338,na,43.848472486491815,49.868121764553834,21.844177894367984,37.715431166928056
339,na,122.04453590581862,122.04453590581862,102.05116725292423,102.05116725292423
340,e,122.04453590581862,122.04453590581862,38.26027813016274,38.870205809902295
341,na,122.04453590581862,122.04453590581862,39.21707065663302,41.67322971879264
342,na,122.04453590581862,122.04453590581862,102.05116725292423,102.05116725292423
343,na,22.151433212825552,31.685316393458937,48.09140824499077,102.05116725292423
344,e,122.04453590581862,122.04453590581862,20.401531273640224,34.36822718841711
345,na,122.04453590581862,122.04453590581862,26.90532943943003,32.60679251727889
346,na,23.97516290829866,122.04453590581862,30.403471712548633,34.78164230962778
347,na,20.39275468664679,122.04453590581862,36.9514718774187,39.98933947960579
348,na,30.470816937390612,52.294484418043844,29.43414426701916,102.05116725292423
349,na,122.04453590581862,122.04453590581862,102.05116725292423,102.05116725292423
350,na,28.33210555756286,122.04453590581862,18.333272108785348,20.652276253140847
351,na,34.61494125558722,58.39126380206278,46.31112122366991,71.55936020930976
352,na,33.24541227861296,40.12491310725409,27.375466668559383,37.450854368256486
353,e,122.04453590581862,122.04453590581862,38.71660958795669,102.05116725292423
354,na,21.034298109661222,122.04453590581862,18.862352030513826,20.434326758970023
355,na,122.04453590581862,122.04453590581862,47.936821422800406,58.20645010879152
356,na,12.964100459751808,14.009568929599924,27.065481005775577,69.44260626135204
357,na,46.168541830585546,46.770466426855286,102.05116725292423,102.05116725292423
358,na,122.04453590581862,122.04453590581862,22.691385676021515,39.51739125148348
359,na,22.39457837510843,51.86214285502602,23.87670745312776,41.49011318339305
360,na,0,122.04453590581862,0,0.32159799750117646
361,na,122.04453590581862,122.04453590581862,102.05116725292423,102.05116725292423
362,na,17.75634668501153,23.41098232598355,19.419088452234014,19.98721581717642
363,na,30.17603252727529,52.39870813956519,102.05116725292423,102.05116725292423
364,na,33.940883281770326,45.56240355715295,102.05116725292423,102.05116725292423
365,na,24.75357095356935,53.6663530245914,16.579678952045654,23.725247086291606
366,na,122.04453590581862,122.04453590581862,102.05116725292423,102.05116725292423
367,na,25.56881206167071,37.928392557817894,39.017100323618756,102.05116725292423
368,na,10.890128275788072,15.906251334929841,19.29826196252354,20.04097110302688
369,e,122.04453590581862,122.04453590581862,102.05116725292423,102.05116725292423
370,e,122.04453590581862,122.04453590581862,18.214561815556895,28.156032176704667
371,na,122.04453590581862,122.04453590581862,63.72642739469358,68.36081843643119
372,e,20.396334003205848,56.32872003580808,17.077560071740965,18.50599358358276
373,e,122.04453590581862,122.04453590581862,33.59436270789211,35.85450320104632
374,na,22.78029994904093,27.990931151889367,102.05116725292423,102.05116725292423
375,na,27.53980626076933,32.86166356187896,12.707888206275607,15.484807786749181
376,na,32.616044177541035,49.10125800099925,36.7096477627393,38.17259820053658
377,na,35.62488640486218,50.84343956076301,30.87420841871666,102.05116725292423
378,na,6.226337368307221,11.195628127449439,17.802333958990875,36.68188696735464
379,e,122.04453590581862,122.04453590581862,31.165050528673568,38.02437760695729
380,na,122.04453590581862,122.04453590581862,102.05116725292423,102.05116725292423
381,na,36.0578965684555,37.203413164724104,25.28942016782674,26.68880659384549
382,na,122.04453590581862,122.04453590581862,32.94727721043028,102.05116725292423
383,na,34.61573220479631,122.04453590581862,36.814415445294394,102.05116725292423
384,e,122.04453590581862,122.04453590581862,102.05116725292423,102.05116725292423
385,na,27.182124011694324,36.88480855883422,102.05116725292423,102.05116725292423
386,na,122.04453590581862,122.04453590581862,102.05116725292423,102.05116725292423
387,na,12.987537797570125,14.868057436460452,40.207537136710215,50.86135439519841
388,e,122.04453590581862,122.04453590581862,36.35722110173963,56.185429824034244
389,na,0,122.04453590581862,0,6.885217426634844
390,na,22.734318748593147,122.04453590581862,27.250179028251903,28.580571757129185
391,na,15.57377807125514,28.92644174546396,102.05116725292423,102.05116725292423
392,na,9.484250144135906,30.46177370831991,16.9586845016073,34.213150832925905
393,na,55.7167246474667,62.37915770524231,37.68902432579502,41.12423845728146
394,na,122.04453590581862,122.04453590581862,31.354589948011064,102.05116725292423
395,na,122.04453590581862,122.04453590581862,34.2591384241438,39.53873510196836
396,e,122.04453590581862,122.04453590581862,19.31209511459843,27.857189785368607
397,na,18.284693323400464,19.9327821410416,18.219153301979816,24.194886125003272
398,na,122.04453590581862,122.04453590581862,36.3215258034011,39.71494652188396
399,na,49.26658392426039,53.71079050808029,25.742441434262965,41.293486999138736
400,na,122.04453590581862,122.04453590581862,102.05116725292423,102.05116725292423
401,na,38.774635409023155,40.028287163081366,32.68254354457645,46.56753897849835
402,na,39.586493088853906,63.11532622372288,102.05116725292423,102.05116725292423
403,na,23.974562663170346,24.9559099901429,10.273158557907632,22.78962647104041
404,e,122.04453590581862,122.04453590581862,26.31611372419803,33.17456275361708
405,na,11.891717002740554,122.04453590581862,31.73206640449927,34.79952743791052
406,e,122.04453590581862,122.04453590581862,102.05116725292423,102.05116725292423
407,na,40.03377262522372,41.30524803734268,102.05116725292423,102.05116725292423
408,na,35.869845077987854,55.630777508881195,13.236855058109734,26.01177136787802
409,e,122.04453590581862,122.04453590581862,102.05116725292423,102.05116725292423
410,na,122.04453590581862,122.04453590581862,37.40777505323719,48.08402064790861
411,na,28.36297818794322,122.04453590581862,35.55592508755724,42.29106034674034
412,e,122.04453590581862,122.04453590581862,102.05116725292423,102.05116725292423
413,na,14.357208328785662,31.579722541822164,11.636065854287821,102.05116725292423
414,na,29.703304426559903,52.3714995038304,27.24452571454677,31.355477287395072
415,na,31.40715812833576,39.69392982738385,26.86713695587648,36.700511150797546
416,e,122.04453590581862,122.04453590581862,54.44198256676395,68.38495089228154
417,e,122.04453590581862,122.04453590581862,29.89195853124974,30.624484147329753
418,na,22.757177432489744,52.24162137305887,24.796472354385905,102.05116725292423
419,na,48.94022193330304,64.53654413914161,19.06995969072803,22.90104753963333
420,na,20.706433082784976,31.659332161896693,25.689954273999835,36.37172602235589
421,na,43.518349893471544,122.04453590581862,102.05116725292423,102.05116725292423
422,na,59.612569240511085,76.29741047062096,102.05116725292423,102.05116725292423
423,na,21.527526728775133,30.16804764649559,102.05116725292423,102.05116725292423
424,na,28.720145787868468,30.018472011070017,25.806837251288965,79.04092177623468
425,na,24.216194864621723,55.17631064140702,17.369693806343903,21.040361826872182
426,na,18.64248696684282,20.564138811814747,21.197746476011634,47.91767881847174
427,na,29.616216055051694,55.187833262538724,11.173683608472915,12.269686091254083
428,na,58.766538216833915,58.99827459947955,35.96393264086245,48.11459975696739
429,na,23.42832945261537,36.10642736495695,20.51734461316041,22.92363334369173
430,na,29.79774997638293,31.423067311184553,102.05116725292423,102.05116725292423
431,e,122.04453590581862,122.04453590581862,19.59313430652071,28.146199708932766
432,na,22.68074399419897,25.93712657837632,102.05116725292423,102.05116725292423
433,na,21.967822121979495,41.487473349546086,19.847424623096487,20.43773394538929
434,na,43.21071440441314,67.87042302450313,53.219020663989085,55.77241744231904
435,na,20.425045392162325,22.585499636952484,21.294627990450433,102.05116725292423
436,na,22.19782213445448,23.0244538386933,22.644303483034342,102.05116725292423
437,na,38.00001153209593,38.60855600514525,29.123049251509673,29.544607998128495
438,e,122.04453590581862,122.04453590581862,22.87065253113636,31.43189582204357
439,na,34.84408295958313,48.631993589221395,31.052766907776896,31.654718509598673
440,na,30.763918663649406,41.29055404462765,30.858773142518114,37.09777433096002
441,na,122.04453590581862,122.04453590581862,102.05116725292423,102.05116725292423
442,na,28.2349582291377,54.26524488580645,102.05116725292423,102.05116725292423
443,na,122.04453590581862,122.04453590581862,24.50171847076621,28.822766358213347
444,na,7.643412990479169,9.360943516330686,8.910625017491743,9.260071830872336
445,na,9.262232705725802,18.757081282859776,32.4374290410803,36.82824776920075
446,na,17.42991704354216,19.549298513717446,20.299212790470012,20.821198763101016
447,na,43.386749964132015,58.940019918920655,102.05116725292423,102.05116725292423
448,na,28.377741602645447,37.00997108831585,102.05116725292423,102.05116725292423
449,e,122.04453590581862,122.04453590581862,102.05116725292423,102.05116725292423
450,na,122.04453590581862,122.04453590581862,102.05116725292423,102.05116725292423
451,na,12.347857289665875,16.049869377702834,26.357348982367622,46.60651263392377
452,e,122.04453590581862,122.04453590581862,34.06739999470338,36.048788270720685
453,na,25.094491493198323,122.04453590581862,29.952367695709533,42.06327589987513
454,na,30.294340521783987,34.94779256400796,20.478320852859117,27.54817782618704
455,na,22.514414286254873,32.62095947890278,23.189885180403824,24.684001751833538
456,na,21.622919714395444,122.04453590581862,32.18546152823626,38.785932502239675
457,na,14.778921223473573,24.552600723501236,33.606766408504214,61.690664702729464
458,na,27.612855881763643,47.05961383507053,14.069692825353894,28.071134838285012
459,na,16.83172009800145,24.309362337448405,29.88426197629743,102.05116725292423
460,na,41.25012083582793,122.04453590581862,102.05116725292423,102.05116725292423
461,e,122.04453590581862,122.04453590581862,32.21242729005138,102.05116725292423
462,e,122.04453590581862,122.04453590581862,35.240507128744014,35.77125325798796
463,na,122.04453590581862,122.04453590581862,102.05116725292423,102.05116725292423
464,na,38.05898035113593,54.187351599910045,32.254084102373696,48.70989445909847
465,e,122.04453590581862,122.04453590581862,29.495184061265075,30.38640936236348
466,na,32.8336337279727,122.04453590581862,102.05116725292423,102.05116725292423
467,na,17.268386950830266,31.305964933259478,32.60368728968709,36.216507517204285
468,na,8.954373673667408,9.269546515616105,20.865061977666667,23.655180129851143
469,na,3.420420882179321,122.04453590581862,5.379217735165341,8.293529342794308
470,na,22.361803088949785,34.48477341611418,102.05116725292423,102.05116725292423
471,na,25.591314962886297,31.492392190321237,16.448448936596847,23.572122193323484
472,e,122.04453590581862,122.04453590581862,26.272658834741875,29.355896069659675
473,e,122.04453590581862,122.04453590581862,25.274703756966282,34.93324031836217
474,na,30.962684294847264,57.989546360668946,102.05116725292423,102.05116725292423
475,na,15.28604782636885,22.04812675630868,46.967467749074444,47.95894069186346
476,na,27.326495443309646,29.072519722710116,36.569850474193174,37.247094325443186
477,na,27.571337118383074,28.2125294425892,16.104740935239516,18.020638993806386
478,na,122.04453590581862,122.04453590581862,102.05116725292423,102.05116725292423
479,na,37.70282766478912,122.04453590581862,25.441878439623835,35.17997448156673
480,na,28.38923563446837,38.90084777120539,9.404952959877303,21.15676747088213
481,e,122.04453590581862,122.04453590581862,24.164809542326918,102.05116725292423
482,e,122.04453590581862,122.04453590581862,102.05116725292423,102.05116725292423
483,na,25.173758330505674,52.72394286517806,25.584072550922134,33.81687140761033
484,e,122.04453590581862,122.04453590581862,102.05116725292423,102.05116725292423
485,e,122.04453590581862,122.04453590581862,22.64120734880667,34.320710864580086
486,na,122.04453590581862,122.04453590581862,102.05116725292423,102.05116725292423
487,na,31.586609497022256,35.396631029643736,102.05116725292423,102.05116725292423
488,na,38.02920952296075,42.85099681863858,19.669628912664336,38.05105526308385
489,na,34.60896342434821,34.80662541799648,6.67587795535626,33.68951490549075
490,e,122.04453590581862,122.04453590581862,35.64974988946568,102.05116725292423
491,na,32.47715199086413,50.291818843151006,102.05116725292423,102.05116725292423
492,na,14.281711775238083,16.46635630410356,18.708103213291558,30.613397874762782
493,na,19.12610157471981,19.435547760880084,17.151319968550027,102.05116725292423
494,na,122.04453590581862,122.04453590581862,102.05116725292423,102.05116725292423
495,na,34.091074743534776,43.84747444234574,35.01687316129782,45.554812377235045
496,na,122.04453590581862,122.04453590581862,11.017713584065337,18.95581641728353
497,na,18.587208114920152,23.16371611614727,26.672007234415165,102.05116725292423
498,na,5.160921875784966,12.719287125310881,11.878181506670064,45.596514477760536
499,na,19.62821421859202,36.31564617928543,27.434052280124586,34.30508192191235
500,e,122.04453590581862,122.04453590581862,21.729216774315308,35.88879004467348
501,na,122.04453590581862,122.04453590581862,24.62424223670389,25.020219874790506
502,na,21.473001007664525,22.081359981204976,21.406348759222617,22.53224633513205
503,na,122.04453590581862,122.04453590581862,102.05116725292423,102.05116725292423
504,na,12.469120500227461,17.707911454742103,42.50135403144396,102.05116725292423
505,na,122.04453590581862,122.04453590581862,24.752982188075865,102.05116725292423
506,na,122.04453590581862,122.04453590581862,102.05116725292423,102.05116725292423
507,e,122.04453590581862,122.04453590581862,22.187288828127755,34.34922261602552
508,na,29.049766973554206,122.04453590581862,23.740892661568427,27.209316153013813
509,na,32.92565620848676,60.040506870532404,28.512544092883168,41.05607029537537
510,na,15.270930539639641,17.954315309613666,7.433697557686819,8.615977347500568
511,na,39.99660302032803,122.04453590581862,34.079745145724225,43.8191257182305
512,na,122.04453590581862,122.04453590581862,102.05116725292423,102.05116725292423
513,na,122.04453590581862,122.04453590581862,102.05116725292423,102.05116725292423
514,na,122.04453590581862,122.04453590581862,102.05116725292423,102.05116725292423
515,na,13.566842253004552,16.99937065608871,23.87558939830933,25.74589320605625
516,na,122.04453590581862,122.04453590581862,35.570014663835586,46.597892763903126
517,na,35.53739102407261,43.72872446996432,13.963898335243506,34.57571805486841
518,e,122.04453590581862,122.04453590581862,30.439708774297806,45.489059117897966
519,na,1.275009391640066,5.971533447756408,11.12971801008972,11.893538175027606
520,na,11.778606103100506,14.294359744863879,20.18936618702196,23.336670943760996
521,na,122.04453590581862,122.04453590581862,102.05116725292423,102.05116725292423
522,na,18.926604224881515,19.063748179096585,17.709348782458566,20.70774842977601
523,e,122.04453590581862,122.04453590581862,13.310322817476473,44.646137349243794
524,na,37.9414752642919,43.0232726938934,32.41785381215592,48.42518171364235
525,e,122.04453590581862,122.04453590581862,102.05116725292423,102.05116725292423
526,na,122.04453590581862,122.04453590581862,5.0147851518621644,19.523483698403894
527,na,48.82928199446851,53.03821762921103,37.88975851556349,40.662180256728924
528,na,30.995112729049254,38.3845292421046,17.134597227953154,23.455852626182878
529,na,13.986971314677117,17.86159320800022,3.89899349443835,6.644530196458942
530,e,122.04453590581862,122.04453590581862,15.02623789083486,19.020070886436788
531,na,14.955216932623966,16.67956480209041,26.6271917001247,46.04582070639685
532,na,26.07288471759711,29.29174287799512,25.71852038130588,39.46333413430707
533,na,26.422883069860593,34.824944979671855,102.05116725292423,102.05116725292423
534,e,122.04453590581862,122.04453590581862,27.073310605401268,28.166273339654975
535,na,20.68848623843747,122.04453590581862,102.05116725292423,102.05116725292423
536,na,37.72533382721997,48.10940949945598,102.05116725292423,102.05116725292423
537,na,32.243416923624416,66.30994250376702,22.03623528080965,31.500311794488415
538,na,40.49290263789043,44.64703005510542,102.05116725292423,102.05116725292423
539,e,122.04453590581862,122.04453590581862,29.889612397855235,48.52878235035651
540,na,44.83440896473217,47.350257124306005,24.42799586229116,36.43908749409167
541,na,23.651007657789997,41.00956259882397,26.485158836169134,28.889291124823448
542,na,24.32466303590188,31.89202104185691,16.522837822838863,102.05116725292423
543,na,20.55455795696223,21.72148778617463,26.03507900256503,26.054901294316295
544,na,19.316286663192223,30.48705457758719,45.28317119678151,48.89123259663784
545,na,40.762165041004884,43.45806844838199,102.05116725292423,102.05116725292423
546,na,122.04453590581862,122.04453590581862,102.05116725292423,102.05116725292423
547,na,4.114040223269441,10.561000561551678,8.040357913682831,9.486459330525436
548,na,56.16883357719038,122.04453590581862,102.05116725292423,102.05116725292423
549,na,33.832102069884044,38.63648123762346,41.2510768059728,48.70000526572837
550,e,122.04453590581862,122.04453590581862,102.05116725292423,102.05116725292423
551,na,122.04453590581862,122.04453590581862,102.05116725292423,102.05116725292423
552,na,122.04453590581862,122.04453590581862,38.04761321150685,58.81571254114233
553,na,33.80379847633344,35.91850763937032,14.999271295971075,28.136350810313598
554,e,122.04453590581862,122.04453590581862,31.114773719166784,43.316491438430525
555,na,16.336211916210296,29.382393487085775,40.561201226469805,42.0210896280179
556,na,122.04453590581862,122.04453590581862,18.20629961817832,102.05116725292423
557,na,122.04453590581862,122.04453590581862,102.05116725292423,102.05116725292423
558,na,14.480245497296957,15.413174551928153,26.50446808768571,28.19372425493554
559,e,122.04453590581862,122.04453590581862,25.315636793577692,37.577631485204414
560,na,40.56205386072148,46.626093541725716,26.069877672013675,34.22906621094294
561,na,18.3546203367211,18.517887506188657,5.487378720802977,12.870301412399598
562,na,21.106934624195294,58.337968232969,22.63795427295753,22.98068718963135
563,na,23.69514805314724,38.6316698953626,51.00766558585543,102.05116725292423
564,na,31.295002436999905,32.68919630123163,102.05116725292423,102.05116725292423
565,na,13.840121296351024,40.734517365317664,42.98193341805213,102.05116725292423
566,na,122.04453590581862,122.04453590581862,24.58967343007759,26.60882811185505
567,e,122.04453590581862,122.04453590581862,16.45703966317108,102.05116725292423
568,e,122.04453590581862,122.04453590581862,18.184551574295078,22.608142545481627
569,e,122.04453590581862,122.04453590581862,33.526444363473914,102.05116725292423
570,na,29.34753177543842,30.53674237702817,22.007272191985916,102.05116725292423
571,na,35.94203443072278,38.36618284668446,38.399506937778604,43.36303288636641
572,na,122.04453590581862,122.04453590581862,33.4954967657463,66.3797114180844
573,e,122.04453590581862,122.04453590581862,102.05116725292423,102.05116725292423
574,e,122.04453590581862,122.04453590581862,102.05116725292423,102.05116725292423
575,na,16.064744925922493,21.76853407848428,20.021902476883117,49.43231863020246
576,e,28.670733461618994,30.417764984849054,22.610574520270003,23.43494066489721
577,na,31.659221634272114,37.922833794451925,21.68558879695673,29.13649634859434
578,na,24.180677607016282,46.32722675306578,102.05116725292423,102.05116725292423
579,na,122.04453590581862,122.04453590581862,34.05766591620868,39.89152859895819
580,na,32.330678919138215,32.971205096925125,21.416625896133816,26.34222988455908
581,na,29.549187932387944,37.92925598067254,24.34605308341213,47.407039231129666
582,e,122.04453590581862,122.04453590581862,102.05116725292423,102.05116725292423
583,na,122.04453590581862,122.04453590581862,22.936846703376073,102.05116725292423
584,e,122.04453590581862,122.04453590581862,28.88282470734884,102.05116725292423
585,na,29.37218750657389,45.537150045027474,46.76468034775657,58.6617026020972
586,na,18.666218242184687,25.361559827055693,102.05116725292423,102.05116725292423
587,na,38.450733582550164,51.2418222077098,23.156147674358948,27.747327057705316
588,na,43.69305148162275,47.24923795884097,50.442225892711605,51.784155215873305
589,e,122.04453590581862,122.04453590581862,41.31803409827269,45.00014332964982
590,na,12.577026230787812,14.754997033069849,22.53799116021397,31.626179870323973
591,e,122.04453590581862,122.04453590581862,35.656040238549735,41.0228916160001
592,na,30.032438278004527,34.55899272657665,24.782998010981043,43.64961145109632
593,na,27.24592242509895,28.291256857687127,32.36076568614582,82.59067433234182
594,na,38.063844052969706,59.554774942834406,26.402402915084235,42.24325743017877
595,na,10.096109596509539,12.538296476785074,33.077179636227854,58.5983706380127
596,na,34.956919505558425,37.75120929208247,23.850087025499395,31.816724572027255
597,e,122.04453590581862,122.04453590581862,31.238843398858627,34.552257291209145
598,e,122.04453590581862,122.04453590581862,22.735238761092837,102.05116725292423
599,na,122.04453590581862,122.04453590581862,102.05116725292423,102.05116725292423
600,na,29.45710502514085,38.91340876906277,27.06632097268743,102.05116725292423
601,na,37.024304814274025,44.52524186472718,28.604551828536923,32.012152938117325
602,na,13.337444038128139,45.230396673236335,22.874183660809127,41.16011182699701
603,na,23.049488568659665,24.125506294330304,38.181090762546354,42.63804843020075
604,na,122.04453590581862,122.04453590581862,29.97681065855703,45.626453858823176
605,na,39.546959484038304,44.12465437423212,102.05116725292423,102.05116725292423
606,na,122.04453590581862,122.04453590581862,40.86495933107101,48.839300031276956
607,na,39.215764607229275,49.60831592124452,29.028510228326287,37.735381789754236
608,na,22.308097710737407,46.975476940978076,31.47304281908586,42.010624241363395
609,na,21.674607719613384,32.95431622585242,24.099191237633686,28.14054594345138
610,na,49.2116320864414,59.80402551258596,102.05116725292423,102.05116725292423
611,e,122.04453590581862,122.04453590581862,36.99697121307239,102.05116725292423
612,na,26.613814699293187,58.80410947723688,28.1213986231583,28.85960890863771
613,e,122.04453590581862,122.04453590581862,20.967052348683694,33.46076010170671
614,na,26.961069549238907,43.983699212380905,16.607723056319998,24.87113178470123
615,na,26.36720794453264,122.04453590581862,28.886400959331816,102.05116725292423
616,na,19.030607765209865,122.04453590581862,17.745230576739186,25.824239738210185
617,na,28.54395537304417,54.10782728230521,15.969403125351183,22.53422972653012
618,na,20.31992256317355,33.36501795039995,23.255698400013777,40.21574530077699
619,na,122.04453590581862,122.04453590581862,24.085725275593763,26.65390492890596
620,na,24.470151595446357,25.879150071368283,39.075916523651095,39.323209648977354
621,na,10.42346948230157,28.67283724687329,32.699749632301476,51.59162319629465
622,na,13.164849213914328,122.04453590581862,18.2079111280609,20.47771044296044
623,na,39.66532813585394,41.949813329180415,29.329838440891482,30.15256556688962
624,na,20.430118412975546,122.04453590581862,33.215633655238726,47.06790373792113
625,na,53.994948618260906,122.04453590581862,29.693081039803342,31.43373945165445
626,e,122.04453590581862,122.04453590581862,26.38550860773885,31.493665433539118
627,na,21.929152314832532,34.85003009725579,38.68268455270266,53.19632087518971
628,na,29.8051827693374,59.610776186588566,22.50707485164851,102.05116725292423
629,na,122.04453590581862,122.04453590581862,102.05116725292423,102.05116725292423
630,na,36.277442793157,122.04453590581862,22.87220255144827,102.05116725292423
631,na,29.956759910549927,43.80196453925541,17.771243778956165,24.4153577676928
632,na,122.04453590581862,122.04453590581862,45.17504108255142,70.00902486177218
633,na,122.04453590581862,122.04453590581862,102.05116725292423,102.05116725292423
634,e,122.04453590581862,122.04453590581862,13.410014046795341,102.05116725292423
635,na,7.253268770315017,16.59587011341783,21.340134146440825,40.21594138568489
636,na,16.691458269190562,36.188581176452516,37.13936187577298,102.05116725292423
637,na,18.13807681277193,20.783810809415687,33.94460791681358,48.772227255484594
638,e,122.04453590581862,122.04453590581862,29.551132583981445,39.30572289307632
639,na,21.153307406599392,34.03150557180093,22.994744640307548,102.05116725292423
640,e,122.04453590581862,122.04453590581862,34.812007700842564,39.32228240686726
641,na,30.53476458585629,36.31356121611845,36.10300494576519,60.82520469941232
642,na,122.04453590581862,122.04453590581862,44.355424009739465,61.40349547499845
643,na,122.04453590581862,122.04453590581862,40.35617766412995,42.73105504925142
644,na,11.450332058961402,14.474550746973572,28.339254349383,31.36834717520262
645,na,55.123462896190354,63.00301705331447,27.81382748534832,40.5592300633956
646,na,53.18127306186495,54.284827986965915,45.260713468365054,49.22288521317533
647,na,15.76131958563876,16.187757451026513,22.845560719879934,24.04600590207126
648,na,122.04453590581862,122.04453590581862,102.05116725292423,102.05116725292423
649,na,27.330547610876643,31.39823657164335,41.50954056053843,50.45187172546808
650,na,15.6430682637963,16.70718069788272,17.505678617357557,18.795978387881892
651,na,122.04453590581862,122.04453590581862,41.22463624227144,94.19342212428508
652,na,32.297332598115375,38.26020688716903,19.831078853215374,23.505074844448217
653,na,34.743628529416945,35.31488028935427,29.575470676665102,102.05116725292423
654,na,31.582417223739288,33.56420672296782,30.827375682691724,55.13900188132162
655,na,34.20280990969794,62.09157105764814,17.837565136472357,29.825176908701188
656,na,122.04453590581862,122.04453590581862,46.231816265793306,102.05116725292423
657,e,122.04453590581862,122.04453590581862,13.828517370485937,34.65426273174692
658,e,122.04453590581862,122.04453590581862,39.08167682515741,50.10286061330783
659,na,31.347858928180266,122.04453590581862,19.565215501835926,23.149923177603824
660,na,41.426665282095634,63.87239055966357,49.700011294899504,74.83787948911898
661,na,31.798538273548658,40.58554222719482,30.334180832168315,43.54960529583088
662,na,38.61478826455738,42.963414156400106,30.791288740783994,49.40479380793238
663,e,122.04453590581862,122.04453590581862,43.22718325746989,102.05116725292423
664,na,10.603775609282973,25.449942272189013,32.17892564248176,38.95088103435829
665,e,122.04453590581862,122.04453590581862,33.02055807467001,35.72249281970228
666,na,16.293505957772027,38.24333553721916,43.66370965639688,45.74401510646699
667,e,122.04453590581862,122.04453590581862,27.53298098655799,38.40118773118609
668,na,25.222362466226365,26.325419687967464,38.86330305735984,102.05116725292423
669,na,27.608771507882036,29.51035060522099,21.177028764439772,27.58208526646586
670,na,21.290116385875482,30.7172269873717,44.40942688204112,49.94540137119571
671,na,122.04453590581862,122.04453590581862,102.05116725292423,102.05116725292423
672,na,14.327587207728095,17.4894447408679,28.1693148455111,44.86580592722678
673,na,20.616988123789877,33.502862749143695,37.334153650747155,37.98027737976142
674,na,122.04453590581862,122.04453590581862,102.05116725292423,102.05116725292423
675,na,122.04453590581862,122.04453590581862,44.97780586973623,51.61767108682187
676,na,122.04453590581862,122.04453590581862,52.34385212547376,55.990213148703376
677,na,24.63482569247478,31.430118176111915,102.05116725292423,102.05116725292423
678,na,35.731323990036216,40.97830763695361,28.732923055717333,33.93758849546354
679,na,19.597298220496466,122.04453590581862,28.739692393963168,39.79139964193506
680,na,28.981988431880826,37.42089644263888,33.01906897632804,38.035995047340805
681,na,28.881672691927406,122.04453590581862,27.682143157983504,31.041103368080275
682,na,27.45200899077893,122.04453590581862,46.804088763011336,49.1054783197309
683,na,4.2650898018106345,4.275021687581228,21.37469014224945,34.68946470540436
684,na,29.852605831947837,122.04453590581862,25.825118343445084,102.05116725292423
685,e,122.04453590581862,122.04453590581862,6.579700662692046,8.20585426316428
686,na,122.04453590581862,122.04453590581862,102.05116725292423,102.05116725292423
687,na,21.83026122052895,37.84864154441522,23.10818272591245,40.37911496160614
688,na,28.01280416327794,30.859104756403863,102.05116725292423,102.05116725292423
689,na,10.648264636050328,17.291633181657026,18.71477748370326,19.51422092503514
690,na,24.58791686349847,39.03143798109573,102.05116725292423,102.05116725292423
691,na,35.415854711456845,41.74698128257129,25.231436176388915,32.18371012962768
692,e,122.04453590581862,122.04453590581862,36.49784016982878,49.85568606085431
693,na,23.837860668497054,27.98413511877898,23.453657649362448,35.788816572319064
694,na,122.04453590581862,122.04453590581862,44.953206405079506,55.56573136985788
695,e,122.04453590581862,122.04453590581862,35.430777356774,39.05733145698846
696,e,122.04453590581862,122.04453590581862,31.010033794193628,63.1901119525251
697,na,122.04453590581862,122.04453590581862,34.682510037819014,37.27450207732814
698,na,122.04453590581862,122.04453590581862,102.05116725292423,102.05116725292423
699,na,29.86017261503304,30.249154669331386,22.85461706897782,102.05116725292423
700,na,122.04453590581862,122.04453590581862,31.00269483226694,43.66779590185792
701,na,16.955656538178395,23.114577772146724,14.258751089402388,21.02114755588021
702,na,19.78893893162668,28.683486682837383,16.72915659633499,27.225016191835504
703,na,30.705286569907702,38.3936728033333,37.44806852905127,102.05116725292423
704,na,122.04453590581862,122.04453590581862,102.05116725292423,102.05116725292423
705,na,28.46356991009384,34.57470320925127,21.886746563673317,30.475201353323374
706,e,122.04453590581862,122.04453590581862,33.84138605228338,39.175977289508964
707,na,38.23048143660753,43.953923983264445,26.838449423935838,45.25921433704945
708,na,31.80311127008768,88.544713538202,27.52987016156929,102.05116725292423
709,na,28.77387940017623,43.14095419331855,38.644935294675165,49.53319514232813
710,na,21.553690291041974,67.8261393081039,13.378662805564918,26.87514262037855
711,na,30.25414590416479,68.12848702921356,31.601482581636706,37.410866562262754
712,na,15.497724324992998,17.28585541333067,24.46751801528411,42.48611843985003
713,na,35.65308216500533,46.69924193713951,44.369056216597706,102.05116725292423
714,na,23.472822036710358,36.20525061295699,44.78403964628335,52.59342881885803
715,na,17.190085183803223,31.219474889694528,34.398489260262515,36.53242874809081
716,na,122.04453590581862,122.04453590581862,102.05116725292423,102.05116725292423
717,na,122.04453590581862,122.04453590581862,28.8625396151408,43.101716556198404
718,na,28.690883514834745,42.49493089402737,33.71689914376032,36.70608929909146
719,na,30.327621875594062,122.04453590581862,55.9991655371805,59.99626868494942
720,na,16.60370177004096,22.37653284250764,33.66358402267611,34.82082662266101
721,na,122.04453590581862,122.04453590581862,32.25568680323443,34.87647473381509
722,e,122.04453590581862,122.04453590581862,17.924383400533127,32.28375071121559
723,na,75.98918875426273,82.7760576689418,12.261032048057189,13.4133726340016
724,na,19.180749433076567,24.87544486215316,102.05116725292423,102.05116725292423
725,na,122.04453590581862,122.04453590581862,102.05116725292423,102.05116725292423
726,na,38.07879995733823,42.21118903435338,102.05116725292423,102.05116725292423
727,na,122.04453590581862,122.04453590581862,24.8114469637091,30.72418795817507
728,na,122.04453590581862,122.04453590581862,74.36471043410775,77.73102792155414
729,na,34.31012302385984,34.699946858695924,17.30542258107329,34.55690394111766
730,e,122.04453590581862,122.04453590581862,27.961257852915022,29.987520950434387
731,na,32.91029206767289,33.0799198377043,65.34593644655317,73.78687138205646
732,na,13.259576911492573,18.186372142903362,22.84412318961056,45.56205161564099
733,na,35.908159048870644,72.86169542695055,30.652598640215803,36.444293897141414
734,na,14.316288364034657,122.04453590581862,28.19356601479628,37.77530022354488
735,na,21.11938535123277,37.74533274626922,24.48484278450628,48.916116708093014
736,na,21.875596118935345,22.472688726295868,27.380092547745072,52.84977570761924
737,e,122.04453590581862,122.04453590581862,31.870959595796407,102.05116725292423
738,e,122.04453590581862,122.04453590581862,12.644182844776193,15.405365108225428
739,na,21.20037984987796,31.41295973828028,14.950651378888859,14.954882609112497
740,na,15.560746903191768,28.88457243285297,17.497718803078666,22.158454556402457
741,na,25.590476682411104,27.28459815681842,16.004260686189962,22.80984725996834
742,na,52.152839794750136,122.04453590581862,102.05116725292423,102.05116725292423
743,na,56.9547496047441,64.27459062746259,102.05116725292423,102.05116725292423
744,e,122.04453590581862,122.04453590581862,14.798921208793049,18.154258051700904
745,e,122.04453590581862,122.04453590581862,28.308371382036906,51.236330680885004
746,na,35.84774972133758,122.04453590581862,41.09876459118652,62.87030509690268
747,na,28.893887908568548,51.52203216299382,11.42252636952374,27.347935884484773
748,e,122.04453590581862,122.04453590581862,33.73918477544236,36.90912213694071
749,na,18.85051866386744,19.31603915872266,22.19819021055649,102.05116725292423
750,e,122.04453590581862,122.04453590581862,19.945292066276654,27.308889225530173
751,na,28.03979999928657,122.04453590581862,9.088914128217475,10.011431998746074
752,na,30.192312914661116,122.04453590581862,44.21513303597017,52.02137737472875
753,na,3.660705011684816,8.723919427818807,23.710315751390734,57.24654294558101
754,na,27.956014565193684,71.25794443053334,17.59470827496414,24.81374085371917
755,na,122.04453590581862,122.04453590581862,30.91291852064425,55.629612345688805
756,na,8.808277978098584,9.640357747967933,1.0190285216896728,4.6428849227215165
757,na,10.200871527043232,22.098236542743074,27.851342905466893,41.26975058235495
758,na,25.41790872797486,31.68910395574936,25.136481565470632,38.2241182239268
759,na,40.20605442177908,46.482942284175046,17.508868016714985,62.42474764107888
760,e,122.04453590581862,122.04453590581862,14.90228508447243,102.05116725292423
761,e,122.04453590581862,122.04453590581862,32.79376519148965,55.754649828562215
762,na,8.203604515216588,17.238728263927566,102.05116725292423,102.05116725292423
763,na,9.758273470177597,18.481644935753383,31.11103975053138,36.38313302937767
764,na,26.680484722338377,32.502523417404696,25.186255658860947,25.866814571249265
765,na,19.592801491434027,27.478949772031832,21.95336692446286,34.1216532062302
766,na,57.120079227764386,73.48200070790273,102.05116725292423,102.05116725292423
767,na,8.006341818739546,10.16938306853219,4.9289945692379264,16.92684602976656
768,e,122.04453590581862,122.04453590581862,35.372534067675126,42.56954131167297
769,na,32.72359592792474,60.669735760120204,20.296462430029564,32.702299787383446
770,na,122.04453590581862,122.04453590581862,19.86350720595421,20.179673096259624
771,na,16.37946600840541,122.04453590581862,15.654749850475513,24.124451519641962
772,na,9.113450602284997,122.04453590581862,27.190539860752224,27.919561192263025
773,na,49.018256648445835,55.05217156697257,102.05116725292423,102.05116725292423
774,na,9.743504371592415,24.419844332647273,15.542277242588607,17.874794207208293
775,e,122.04453590581862,122.04453590581862,102.05116725292423,102.05116725292423
776,na,122.04453590581862,122.04453590581862,20.556832440181754,102.05116725292423
777,na,122.04453590581862,122.04453590581862,102.05116725292423,102.05116725292423
778,na,28.95409599865634,39.39674307808554,21.780929836397373,35.818389467785494
779,na,53.084219904146316,59.201672252298614,102.05116725292423,102.05116725292423
780,na,36.71939137216895,39.75112815622505,31.195862660000746,48.1184700959753
781,na,122.04453590581862,122.04453590581862,25.648865358526873,52.771798626684344
782,na,20.753407026775225,29.91585262393055,48.09924789958528,90.35581470984812
783,e,122.04453590581862,122.04453590581862,22.560988227389984,102.05116725292423
784,e,122.04453590581862,122.04453590581862,16.107029530940682,21.591052068322778
785,na,37.14403450630107,38.300685078818645,27.48427779452762,29.822093719325455
786,na,21.202112458156712,35.74151389665456,24.837879067224296,46.664263746999396
787,na,31.7342775729587,54.841277587854705,102.05116725292423,102.05116725292423
788,na,38.80021399335723,59.0758698324695,102.05116725292423,102.05116725292423
789,na,21.457717705403923,32.54043083528321,23.27412400998482,102.05116725292423
790,e,122.04453590581862,122.04453590581862,30.758071781078435,102.05116725292423
791,na,17.75850137740875,55.92124973918827,20.29706590248772,37.08606467051267
792,na,35.58375915264901,40.892225142190576,29.527053121598545,36.8813177588339
793,na,22.351380181374186,122.04453590581862,24.576558811153127,27.22192955896855
794,na,122.04453590581862,122.04453590581862,38.190424221012066,73.48135069423384
795,na,47.229578746365604,48.325089106930285,51.2377429294408,84.33003655076946
796,na,122.04453590581862,122.04453590581862,17.41706065518589,18.5166832765659
797,e,122.04453590581862,122.04453590581862,35.04368380268382,53.18350964524815
798,e,122.04453590581862,122.04453590581862,34.9796481243869,40.22292481263282
799,e,122.04453590581862,122.04453590581862,18.567747336121634,24.721811916348592
800,na,18.46803047563389,36.33131398281758,28.72938428879507,41.366098317211474
801,e,122.04453590581862,122.04453590581862,102.05116725292423,102.05116725292423
802,na,38.11703762152454,38.684493093241386,31.90031886836064,33.553191931181296
803,na,30.399198213695126,122.04453590581862,64.91822493750595,68.41120896806285
804,na,23.348595631518755,62.43782184120747,20.71231582444247,22.850330755230374
805,e,122.04453590581862,122.04453590581862,23.505893139727597,29.865003409777376
806,e,122.04453590581862,122.04453590581862,25.832451903803427,36.96231427559706
807,na,43.774683898103284,122.04453590581862,28.117152811601184,102.05116725292423
808,na,31.017327943787894,31.532389500806513,102.05116725292423,102.05116725292423
809,e,17.932789676862985,31.34024463974896,25.59095415769102,34.97653391895291
810,na,122.04453590581862,122.04453590581862,102.05116725292423,102.05116725292423
811,e,122.04453590581862,122.04453590581862,28.93660275520531,49.90396302595507
812,na,122.04453590581862,122.04453590581862,102.05116725292423,102.05116725292423
813,e,122.04453590581862,122.04453590581862,30.812304590081666,102.05116725292423
814,na,27.27862075311327,41.668831485967054,44.011147546855454,48.60851967437252
815,e,122.04453590581862,122.04453590581862,27.178022236773593,38.317557044007
816,na,44.42348950406713,69.46541208247949,35.801161770549385,69.46759076894965
817,na,18.415929413117155,26.345435332109773,25.813757008763098,27.21722513187967
818,na,10.88784678924751,12.983016141966623,32.47636097002646,37.32598974452823
819,e,122.04453590581862,122.04453590581862,28.720902108490222,30.256198297488126
820,e,122.04453590581862,122.04453590581862,32.79407292892765,102.05116725292423
821,e,122.04453590581862,122.04453590581862,51.447745009795284,58.893468187388116
822,na,122.04453590581862,122.04453590581862,102.05116725292423,102.05116725292423
823,na,122.04453590581862,122.04453590581862,102.05116725292423,102.05116725292423
824,na,122.04453590581862,122.04453590581862,102.05116725292423,102.05116725292423
825,e,122.04453590581862,122.04453590581862,102.05116725292423,102.05116725292423
826,na,36.91484437005561,48.5512415026147,102.05116725292423,102.05116725292423
827,na,51.314361810053654,63.44855492139467,27.374703907588003,102.05116725292423
828,e,122.04453590581862,122.04453590581862,59.3653081277952,66.00055733479064
829,na,16.411592319082686,20.382810738141572,28.21521808324814,31.276793977891206
830,e,122.04453590581862,122.04453590581862,39.03969064211294,102.05116725292423
831,e,122.04453590581862,122.04453590581862,17.154480169211126,23.86444159200007
832,na,52.06304257581399,122.04453590581862,14.088601794481034,102.05116725292423
833,na,40.097224795248394,50.228034431659175,23.08143368232182,23.60098807853311
834,na,122.04453590581862,122.04453590581862,46.0157328644842,49.52413712775905
835,na,15.788196693022138,16.03001604021673,20.34365615605619,22.71956519038899
836,na,15.100837652336113,19.596727093076023,9.100924145550165,18.894381907372626
837,e,122.04453590581862,122.04453590581862,20.31010753794334,28.18568466607594
838,na,26.67118188954163,27.2823267588614,102.05116725292423,102.05116725292423
839,na,35.69958423953283,122.04453590581862,54.18807380634877,89.95703831566688
840,na,29.368835810244,51.78415735510934,23.33246507770369,30.62082798281488
841,e,122.04453590581862,122.04453590581862,34.21671270658846,49.147982618576734
842,na,31.437739973782822,122.04453590581862,39.29303881473799,44.13476138945123
843,na,122.04453590581862,122.04453590581862,31.427422512178733,102.05116725292423
844,na,41.66914855155056,53.77032886751783,41.024733546870266,45.91082158581581
845,na,51.10999793163998,85.33529146217538,19.550545758837735,20.573432349411966
846,na,122.04453590581862,122.04453590581862,26.355477520734063,40.63922764753671
847,e,122.04453590581862,122.04453590581862,12.026315491565088,13.86360190332226
848,na,21.815423345455205,41.381343094290884,19.41642221692155,35.75061921740831
849,e,122.04453590581862,122.04453590581862,21.95058558903682,22.389998421624238
850,na,26.460177476548033,38.68846569661195,22.286786404665733,33.26920186432999
851,na,122.04453590581862,122.04453590581862,102.05116725292423,102.05116725292423
852,e,122.04453590581862,122.04453590581862,25.760960682855035,25.781814453909895
853,e,122.04453590581862,122.04453590581862,102.05116725292423,102.05116725292423
854,na,21.155690110478254,26.98374908470137,38.72284709112125,46.38525214949039
855,e,122.04453590581862,122.04453590581862,32.410567452437725,102.05116725292423
856,e,122.04453590581862,122.04453590581862,24.400718299071286,56.712707614317935
857,na,50.4029321437628,58.05523556185371,39.07687043441345,45.882271064513304
858,na,61.75376708176679,122.04453590581862,32.47123526113328,65.92926931819083
859,na,122.04453590581862,122.04453590581862,102.05116725292423,102.05116725292423
860,e,122.04453590581862,122.04453590581862,102.05116725292423,102.05116725292423
861,na,122.04453590581862,122.04453590581862,102.05116725292423,102.05116725292423
862,na,23.038602524232044,24.091921847045175,18.368277407482537,20.49326922925399
863,e,122.04453590581862,122.04453590581862,31.930898752149925,51.486714735017024
864,na,19.668863706642902,25.123405550446144,13.531764111794336,20.0184870212812
865,na,26.098644548286664,45.17797096353236,30.611897369170364,41.03670523017041
866,na,21.62455905750415,65.03688092031972,20.104971799107336,102.05116725292423
867,na,20.273230287462457,23.88919680712477,36.59155324708393,43.99446153531256
868,na,122.04453590581862,122.04453590581862,102.05116725292423,102.05116725292423
869,na,122.04453590581862,122.04453590581862,43.75564638203944,44.48131911252979
870,na,13.388063938492612,23.796430587308514,45.13227297119199,63.58811609420744
871,na,27.99922672452335,122.04453590581862,35.53336603071282,47.38079434701003
872,e,122.04453590581862,122.04453590581862,42.55598445267908,50.039212727551984
873,na,122.04453590581862,122.04453590581862,46.035103360392824,73.17012590750134
874,na,31.087929634402553,39.21214503826419,20.8357174803342,32.944217335900774
875,na,42.13185289591006,42.55060653475612,30.733383191625624,65.33887949623052
876,na,28.943741908543416,122.04453590581862,15.496024107263679,23.487850297348267
877,e,122.04453590581862,122.04453590581862,102.05116725292423,102.05116725292423
878,na,122.04453590581862,122.04453590581862,102.05116725292423,102.05116725292423
879,na,31.68050391803626,32.7503430196637,30.960230810258196,32.85312075035757
880,na,6.15006405034111,7.371773050231827,16.984493592564974,18.378520007751643
881,e,122.04453590581862,122.04453590581862,19.054374671882837,25.465308901134787
882,na,22.601368338753673,42.46126540552249,40.444003613781895,54.10016241807033
883,na,122.04453590581862,122.04453590581862,102.05116725292423,102.05116725292423
884,na,20.283150394926356,64.23151905793124,14.933638131110566,102.05116725292423
885,na,19.82018778596805,122.04453590581862,26.735262881668127,32.129123368171896
886,na,25.70479997397802,32.78487980219825,18.438948834790516,19.589311059526185
887,na,6.919292563165623,122.04453590581862,20.00630691659032,102.05116725292423
888,e,122.04453590581862,122.04453590581862,49.73197559488699,59.60851811408411
889,e,122.04453590581862,122.04453590581862,10.910651930693481,31.615124961458754
890,na,30.5177898053842,32.33521970045659,102.05116725292423,102.05116725292423
891,e,122.04453590581862,122.04453590581862,19.734522348933325,22.474161311540946
892,na,25.057508769269848,39.20704892645995,23.81587381268772,102.05116725292423
893,na,25.576335709414156,35.81358786662347,18.053717369557997,24.306844713462088
894,na,23.979554124113555,34.74496399626615,14.777938399696843,21.209638597390178
895,e,23.371899375308267,46.911485838530886,32.36726026840279,48.35443151873268
896,na,34.040406642045944,44.17159035372416,102.05116725292423,102.05116725292423
897,e,122.04453590581862,122.04453590581862,16.43724150741538,30.001864822348264
898,na,33.7782934139618,37.418562745977034,40.77431638315387,42.85875405302083
899,e,122.04453590581862,122.04453590581862,17.05828186546561,42.6031235140118
900,na,18.56956816723822,46.091790719922415,26.813814912035586,45.54427376592337
901,na,122.04453590581862,122.04453590581862,21.542170741334633,23.193235071376346
902,e,122.04453590581862,122.04453590581862,102.05116725292423,102.05116725292423
903,e,122.04453590581862,122.04453590581862,41.82151125992607,47.980671438270676
904,na,122.04453590581862,122.04453590581862,29.917820742928704,33.73748313311463
905,e,122.04453590581862,122.04453590581862,15.848651362032971,21.067836057634512
906,na,27.244949032109457,32.98268564385216,32.402078739497775,33.40153341300226
907,na,40.81525241797907,44.71358651905308,50.148416193224925,60.611031877693904
908,na,37.30251851889911,122.04453590581862,64.3626199167671,68.78199236987084
909,na,30.00450591998521,34.95146596813556,17.909900839820196,31.89206741382062
910,na,122.04453590581862,122.04453590581862,21.58920200174197,36.15936631944086
911,na,35.649872868629025,43.34594677235757,21.679294577013334,23.75203361633764
912,na,34.9784440205906,39.0462176954219,24.002060679238074,28.24727753350309
913,e,122.04453590581862,122.04453590581862,16.894962839331203,26.053518683534662
914,e,122.04453590581862,122.04453590581862,26.39703394186603,27.981149761095754
915,na,122.04453590581862,122.04453590581862,27.45927885309695,28.90344962917144
916,na,30.835166848844455,33.61429091323405,17.67403920924347,25.910259017071205
917,na,18.01497079512825,29.541013064536312,8.542766741634242,16.756609577580686
918,e,122.04453590581862,122.04453590581862,42.78551948159189,77.66699921128998
919,na,24.459994940600883,38.25147200132914,46.77685004073704,60.64040032391789
920,na,122.04453590581862,122.04453590581862,25.382940399338867,31.930258518693947
921,e,122.04453590581862,122.04453590581862,102.05116725292423,102.05116725292423
922,na,0.33259586798110896,23.64127808169573,3.304820270127473,12.149652177337
923,na,23.166416935346508,26.797422766594618,24.856741828072053,30.58785801739744
924,na,38.27622882784933,122.04453590581862,23.479518039306743,102.05116725292423
925,na,28.35073556603847,122.04453590581862,0.8860776688220858,5.897805748699094
926,na,122.04453590581862,122.04453590581862,36.55015037603881,48.3779961103736
927,e,122.04453590581862,122.04453590581862,36.91770752132317,55.48154828229365
928,e,122.04453590581862,122.04453590581862,23.136687569939944,24.054289430815206
929,na,21.956837422829192,25.12119217400773,31.737573409526288,32.71345679001478
930,e,122.04453590581862,122.04453590581862,102.05116725292423,102.05116725292423
931,e,122.04453590581862,122.04453590581862,17.645525775980314,102.05116725292423
932,na,122.04453590581862,122.04453590581862,102.05116725292423,102.05116725292423
933,na,30.210026266099483,44.79232880955572,43.076483071819844,46.23098294339416
934,na,20.54202789395943,22.304784155389758,22.758772328479203,22.805860841701815
935,e,122.04453590581862,122.04453590581862,102.05116725292423,102.05116725292423
936,na,21.289176988843682,22.548451816402512,102.05116725292423,102.05116725292423
937,na,13.694550367932521,23.003192149110344,22.17333517289681,25.60040148019608
938,na,9.228431938725477,23.669770048651763,19.635455342959943,102.05116725292423
939,na,6.2964005564670105,23.74496446533394,14.16315292798902,52.64523363617708
940,na,122.04453590581862,122.04453590581862,102.05116725292423,102.05116725292423
941,na,14.228934951822515,46.0251118922082,14.766065505185948,102.05116725292423
942,na,18.889869406342243,30.255962331734825,14.052191895843077,24.698972375394487
943,na,47.01284687985856,62.069168094027354,36.51618549670783,102.05116725292423
944,e,122.04453590581862,122.04453590581862,18.78988616926864,34.65006432885562
945,na,122.04453590581862,122.04453590581862,35.12787916719785,44.102762970220404
946,na,28.04017432335399,31.643200858948333,41.701517603500356,50.69560471887047
947,na,18.798250532193443,122.04453590581862,18.21321389867024,33.12220031689451
948,na,29.2827028237046,36.15579712528124,20.35976956719891,21.151340245137586
949,na,19.436057928506365,122.04453590581862,30.118448938920185,35.369190619359166
950,na,122.04453590581862,122.04453590581862,102.05116725292423,102.05116725292423
951,na,19.15047513974635,27.398917431890908,36.15817588708069,45.32532065783362
952,na,37.94322844997813,39.32942954900405,102.05116725292423,102.05116725292423
953,na,28.187175015331004,33.35764381453989,102.05116725292423,102.05116725292423
954,e,122.04453590581862,122.04453590581862,30.60377953234348,33.998371871529734
955,na,12.49038641619621,31.712733232190068,14.61185822173915,17.674765478073063
956,na,21.916773506279196,27.138383493452743,23.569090533253604,26.022655832011036
957,na,10.16044650204605,11.507656341349028,23.98607144231729,47.35452396690101
958,e,122.04453590581862,122.04453590581862,9.513695048494123,56.32929983215325
959,na,13.786972049112027,122.04453590581862,16.12081804347011,25.888560063257703
960,na,18.61832619852533,25.960889876970544,24.473476610936657,31.214691934048087
961,e,122.04453590581862,122.04453590581862,39.60403093048908,102.05116725292423
962,na,18.853490880109156,19.7004359785165,17.51886995401605,24.39635293804715
963,e,122.04453590581862,122.04453590581862,35.71092358963913,40.75735911620521
964,na,30.394863795830148,38.359098683179276,32.230078703049195,102.05116725292423
965,na,23.299669628931255,34.334125719372885,20.59463679983551,24.917479019098085
966,na,25.66498836153632,122.04453590581862,28.842404334121156,35.46211843472104
967,na,25.01625008338462,33.86848861227868,20.252773366328576,23.289378365848687
968,e,122.04453590581862,122.04453590581862,40.389222709189184,42.68743910021022
969,na,18.097192282198442,24.180156234319337,30.595352389807754,37.919320637914886
970,na,42.947376765089075,122.04453590581862,10.975901447359076,26.62494366961315
971,na,0.5415149269695324,24.450893076077836,8.603195356377359,20.32956711770894
972,e,122.04453590581862,122.04453590581862,102.05116725292423,102.05116725292423
973,na,28.040841364063333,29.447833832685802,33.88949800580418,42.720732930328246
974,na,40.26216687074351,53.872667973036165,26.26947122420206,31.824907404588537
975,na,122.04453590581862,122.04453590581862,102.05116725292423,102.05116725292423
976,na,22.845886765283407,29.85507769320674,55.20564528461803,58.06501908586376
977,na,25.201577435000207,122.04453590581862,17.58122867971091,19.982053737947687
978,na,35.70148201416776,43.92313226797734,18.825302271288013,23.132675656593428
979,na,122.04453590581862,122.04453590581862,48.27236543350836,54.06405606586184
980,e,122.04453590581862,122.04453590581862,102.05116725292423,102.05116725292423
981,na,19.64043908983,19.99897254815132,15.950106884283498,24.63035690701635
982,na,122.04453590581862,122.04453590581862,102.05116725292423,102.05116725292423
983,na,19.87598497948851,122.04453590581862,15.80533829004469,21.630361968898246
984,na,16.693089839267685,41.17485189898302,27.306147022386035,28.815721256939145
985,na,122.04453590581862,122.04453590581862,102.05116725292423,102.05116725292423
986,na,31.904770123020437,37.29057277512644,25.64579520926278,102.05116725292423
987,na,122.04453590581862,122.04453590581862,102.05116725292423,102.05116725292423
988,na,20.084279453617697,27.657995230757308,43.650666254075524,49.12093957984778
989,e,122.04453590581862,122.04453590581862,102.05116725292423,102.05116725292423
990,na,23.598314633277838,27.688048671307868,22.7076935202718,25.46602705619683
991,na,15.176084102130359,28.333742357255687,29.21963208624389,102.05116725292423
992,na,23.369286331501954,32.48101260009389,31.957956091092107,51.589657901088586
993,na,38.017330200070134,44.59960238133774,102.05116725292423,102.05116725292423
994,na,122.04453590581862,122.04453590581862,22.358891717385706,102.05116725292423
995,na,22.17587164216017,122.04453590581862,9.331926178321448,102.05116725292423
996,na,14.579766352826516,14.645476200352082,38.79143439989028,43.77564824253971
997,na,122.04453590581862,122.04453590581862,102.05116725292423,102.05116725292423
998,na,31.849267018735652,33.085280541397296,31.04017348475004,43.96465566655438
999,na,13.647741490446384,27.511241750053166,11.732356186051268,14.259006620117743
