node, assignment, time2inf_trt, time2death_trt, time2inf_con, time2death_con
0,na,-1,0,-1,0
1,na,0,103.88258991917445,0,0.7911224569170637
2,na,0,21.13911812926926,0,2.679443294745126
3,na,-1,0,-1,0
4,na,18.150223276920272,103.88258991917445,11.367759246632732,36.38231928636213
5,na,11.696240130115115,17.697187955233634,7.349459614811313,108.6874620503926
6,na,103.88258991917445,103.88258991917445,108.6874620503926,108.6874620503926
7,na,24.376406775069814,26.521633133457968,20.174288131403312,30.672060407984315
8,e,103.88258991917445,103.88258991917445,23.122628490808193,108.6874620503926
9,e,103.88258991917445,103.88258991917445,32.70070217156789,53.137832152089906
10,na,30.120915988553136,31.18347627011929,21.36947821213233,35.08551820626148
11,e,103.88258991917445,103.88258991917445,20.52574836551657,25.686136490658456
12,e,103.88258991917445,103.88258991917445,43.49772809423789,45.340780453136624
13,na,62.119303108500766,93.26985032369362,108.6874620503926,108.6874620503926
14,na,103.88258991917445,103.88258991917445,16.989357681427812,21.238796826676467
15,na,63.7361004549288,69.84310569061167,108.6874620503926,108.6874620503926
16,na,27.758233471785,103.88258991917445,27.52718314171559,108.6874620503926
17,na,28.911419123549518,39.056434705926556,6.287782683167638,108.6874620503926
18,na,103.88258991917445,103.88258991917445,108.6874620503926,108.6874620503926
19,na,6.571581721421966,7.042883003945696,11.04238070407904,15.37601612904737
20,na,24.30816392451905,36.122414613631605,18.59726184926539,20.852484934845474
21,e,103.88258991917445,103.88258991917445,108.6874620503926,108.6874620503926
22,na,25.27665861262734,39.798982003667874,19.297569157036556,41.545956001809344
23,na,103.88258991917445,103.88258991917445,19.57553044736984,108.6874620503926
24,e,103.88258991917445,103.88258991917445,23.434729485492813,27.24423630662946
25,na,103.88258991917445,103.88258991917445,19.836076326715826,39.91974363257628
26,na,4.724319544369261,7.038446467083563,22.769555945165784,108.6874620503926
27,na,103.88258991917445,103.88258991917445,108.6874620503926,108.6874620503926
28,na,103.88258991917445,103.88258991917445,12.417182429854853,26.626978009856977
29,na,103.88258991917445,103.88258991917445,16.781144374945075,22.84075095442856
30,na,15.938278406961176,24.456432899849595,19.908505775594666,26.184364309984726
31,na,18.39159672029607,103.88258991917445,28.40722002312652,35.15445514526077
32,na,39.71014808900668,103.88258991917445,37.702385199022565,54.55255330358613
33,na,27.344333759079912,51.540590403023394,6.510127516299133,22.467061407973514
34,na,103.88258991917445,103.88258991917445,108.6874620503926,108.6874620503926
35,na,20.91815837157664,21.98277787965276,10.648039225919401,108.6874620503926
36,na,33.703495224015946,103.88258991917445,108.6874620503926,108.6874620503926
37,na,103.88258991917445,103.88258991917445,108.6874620503926,108.6874620503926
38,e,103.88258991917445,103.88258991917445,16.37951718084489,37.47189185259509
39,na,18.404815800428153,103.88258991917445,59.92524368154985,98.93964685666026
40,na,103.88258991917445,103.88258991917445,24.911458079157086,37.1818814302857
41,na,22.081883202168687,33.699164314067836,13.009903497637962,108.6874620503926
42,e,103.88258991917445,103.88258991917445,108.6874620503926,108.6874620503926
43,na,103.88258991917445,103.88258991917445,16.27866177838064,17.15262405418283
44,e,103.88258991917445,103.88258991917445,108.6874620503926,108.6874620503926
45,na,21.032650365157167,103.88258991917445,13.191442656902225,17.54063669957513
46,na,16.422503276513158,28.321391269168853,8.225147789783307,10.459657041695822
47,e,103.88258991917445,103.88258991917445,19.936110479185533,20.562580508734996
48,na,103.88258991917445,103.88258991917445,49.28263456738311,80.13894897842522
49,e,103.88258991917445,103.88258991917445,27.7098193116067,41.75999467830048
50,na,29.06197284352511,103.88258991917445,45.527810013109935,48.0325697192374
51,na,103.88258991917445,103.88258991917445,22.119471347661037,26.542455001237904
52,na,11.094281144119002,11.490015140446388,108.6874620503926,108.6874620503926
53,na,103.88258991917445,103.88258991917445,19.35645832025478,27.488687859440827
54,na,4.219938487520671,34.925060363592785,26.919368983211847,37.143991073644834
55,na,49.143052704986545,58.663535433396625,16.331257507901405,18.188795518858974
56,na,103.88258991917445,103.88258991917445,108.6874620503926,108.6874620503926
57,na,26.95987395070076,36.855812032219646,15.250980974494164,23.30367537755433
58,na,14.773068249346277,103.88258991917445,21.449523277879845,108.6874620503926
59,na,103.88258991917445,103.88258991917445,34.772012966297225,108.6874620503926
60,na,23.176504251343715,103.88258991917445,9.486187680490522,29.795015166486273
61,na,55.49014932347417,103.88258991917445,108.6874620503926,108.6874620503926
62,na,13.134547618360036,103.88258991917445,21.606010159499796,40.25221710788179
63,na,16.999733017969792,25.243372804721655,14.046353546163072,14.131514622644278
64,na,5.217781905099288,103.88258991917445,11.206091671185321,23.085691044170396
65,e,46.05436524813316,57.00693872223407,35.61517014477122,108.6874620503926
66,na,22.00156412793837,31.48691479162566,18.102516637707772,22.042747179360312
67,na,20.308512403987596,103.88258991917445,17.50264976190546,26.617786172507223
68,na,21.34749727806502,23.547652073236574,25.072185762264535,108.6874620503926
69,na,45.19326183814465,46.16622800091487,11.779751715526286,11.902175040360696
70,na,16.828373656444363,24.678137598415137,39.805124582768244,46.481839343702106
71,na,44.89171458776094,54.08120652937527,21.34757248189403,24.85098570168379
72,e,103.88258991917445,103.88258991917445,36.727825420741866,38.18431904001315
73,na,28.666955851866962,37.65046383014456,27.998333742657902,47.60902438823398
74,na,12.43876956776354,103.88258991917445,31.627092450814715,34.44849464130209
75,na,103.88258991917445,103.88258991917445,6.636467663108117,6.660831362588279
76,na,103.88258991917445,103.88258991917445,23.10381613825637,39.660683481355946
77,e,103.88258991917445,103.88258991917445,9.94572085599523,46.756861223557586
78,na,103.88258991917445,103.88258991917445,31.56050167778605,40.37940270300382
79,na,20.65969931588724,21.973696536121555,37.34375162700127,42.11391812904901
80,na,37.367167738956546,47.14416358483049,36.35228746070148,40.92817335893772
81,na,14.379913979539849,15.437944002641258,14.56950046884563,16.16252752062904
82,na,11.937903405997218,33.58312100571747,8.112861856242649,10.649884656856392
83,na,52.81793071275739,103.88258991917445,46.958943519468626,49.55727303223504
84,e,103.88258991917445,103.88258991917445,13.449830184788587,35.856611423972815
85,na,16.728228406076106,24.764011276599753,20.230912813514504,21.057925520059467
86,na,60.1790899269027,68.01284031426403,33.411721389567816,70.41783173295117
87,na,103.88258991917445,103.88258991917445,22.52608369790062,25.78404558848656
88,na,4.46264825684441,7.443151197390961,11.028192852158034,108.6874620503926
89,e,103.88258991917445,103.88258991917445,15.24937141430999,16.21714583674673
90,na,103.88258991917445,103.88258991917445,108.6874620503926,108.6874620503926
91,na,9.057160216809036,13.407505621221745,22.94502335923918,28.403987087293096
92,na,18.11676775006447,19.715549639585742,108.6874620503926,108.6874620503926
93,na,103.88258991917445,103.88258991917445,108.6874620503926,108.6874620503926
94,e,103.88258991917445,103.88258991917445,40.96295061538836,41.07291789004446
95,na,9.158243179233095,12.325069848123327,47.818756306911084,49.71824217642612
96,na,24.318488944786058,28.495670340988063,33.88845244304297,47.44566307473455
97,na,103.88258991917445,103.88258991917445,42.11981562158651,108.6874620503926
98,e,103.88258991917445,103.88258991917445,15.883191949723324,16.793544200288036
99,na,103.88258991917445,103.88258991917445,20.00975672447226,34.14801712098149
100,na,32.530030689740364,59.54942950700265,31.210688028211003,49.5238913164779
101,na,103.88258991917445,103.88258991917445,30.68025837163752,45.74785671894344
102,na,28.744536066485527,37.8682926475163,10.14160716048653,22.803669551472424
103,e,103.88258991917445,103.88258991917445,21.066239459640265,23.618858285964475
104,e,103.88258991917445,103.88258991917445,6.884641859484411,11.971337636647187
105,e,103.88258991917445,103.88258991917445,16.18175150906481,20.785151848687065
106,na,103.88258991917445,103.88258991917445,20.61208176991581,22.738316136948814
107,na,33.535844177667265,42.41618715533048,10.8322799785262,30.65826502222772
108,na,8.835289483041066,19.674706604281283,34.502446318321105,36.79587792384248
109,na,33.1179024151901,103.88258991917445,13.786155599960125,108.6874620503926
110,na,103.88258991917445,103.88258991917445,108.6874620503926,108.6874620503926
111,na,103.88258991917445,103.88258991917445,108.6874620503926,108.6874620503926
112,na,64.05553843701126,103.88258991917445,12.149187778556849,23.326122654944008
113,na,103.88258991917445,103.88258991917445,36.11434395693366,36.97547060285802
114,na,30.17302652238443,31.26756989958276,15.851613211395524,23.330387654462683
115,na,103.88258991917445,103.88258991917445,45.107790593691846,50.90109639800036
116,na,37.42323116444261,45.328797969836145,17.405710457324545,21.60226807453334
117,na,41.98053090097473,43.78183248297396,47.812042844820624,53.6233261186598
118,na,103.88258991917445,103.88258991917445,108.6874620503926,108.6874620503926
119,e,103.88258991917445,103.88258991917445,28.500118482975243,33.47962687420031
120,e,103.88258991917445,103.88258991917445,15.38813098841806,22.280978088176468
121,na,17.621993309094535,18.99829937647218,15.916728458174685,16.126764417102248
122,na,20.9754124051524,22.38918197496293,6.479497199971275,6.906124011036657
123,na,34.901096445592444,38.21556612966101,14.0819973242296,108.6874620503926
124,na,103.88258991917445,103.88258991917445,108.6874620503926,108.6874620503926
125,na,103.88258991917445,103.88258991917445,108.6874620503926,108.6874620503926
126,na,103.88258991917445,103.88258991917445,45.093459378238734,69.01429225740623
127,e,103.88258991917445,103.88258991917445,29.004380463163784,108.6874620503926
128,na,103.88258991917445,103.88258991917445,54.21616718575437,73.60106901824967
129,na,103.88258991917445,103.88258991917445,13.889162061381812,28.31222965925007
130,na,22.09547495935994,103.88258991917445,108.6874620503926,108.6874620503926
131,na,18.753684686785856,33.355285626779896,23.5488072946936,108.6874620503926
132,na,5.004611896088463,11.137737025707589,21.936422253847226,37.53103433215922
133,na,12.499530956358553,103.88258991917445,15.621041986317648,17.587162451266504
134,na,103.88258991917445,103.88258991917445,39.55798451286794,43.44434255029502
135,na,103.88258991917445,103.88258991917445,108.6874620503926,108.6874620503926
136,e,103.88258991917445,103.88258991917445,30.249544816103626,33.86129206456518
137,na,12.459175464763874,27.41717246479602,27.012138234693783,27.295635948648034
138,na,103.88258991917445,103.88258991917445,108.6874620503926,108.6874620503926
139,e,103.88258991917445,103.88258991917445,16.866294685013514,23.65815774906126
140,na,103.88258991917445,103.88258991917445,108.6874620503926,108.6874620503926
141,na,12.204954184158007,14.016124714672467,39.34129226668583,46.561613797676195
142,na,103.88258991917445,103.88258991917445,16.845237711530434,22.733945801192128
143,e,103.88258991917445,103.88258991917445,4.5336570105217495,10.349528675415968
144,na,9.575405310488208,13.641438933293324,17.633772778971235,30.876310987627114
145,e,103.88258991917445,103.88258991917445,108.6874620503926,108.6874620503926
146,na,21.339855695471734,34.660635065368275,24.687821292412576,36.06944344138428
147,na,103.88258991917445,103.88258991917445,29.4502187618408,108.6874620503926
148,na,14.910065602392795,26.76624804917869,19.57441914995766,22.096180530243025
149,na,103.88258991917445,103.88258991917445,24.395450651348828,27.571989218310282
150,na,103.88258991917445,103.88258991917445,37.411733667146386,46.22765772378471
151,na,31.835659498593138,32.17675617076508,25.091023933477548,37.27097843566482
152,na,103.88258991917445,103.88258991917445,17.98287811605494,22.668937912304983
153,e,103.88258991917445,103.88258991917445,23.99237097697962,34.072262012336786
154,na,103.88258991917445,103.88258991917445,27.903708185676244,108.6874620503926
155,na,103.88258991917445,103.88258991917445,17.728616769736437,21.048644278754946
156,na,56.542545985125656,66.4911842918954,25.338004902039557,82.07545799975303
157,na,7.601413722558573,103.88258991917445,30.34575422375968,108.6874620503926
158,na,21.436198329903593,41.67507430848934,22.66699830028017,25.614311191945184
159,na,20.357137204895672,23.296053624296384,17.659157381025466,19.602387093981612
160,e,103.88258991917445,103.88258991917445,9.98582242833893,108.6874620503926
161,e,103.88258991917445,103.88258991917445,14.003876517105816,15.74725232894605
162,na,103.88258991917445,103.88258991917445,49.30460501269999,108.6874620503926
163,e,103.88258991917445,103.88258991917445,108.6874620503926,108.6874620503926
164,e,103.88258991917445,103.88258991917445,13.505541374602204,19.296786192463752
165,na,2.4306908313358973,6.320360468921191,1.8975044239574745,20.153308369201277
166,na,11.899613615460613,13.606473531281152,39.27499577052311,51.52384527388015
167,na,16.5724855872534,103.88258991917445,18.39689042845572,24.524379053346067
168,na,30.98642100611891,103.88258991917445,23.508517212865705,108.6874620503926
169,e,103.88258991917445,103.88258991917445,108.6874620503926,108.6874620503926
170,na,12.801988369186768,27.91076821939941,22.93488441961039,29.3574818008608
171,e,103.88258991917445,103.88258991917445,14.93950772003041,41.836404027549804
172,na,9.532839795872327,12.326292686589749,108.6874620503926,108.6874620503926
173,na,22.240649894590735,24.770273428092555,42.716218598110544,108.6874620503926
174,na,19.777490051982067,42.500430505097036,21.387850838154836,108.6874620503926
175,na,103.88258991917445,103.88258991917445,108.6874620503926,108.6874620503926
176,na,29.227555571131443,53.71389457576634,14.277306322141285,15.442472809284675
177,na,103.88258991917445,103.88258991917445,108.6874620503926,108.6874620503926
178,na,103.88258991917445,103.88258991917445,108.6874620503926,108.6874620503926
179,na,18.613943187707193,103.88258991917445,28.302322462640912,108.6874620503926
180,na,40.17335608637554,44.59239556656087,13.102139289649994,25.820441300843335
181,e,103.88258991917445,103.88258991917445,20.799742263135258,22.883022435556207
182,na,103.88258991917445,103.88258991917445,99.52501197744361,100.73150615017848
183,na,38.9827429218727,51.684918419816924,108.6874620503926,108.6874620503926
184,na,103.88258991917445,103.88258991917445,108.6874620503926,108.6874620503926
185,na,103.88258991917445,103.88258991917445,26.238742378015107,31.788340290354647
186,na,15.431855967411336,17.591138317993735,11.59493955459342,108.6874620503926
187,na,30.11466458986695,103.88258991917445,14.199753939785262,28.491799514945196
188,na,13.350148052299359,103.88258991917445,25.95679833786166,62.831364396249825
189,na,31.268852857735368,103.88258991917445,23.78746306907869,32.33371825449059
190,na,10.655078958146508,103.88258991917445,22.972354245845708,28.593215387949126
191,na,8.149227944426142,103.88258991917445,28.268300937582932,29.08296600975668
192,na,16.434314179296052,34.51718709904824,20.67258197437425,108.6874620503926
193,na,22.610661458661433,103.88258991917445,13.795240257974204,33.24743796462636
194,na,31.400474401743352,33.955927330496806,108.6874620503926,108.6874620503926
195,na,31.128470162257745,53.76480997264777,16.984641394047944,32.18586070205401
196,na,23.529999018741464,34.681327362066966,12.115787636724132,15.049684135100865
197,na,18.245860149130085,39.276194352754494,25.70629633426554,30.203347154128277
198,na,13.122727346191242,20.33212354342101,27.12297582590138,27.69485083991685
199,na,103.88258991917445,103.88258991917445,22.292805782743002,23.077685743314085
200,na,18.43613575916241,32.98691693136348,42.79284213526542,56.08883008515903
201,na,22.72385720801586,23.885870684512792,49.24625613706923,54.654557346110124
202,na,103.88258991917445,103.88258991917445,108.6874620503926,108.6874620503926
203,na,16.802537178187226,19.420186224438467,19.622725424856235,25.147491064563276
204,na,16.378174695928436,103.88258991917445,8.437665911582853,9.917300804676882
205,na,103.88258991917445,103.88258991917445,108.6874620503926,108.6874620503926
206,e,103.88258991917445,103.88258991917445,108.6874620503926,108.6874620503926
207,e,103.88258991917445,103.88258991917445,9.514150925646481,18.260928811833328
208,na,103.88258991917445,103.88258991917445,108.6874620503926,108.6874620503926
209,na,16.458330926981844,18.303552179126317,27.202243095761464,31.365864848204318
210,e,103.88258991917445,103.88258991917445,16.500716367224594,108.6874620503926
211,na,103.88258991917445,103.88258991917445,108.6874620503926,108.6874620503926
212,e,103.88258991917445,103.88258991917445,108.6874620503926,108.6874620503926
213,na,6.919030836853629,19.18292821272498,10.17909704566504,11.578519048191428
214,na,28.937548409996154,103.88258991917445,13.871509838740526,53.18318222736104
215,na,62.09751524479096,66.97679705732077,108.6874620503926,108.6874620503926
216,na,14.630194528004125,37.64457007875353,29.440236570869324,38.169013432290676
217,na,11.354327611044143,20.164606200689686,7.841116229010379,108.6874620503926
218,e,103.88258991917445,103.88258991917445,10.228316953846102,30.579134210208032
219,na,21.859984349046897,27.499359965952497,18.877905123698746,23.076450286737675
220,na,16.12717403354049,103.88258991917445,13.751398498231463,21.78031922925697
221,na,0,1.2252208937866678,0,5.453817417145351
222,e,103.88258991917445,103.88258991917445,108.6874620503926,108.6874620503926
223,na,103.88258991917445,103.88258991917445,48.182542451862176,49.29169584111596
224,na,22.28745919811237,27.025142698778037,32.230511940828855,60.755285178302
225,na,23.088229608738068,38.08122133916944,12.193976807356982,25.167939206480973
226,na,33.00503070791422,103.88258991917445,17.870904661508582,46.25194318261706
227,e,103.88258991917445,103.88258991917445,22.793089486127997,27.715408704355152
228,na,41.07573570736266,103.88258991917445,20.047829946821988,21.715728727362077
229,na,19.35239443206346,31.25347539825019,36.711449470557724,50.97892846971931
230,na,15.609602854257934,103.88258991917445,26.24564903950626,36.72779097790018
231,na,103.88258991917445,103.88258991917445,108.6874620503926,108.6874620503926
232,na,103.88258991917445,103.88258991917445,36.429965626685764,108.6874620503926
233,na,103.88258991917445,103.88258991917445,35.01473572893273,36.61246361371492
234,e,103.88258991917445,103.88258991917445,20.896289163632236,108.6874620503926
235,na,7.754314724335056,9.039156678474788,12.156533148869542,108.6874620503926
236,na,8.170657873338904,15.277828492124709,3.989155980395378,5.933124982641145
237,na,37.253617368175966,60.50985120847838,20.688969381526,108.6874620503926
238,na,18.8438000392519,103.88258991917445,22.981390381977853,30.683941183762258
239,na,21.01916125795605,45.904966186279786,17.995650379524758,108.6874620503926
240,na,16.254323947836028,18.24705672395498,13.814404603533793,108.6874620503926
241,na,41.035594043022776,44.25297211060642,108.6874620503926,108.6874620503926
242,na,103.88258991917445,103.88258991917445,31.46324099498758,31.795319520202607
243,e,103.88258991917445,103.88258991917445,23.154014158363513,30.07658475917486
244,na,103.88258991917445,103.88258991917445,15.157048789131213,26.5633107004933
245,e,103.88258991917445,103.88258991917445,21.990632510052876,23.73948726335315
246,na,10.450472861374692,13.293771079083525,17.489447559765345,18.63104143485773
247,na,103.88258991917445,103.88258991917445,21.798783292169738,44.76408396549766
248,e,103.88258991917445,103.88258991917445,7.515097982941317,19.990054849787487
249,e,103.88258991917445,103.88258991917445,11.511916965848972,78.85655043526768
250,na,2.150237291635213,8.406843224199646,5.427911170493642,108.6874620503926
251,na,23.293084144313152,42.08941084969922,3.316741407879062,22.02723625156645
252,na,103.88258991917445,103.88258991917445,28.658727894039487,31.03204096227686
253,na,103.88258991917445,103.88258991917445,33.00409349058848,39.83361455118216
254,na,36.08187387794058,47.419694307760594,20.058839576685532,43.92290034830334
255,na,21.291423106062286,24.669101384683565,18.243737823996444,108.6874620503926
256,na,25.17773590696588,103.88258991917445,17.414398944127882,30.35161984672284
257,na,29.210546045387858,38.18438845544444,23.452501638585073,33.442492653759814
258,na,19.30781210769228,26.93434383079848,12.589798376695489,108.6874620503926
259,e,103.88258991917445,103.88258991917445,12.683573072941412,17.828095812858756
260,na,11.800715576473273,13.739425189762098,13.47282278351689,15.392713717980367
261,na,24.12418922821216,37.184905725501636,24.194309563164257,108.6874620503926
262,na,12.257797494217066,19.373053121175428,44.200765781571675,108.6874620503926
263,na,103.88258991917445,103.88258991917445,9.148682590123398,13.30903598940764
264,na,39.83343800923364,41.70392751399875,28.304060857335497,31.403770061434386
265,na,18.60598713492863,29.43103282338207,108.6874620503926,108.6874620503926
266,na,24.787955936338882,42.74011599306915,25.309921355957254,33.95862357117397
267,e,103.88258991917445,103.88258991917445,15.995647119263225,32.98754302066691
268,na,20.14015533306818,26.43926233974343,28.684829174885323,30.991815581328453
269,na,16.536082863901783,25.458666504617202,28.783548046966395,30.118677877934037
270,na,15.877404659116367,103.88258991917445,22.079325442130592,41.05334760732621
271,na,47.35700663295956,85.3821917063649,19.330828981147437,29.503063785123217
272,na,31.000309415065487,103.88258991917445,1.9008247715526252,6.149040969588173
273,na,35.55453496024939,35.66235908815654,18.249315706138734,108.6874620503926
274,na,16.820923565600076,16.947905383468406,21.703702599060325,22.951896186061166
275,na,103.88258991917445,103.88258991917445,13.750488351805945,45.17747740452859
276,na,24.083899021578414,27.046265078521067,21.996852045578464,33.42212993395297
277,na,25.433710290576855,103.88258991917445,13.889562479854792,19.698647684030522
278,na,36.33412879795629,42.79751442363915,12.637074037926471,13.92168173447817
279,na,15.479561728958272,21.884191403270815,16.302338099203265,30.06134940433472
280,e,103.88258991917445,103.88258991917445,108.6874620503926,108.6874620503926
281,na,3.5905653590287594,103.88258991917445,24.535746666976888,28.538435499579123
282,na,35.598598725523416,103.88258991917445,108.6874620503926,108.6874620503926
283,na,6.222232085579912,18.657919195889747,16.024526638554867,108.6874620503926
284,na,24.590694049241023,33.35951067798982,16.52564358741638,16.65697072483452
285,e,103.88258991917445,103.88258991917445,17.739707489026635,26.018430287966225
286,na,25.736674787435973,44.11583165867619,24.08297891441265,47.227206101966665
287,na,103.88258991917445,103.88258991917445,14.26669154678086,15.381247713476574
288,na,103.88258991917445,103.88258991917445,33.26375270998802,108.6874620503926
289,na,15.497940151150999,103.88258991917445,12.49879825526839,14.724199689642326
290,na,7.676537130606618,13.89408291942155,13.640612281821568,16.0071018421894
291,na,103.88258991917445,103.88258991917445,108.6874620503926,108.6874620503926
292,e,103.88258991917445,103.88258991917445,14.880029991254265,16.979886771098034
293,e,103.88258991917445,103.88258991917445,10.38296995529328,43.749466417412435
294,na,103.88258991917445,103.88258991917445,25.234886173073335,108.6874620503926
295,na,14.035264694032055,16.76011548867603,25.521938749654346,40.34378737387455
296,na,29.588366479216457,32.91915789533801,21.394696737713335,27.41247151516713
297,na,103.88258991917445,103.88258991917445,108.6874620503926,108.6874620503926
298,na,103.88258991917445,103.88258991917445,108.6874620503926,108.6874620503926
299,na,103.88258991917445,103.88258991917445,24.797583399843152,27.4796052162075
300,na,16.124847096820282,27.226796653766883,19.99292371047853,44.65658044552994
301,e,103.88258991917445,103.88258991917445,15.912853909521631,23.923757891780053
302,e,103.88258991917445,103.88258991917445,35.0349994594289,45.798627133972964
303,na,30.03151944666453,34.133007663683806,36.764938853097945,43.87511537796329
304,na,103.88258991917445,103.88258991917445,108.6874620503926,108.6874620503926
305,na,14.109402403931497,31.359129513834265,15.01156098266612,25.564948223996662
306,na,24.88371771734086,31.850062797163655,15.752423467714657,16.786502118436402
307,na,13.456071337763166,15.434466289624906,15.720088412436919,108.6874620503926
308,na,27.545116009360658,103.88258991917445,16.873182745576567,38.33149060351673
309,na,35.67165338537977,53.58016111916093,108.6874620503926,108.6874620503926
310,na,33.10766870694973,34.513645378408995,108.6874620503926,108.6874620503926
311,na,27.31480535562291,32.55133078105326,29.86828418224174,33.114281228958234
312,na,34.05926266639627,34.29904391473711,108.6874620503926,108.6874620503926
313,na,24.86347668157422,35.80442618242938,38.58511158145393,39.423393571638144
314,na,35.63973490014942,103.88258991917445,108.6874620503926,108.6874620503926
315,e,103.88258991917445,103.88258991917445,32.04308796800007,34.61807176635884
316,na,103.88258991917445,103.88258991917445,4.420440741420704,108.6874620503926
317,na,34.58578181157026,39.262167229553285,23.308684232636786,23.86527069426339
318,na,25.356836715437506,26.852317980503766,24.107534051773676,26.07424320708011
319,na,16.883300670136514,18.91908939861151,15.846803020746945,42.171215254629054
320,e,103.88258991917445,103.88258991917445,6.431640247707851,18.946001998441563
321,na,17.432682029628626,18.416293678977322,39.268660185693705,54.98844106383044
322,na,103.88258991917445,103.88258991917445,36.771393727112866,108.6874620503926
323,na,27.09669570686253,30.1114529024108,15.99569030277013,22.798810304407468
324,na,33.33716378328673,44.07191962378042,25.15492768098591,42.83576948251197
325,na,5.264819593105405,10.933023740228696,5.505392569613324,24.078570437601552
326,na,42.31374344252712,63.32666565938699,10.256398594427154,30.906759993004737
327,na,103.88258991917445,103.88258991917445,17.800464445926544,19.705237273491722
328,na,23.094355078955672,25.517564571003263,19.3698027837975,30.255249138975405
329,na,103.88258991917445,103.88258991917445,22.571965398602647,37.11375247826438
330,e,103.88258991917445,103.88258991917445,108.6874620503926,108.6874620503926
331,e,103.88258991917445,103.88258991917445,28.98551968946644,29.42970492821552
332,na,103.88258991917445,103.88258991917445,23.97198725107174,33.90963345931173
333,na,22.278050326412995,22.459464217642786,108.6874620503926,108.6874620503926
334,na,14.138918874756083,15.42064646698856,42.785557285369315,46.96578232267929
335,na,103.88258991917445,103.88258991917445,108.6874620503926,108.6874620503926
336,e,103.88258991917445,103.88258991917445,5.6319375005738905,8.822890192677258
337,e,103.88258991917445,103.88258991917445,18.3736136359082,108.6874620503926
338,e,103.88258991917445,103.88258991917445,60.368889586505006,62.90331158088441
339,e,103.88258991917445,103.88258991917445,108.6874620503926,108.6874620503926
340,na,15.017285139636469,103.88258991917445,38.48613511663043,90.94666675540778
341,na,29.395790185749387,30.535700022979647,16.595477061184386,27.891602115673482
342,na,103.88258991917445,103.88258991917445,100.24938077524384,101.21100277551925
343,na,33.31514111149237,42.35553860698637,34.16368713530472,40.940148952279344
344,na,27.139982723416335,30.09411128128804,57.5847390712866,74.8952761154118
345,na,18.03044995849612,33.02006149172344,16.408335046533313,16.47062331022357
346,na,17.485330108679374,18.271449271388626,22.264679072468745,24.807675104464288
347,e,103.88258991917445,103.88258991917445,108.6874620503926,108.6874620503926
348,na,16.97479751564172,31.385285690970232,18.549442484048548,25.963052034899718
349,na,6.8038566932277655,11.05660809379299,31.202828929581862,53.49331967330961
350,na,103.88258991917445,103.88258991917445,35.179096561436936,36.867262615480804
351,na,20.863884396656356,103.88258991917445,17.08348193580439,31.28918759073505
352,na,24.043424052647545,38.65198326796125,26.664204019952116,30.412429588193636
353,na,19.773750898936814,21.67995017977531,23.327377088266125,24.04112634464755
354,na,12.217559413005079,24.122022051221624,22.829437948023394,35.07523469538847
355,e,103.88258991917445,103.88258991917445,27.566485868814834,31.847306810354223
356,na,12.787044367553742,13.416028203071336,10.362982161375955,12.035418799653254
357,na,10.678199324232402,31.186971701233148,18.822421141202827,49.58469594940762
358,na,24.56054123619611,103.88258991917445,29.767378938906706,31.26566838289259
359,e,103.88258991917445,103.88258991917445,33.7511953073825,108.6874620503926
360,na,27.1942730223743,28.83376883092173,22.9557134911517,27.672703082499194
361,na,103.88258991917445,103.88258991917445,108.6874620503926,108.6874620503926
362,na,22.74421303947166,31.032472836303565,30.42217738877747,31.66836148996165
363,na,40.59878090249703,43.06153484473503,108.6874620503926,108.6874620503926
364,na,14.304172276072746,77.80087165759204,28.224954566472114,51.7244085618058
365,na,28.86572037963414,32.39809367018085,17.30705011000978,21.69572866057621
366,na,21.407588930134793,25.28967301851352,11.300384634894684,16.887649420688707
367,e,103.88258991917445,103.88258991917445,24.340140413942088,27.42076573928808
368,na,27.54708741581833,42.52647833870481,16.12782143887497,108.6874620503926
369,na,32.63988463428483,39.054198867752284,22.377793246995413,25.512902143345016
370,na,13.063649073579484,16.999675078127755,41.250342824084036,50.253796636718135
371,e,103.88258991917445,103.88258991917445,31.320649911351865,32.12186062992228
372,na,23.23814168262917,41.22459043474851,15.937691658599618,108.6874620503926
373,e,103.88258991917445,103.88258991917445,37.85566865705678,54.04862220586806
374,na,16.797983792974534,18.85468823180604,108.6874620503926,108.6874620503926
375,na,15.819375273005399,103.88258991917445,21.925308578737365,26.763188004764512
376,e,103.88258991917445,103.88258991917445,29.450295243045144,56.761557918459154
377,na,9.84982740526951,29.747798270813984,18.111646061820274,32.076015910843545
378,na,44.767330157614346,52.3231891463598,18.860134915413393,108.6874620503926
379,na,12.384862662757827,12.769569419711386,5.364783492920752,21.4807349279357
380,na,16.278034964058687,19.824087662257067,21.293967613009315,22.708658115412238
381,na,15.151379863495292,51.66214384147333,21.744454922830695,29.379085104064817
382,e,103.88258991917445,103.88258991917445,108.6874620503926,108.6874620503926
383,na,20.478028281286143,23.288135713847375,17.877387095210242,29.36182303295669
384,na,23.672307269220425,61.71975134982987,21.631460243028886,30.08924344411998
385,na,103.88258991917445,103.88258991917445,32.278251978841766,35.37408008399042
386,na,58.42410339653289,61.72524575341176,34.31888907023305,108.6874620503926
387,e,103.88258991917445,103.88258991917445,21.014247510812663,29.397091900955814
388,e,103.88258991917445,103.88258991917445,26.547020007595037,28.13196035945259
389,na,6.0086057147494,26.177220357468673,9.610258674405628,26.477786897370933
390,na,26.889149830475993,27.83831370448422,21.466363158593,25.521348741392845
391,na,18.99372079720847,103.88258991917445,16.824583824608972,39.93854752358695
392,na,33.41322122560902,38.18506418500279,108.6874620503926,108.6874620503926
393,na,8.69996071737387,29.84103181805887,13.439877947278221,108.6874620503926
394,na,-1,0,-1,0
395,na,50.61685662425108,63.58660664907147,108.6874620503926,108.6874620503926
396,na,103.88258991917445,103.88258991917445,108.6874620503926,108.6874620503926
397,na,33.540234768429855,39.097687473709975,19.011238649694864,32.88807974985113
398,na,17.667577264058014,22.313453760977037,32.574994425229185,53.37178316362681
399,na,20.5696871483673,23.907767102306448,9.41693399820462,9.470681401434607
400,na,103.88258991917445,103.88258991917445,41.624359164325085,108.6874620503926
401,na,23.99909769457158,38.08948649579691,23.64157388165408,25.218610337346366
402,e,103.88258991917445,103.88258991917445,5.891282934403488,10.272316635620609
403,e,103.88258991917445,103.88258991917445,10.624205885968204,35.703375148153754
404,e,103.88258991917445,103.88258991917445,48.16185620345143,52.161053606300406
405,na,13.016542590614856,33.6219618729404,41.17678888230238,48.470546253822256
406,na,28.955226459283296,39.031642514822984,65.1786463142538,67.24497282542903
407,e,103.88258991917445,103.88258991917445,16.55398116698352,42.55858177181248
408,na,29.362384739944584,47.59797004898733,26.2088687674134,38.19843901277769
409,na,22.178974627424513,47.28715407732615,108.6874620503926,108.6874620503926
410,e,103.88258991917445,103.88258991917445,14.670758844761712,108.6874620503926
411,na,14.209656313454227,27.778224744493723,18.483974780838533,19.49633644407166
412,na,3.046100371120197,14.225138415851298,1.393991374275306,4.42705147910551
413,e,103.88258991917445,103.88258991917445,108.6874620503926,108.6874620503926
414,na,8.204040896745694,103.88258991917445,29.27291122259947,38.026595597274735
415,e,103.88258991917445,103.88258991917445,46.962801906231896,57.66330258131012
416,e,103.88258991917445,103.88258991917445,22.43913001328188,30.580105903445865
417,e,103.88258991917445,103.88258991917445,35.712745439312584,55.63419358992573
418,na,103.88258991917445,103.88258991917445,108.6874620503926,108.6874620503926
419,na,18.395679775787354,30.283083544024286,22.009288318870762,22.244769342249906
420,e,103.88258991917445,103.88258991917445,22.12370608532039,40.96862044704446
421,na,18.672954625647865,103.88258991917445,20.7826540167485,27.100605975065623
422,na,25.887466674238496,28.017381587087602,19.03459903922558,30.17890822397846
423,e,103.88258991917445,103.88258991917445,21.433870639004624,108.6874620503926
424,na,20.42313727438054,25.521220771320653,108.6874620503926,108.6874620503926
425,na,103.88258991917445,103.88258991917445,25.830335976237212,32.61278652399989
426,na,35.07224090372689,38.566528766878186,39.5204726508085,57.849856833340546
427,na,13.448145878237243,31.15963958395348,10.032060781924184,19.366858782445952
428,na,43.73586556574335,47.173275774150625,39.47942471029892,49.55483405247346
429,e,103.88258991917445,103.88258991917445,16.46440250418763,19.735846687999512
430,e,103.88258991917445,103.88258991917445,82.57245542540235,85.59604735303454
431,na,103.88258991917445,103.88258991917445,108.6874620503926,108.6874620503926
432,na,23.604592267931633,25.632313354318125,27.85289315905577,30.758301401628117
433,na,103.88258991917445,103.88258991917445,34.93879428859787,50.25606051189916
434,na,30.512780058802633,33.63455383505462,11.94228312750573,14.805739591373875
435,na,8.383134633962104,12.783086578331853,1.1911989840719048,14.736441648288642
436,na,103.88258991917445,103.88258991917445,108.6874620503926,108.6874620503926
437,na,12.47773220138002,14.675744643336062,9.06954076417168,12.587563584270065
438,na,103.88258991917445,103.88258991917445,9.964808879567265,41.40714697521121
439,na,36.522767639270405,52.759771448308655,28.259229322328913,32.60535529931178
440,na,103.88258991917445,103.88258991917445,24.9935797123889,32.215864651909726
441,na,103.88258991917445,103.88258991917445,108.6874620503926,108.6874620503926
442,na,53.89031391894722,59.507632997822455,33.70338631302779,35.696133304821856
443,na,16.85231748149387,35.47181558374625,14.89257968343639,32.91181839674191
444,na,17.83392356909535,24.761394968594175,17.871519795322243,108.6874620503926
445,na,25.952259472283842,35.030546247780805,26.981398106654577,27.38588737473383
446,na,29.314444422117113,33.83713219732078,50.72608843056005,77.77661872425368
447,na,103.88258991917445,103.88258991917445,108.6874620503926,108.6874620503926
448,na,22.224419673416403,103.88258991917445,8.858287955260652,8.968266855867844
449,na,2.4040580313340425,20.235839998685776,12.03927037919504,20.34980056500935
450,na,10.370865448897003,103.88258991917445,28.26597325479439,37.25732410493641
451,na,103.88258991917445,103.88258991917445,36.72653501903497,39.698254329982106
452,na,5.621088511219183,23.37639976228836,17.889654348164672,18.272284560526433
453,na,5.692472625702294,22.501911188089647,108.6874620503926,108.6874620503926
454,e,103.88258991917445,103.88258991917445,42.03516417190371,108.6874620503926
455,na,35.02456014873996,46.130453406149385,33.44427720756039,33.87223687121903
456,na,21.804623115308722,32.601128975656565,31.97486197212713,43.56657890550324
457,na,1.6706509907031637,5.583507308780689,3.7656517815382773,13.743012661281526
458,na,103.88258991917445,103.88258991917445,108.6874620503926,108.6874620503926
459,na,33.03343282171784,34.72327774976585,108.6874620503926,108.6874620503926
460,e,103.88258991917445,103.88258991917445,11.327416187219056,32.9495888376857
461,na,37.89725646700315,49.26451299991005,21.35386419706241,29.234672163961907
462,na,5.195915068797716,8.779002943857472,15.950338865989217,40.47250189307388
463,na,103.88258991917445,103.88258991917445,21.450148842952963,27.874569333332282
464,e,103.88258991917445,103.88258991917445,14.826832005381554,28.977058627104917
465,na,18.351544931086934,21.506478598015978,19.93913719867731,108.6874620503926
466,na,10.819725501644665,23.980625451048066,3.7948896862496615,11.250375925538728
467,na,23.66355592588204,24.075085231542303,16.09014830016255,17.17460110700997
468,na,103.88258991917445,103.88258991917445,45.37877578877981,50.09967246994178
469,na,29.55989316224803,36.10437392022626,36.09729340670644,108.6874620503926
470,na,22.962140299229798,26.46205105645203,3.4396337766823466,9.623719987917863
471,na,16.79586705239343,19.805940672754982,12.873481941046215,13.567525430359222
472,na,9.057799105934178,12.695065613116233,23.65249495421096,108.6874620503926
473,e,103.88258991917445,103.88258991917445,14.73109091063982,17.435944250927967
474,na,7.263539732217238,12.12939621612589,5.7304430410254925,7.9441422682782425
475,na,44.21131447291558,69.11013730761586,33.0809320411901,38.98597098995018
476,na,10.283765301737438,17.60802452902406,50.162347767113886,52.10865155683155
477,na,30.476899373847523,31.078547419773567,13.830864110757833,15.655855812764324
478,na,19.95272851211237,23.237583836282084,15.941067262205973,18.89355976326408
479,e,103.88258991917445,103.88258991917445,5.471996112136924,6.380408434213159
480,na,103.88258991917445,103.88258991917445,18.768408326406707,29.046372396231497
481,na,103.88258991917445,103.88258991917445,17.879123811478397,36.25231835130352
482,na,0,0.8240134481081515,0,108.6874620503926
483,na,11.648006513154815,17.839654665721735,23.971913895653913,33.22695507407024
484,na,30.819065766850844,45.32007634858326,12.205241461439085,38.941334933098524
485,na,40.15066407792744,103.88258991917445,108.6874620503926,108.6874620503926
486,na,103.88258991917445,103.88258991917445,20.539115176517278,108.6874620503926
487,na,103.88258991917445,103.88258991917445,108.6874620503926,108.6874620503926
488,na,29.810459139921356,42.16743466877794,25.009044427632276,40.50824473219494
489,na,103.88258991917445,103.88258991917445,45.81196721131137,58.423766457525645
490,na,36.596912574887774,45.7116864967385,21.79752215485567,37.615469783896096
491,na,103.88258991917445,103.88258991917445,108.6874620503926,108.6874620503926
492,na,103.88258991917445,103.88258991917445,29.696332506151354,108.6874620503926
493,na,24.8619505392613,26.039801330377863,34.6942699614752,39.37252752506148
494,na,103.88258991917445,103.88258991917445,17.55524555569874,22.220594896747055
495,na,31.448744801732712,40.37060048791483,23.814371216967064,36.356730826649475
496,e,103.88258991917445,103.88258991917445,34.3888161347788,38.95024607118241
497,e,103.88258991917445,103.88258991917445,17.144268408293332,17.44789435487162
498,na,14.672397276231797,17.88103259645246,20.672747954911603,22.169757979779646
499,e,103.88258991917445,103.88258991917445,15.733863497809002,24.101239802942935
500,na,103.88258991917445,103.88258991917445,24.500134978038393,31.705391277876522
501,na,103.88258991917445,103.88258991917445,55.503406293858724,78.25945073061425
502,e,103.88258991917445,103.88258991917445,42.151463405843565,48.119428791531995
503,e,103.88258991917445,103.88258991917445,14.317475228340632,17.090830542009332
504,na,19.309041587239232,22.66007371451965,13.86717141424413,17.020262055632045
505,na,4.297127722915896,27.311654629150553,36.10776507158126,46.48848608674503
506,na,103.88258991917445,103.88258991917445,108.6874620503926,108.6874620503926
507,na,25.723036711476745,32.15351937542045,108.6874620503926,108.6874620503926
508,na,103.88258991917445,103.88258991917445,108.6874620503926,108.6874620503926
509,na,29.184978959230964,34.79176944886153,16.756632132332335,16.836698871835807
510,na,57.71346528586235,68.1053431156614,108.6874620503926,108.6874620503926
511,na,9.921697284799578,14.60468009261753,11.828578447124626,22.287158313161353
512,e,103.88258991917445,103.88258991917445,32.04086505191555,64.26234179782348
513,na,28.538722630395494,103.88258991917445,7.235684920903682,9.552337875778685
514,na,14.837554213524308,17.126306816485204,7.492453537177679,12.612625033826305
515,e,103.88258991917445,103.88258991917445,27.568578142544844,108.6874620503926
516,na,103.88258991917445,103.88258991917445,16.982266994493592,28.131863524344915
517,na,1.25203056325549,103.88258991917445,27.188770998963715,31.50422380570721
518,e,103.88258991917445,103.88258991917445,27.149312356110634,32.87206539304765
519,na,10.805180298964915,19.935156951008988,1.326340320464593,3.243012376888549
520,na,103.88258991917445,103.88258991917445,37.2226085728975,39.580909806418624
521,e,103.88258991917445,103.88258991917445,17.074459958033557,22.988956685817154
522,e,103.88258991917445,103.88258991917445,12.30261099590298,12.527980641095889
523,na,50.60858756066779,57.568708035704,30.22517351475231,31.677261499182368
524,na,62.03597941450761,65.99354634026642,28.532624363713836,33.71411581655653
525,e,36.885306235549145,43.76171907457021,15.183494448333139,19.650707973601012
526,na,35.88713927922693,41.61113957177441,14.935809936314218,17.048824133594632
527,na,103.88258991917445,103.88258991917445,108.6874620503926,108.6874620503926
528,e,103.88258991917445,103.88258991917445,33.95135456824001,66.28815904537741
529,na,22.494661235965495,33.89588063092166,11.866717408702076,35.01353193150501
530,na,35.627680707351885,103.88258991917445,21.03598532481242,108.6874620503926
531,na,103.88258991917445,103.88258991917445,10.15558238509586,108.6874620503926
532,na,103.88258991917445,103.88258991917445,22.63268749641991,26.158148687841784
533,na,103.88258991917445,103.88258991917445,26.493550821426485,35.6475537915564
534,e,103.88258991917445,103.88258991917445,30.290370811941568,108.6874620503926
535,na,23.378551337551045,29.041281129481355,16.396805633285066,28.998163648523484
536,na,23.613107235223943,28.765503472121456,25.46606815405404,27.734977117486963
537,na,37.88924786074569,39.60452197078124,52.483052629939216,76.12572986137205
538,na,15.54483280987082,20.942310427438887,24.299242609000927,53.314503971640825
539,na,2.6650435472813028,4.2392902864649225,17.701350861196428,29.22291580377947
540,na,103.88258991917445,103.88258991917445,108.6874620503926,108.6874620503926
541,na,103.88258991917445,103.88258991917445,28.694361534180658,40.86849931647612
542,na,103.88258991917445,103.88258991917445,10.956424957201744,14.940566019939181
543,na,103.88258991917445,103.88258991917445,29.914883319808293,108.6874620503926
544,na,35.072694424212415,53.715656218583256,28.587565049883004,28.854375534912922
545,na,5.8085273713345495,17.530610296271846,7.242570048715304,29.3617235437415
546,na,31.829575443831573,34.91688976856641,15.796871270599544,16.96853694235624
547,na,26.13353026075745,38.11184010797625,108.6874620503926,108.6874620503926
548,na,25.460975510348742,29.149164540479354,23.070266632423742,25.69553719209431
549,na,16.848939325649166,103.88258991917445,29.483179039847123,29.882480772945602
550,na,50.00744888732802,103.88258991917445,108.6874620503926,108.6874620503926
551,na,17.02321241135487,103.88258991917445,17.099464555596338,40.94624104239421
552,na,42.2686012914865,73.2786198477023,28.268038919930714,30.595768470153573
553,na,103.88258991917445,103.88258991917445,24.117908933104427,24.145109410749242
554,na,34.67365724710425,39.49496904265896,32.171503093515454,36.224677107343936
555,na,18.60926518478881,103.88258991917445,19.539986187084214,29.837691041783287
556,na,16.051093310034446,36.12534927925657,5.5162800986709755,9.723064601954786
557,na,28.12918733399423,31.031555558532265,108.6874620503926,108.6874620503926
558,na,103.88258991917445,103.88258991917445,30.416333608450064,44.951855575205016
559,na,19.531412376866708,21.32743250302958,15.79090436793246,108.6874620503926
560,na,33.80783028244951,103.88258991917445,39.36585593137105,57.61714743453381
561,e,103.88258991917445,103.88258991917445,108.6874620503926,108.6874620503926
562,na,29.665999201789955,38.02870093141941,12.584652523678736,15.12841401684041
563,na,29.101730696496762,38.390099966999394,16.550640415940624,108.6874620503926
564,e,103.88258991917445,103.88258991917445,26.618401074259122,32.601022136972475
565,na,19.492052667995047,33.02121266940392,108.6874620503926,108.6874620503926
566,na,103.88258991917445,103.88258991917445,14.714432750505518,19.825407301368006
567,na,2.241529848671231,22.746139180140723,12.930807232554104,24.569409149589873
568,e,103.88258991917445,103.88258991917445,20.65288025503353,28.089249614627203
569,na,13.442895221501987,103.88258991917445,15.658805238350189,36.55218286332107
570,na,20.344397164000256,103.88258991917445,31.001895777101417,32.3948280614065
571,na,48.53653763301857,51.5735662036468,13.546687288452263,13.746908481724066
572,na,30.157513633294418,38.80584955753851,26.853142447145846,36.84771403502287
573,e,103.88258991917445,103.88258991917445,26.530346590595475,87.62939125145427
574,na,103.88258991917445,103.88258991917445,14.527570655602362,108.6874620503926
575,na,103.88258991917445,103.88258991917445,17.537112618957487,26.97142880161846
576,e,103.88258991917445,103.88258991917445,37.29930526160842,65.22343785960723
577,na,20.920996214738587,25.53663608829774,13.771594850001625,29.419077416795428
578,na,72.55642723850029,75.39710077842257,32.04072274638686,34.84997603915859
579,e,103.88258991917445,103.88258991917445,108.6874620503926,108.6874620503926
580,e,103.88258991917445,103.88258991917445,108.6874620503926,108.6874620503926
581,na,14.963416429214575,18.75887129929928,14.944638188584726,108.6874620503926
582,na,3.8459792922501284,22.645140662966437,12.79660410318301,14.445258832999722
583,na,37.01986525483986,103.88258991917445,33.100157071282865,37.34744333186147
584,na,24.12151214977568,39.89693816316256,22.551166483449624,25.977159483781058
585,na,40.03666799022131,62.82849121713608,26.44972570888458,29.42411752791372
586,na,2.785455238946336,103.88258991917445,14.164713709991947,16.901648537522053
587,e,103.88258991917445,103.88258991917445,22.722181262772153,23.90210720904743
588,na,37.66076236948514,45.815698197051454,18.898292911787323,23.53502750439602
589,na,46.45208714637148,48.10295771356773,46.93847939994528,68.73474822213304
590,na,34.24060539294776,39.30245950332659,62.146609366484256,108.6874620503926
591,na,103.88258991917445,103.88258991917445,108.6874620503926,108.6874620503926
592,na,103.88258991917445,103.88258991917445,5.653887477080644,19.44598943423615
593,na,53.7044523951201,62.10020195682689,21.670434187160613,33.29387645559291
594,e,33.44179695287628,34.41172449899193,24.512798616766233,108.6874620503926
595,na,5.820032638526979,6.2252595846323135,14.316176998589633,14.710713165364542
596,na,36.8708060074887,92.95033655757743,11.413041263905269,108.6874620503926
597,na,22.888289172697533,23.42860815594822,7.613745161421904,9.372394556341826
598,na,12.117087328432378,16.365989616527774,19.39127232187799,21.13634039020614
599,na,103.88258991917445,103.88258991917445,108.6874620503926,108.6874620503926
600,na,27.576229608797114,30.08962088969586,16.55379927879353,108.6874620503926
601,na,17.67845459936409,22.837195365401374,13.982747183849902,71.22001520406094
602,na,46.28834108882905,53.694826441056136,19.175490748029542,30.109046776740378
603,e,103.88258991917445,103.88258991917445,108.6874620503926,108.6874620503926
604,na,27.613944093730574,31.864388163142728,19.490025486795872,108.6874620503926
605,e,103.88258991917445,103.88258991917445,10.382862090846935,108.6874620503926
606,na,13.858654758419668,103.88258991917445,108.6874620503926,108.6874620503926
607,na,8.40769849452407,11.793898781573148,21.460126344082923,108.6874620503926
608,na,20.476374478324733,23.045329007038426,19.73396772169748,20.77548042111135
609,na,103.88258991917445,103.88258991917445,40.62762412051143,42.6354995631052
610,na,103.88258991917445,103.88258991917445,108.6874620503926,108.6874620503926
611,na,0,1.6243753012901376,0,33.98949356509101
612,na,39.17286840959382,41.868211733119324,14.557125023293077,24.36552323455106
613,na,34.72906042969222,41.668548516371814,12.00129333542509,75.0621363090379
614,na,42.33561508150548,67.34510977186336,28.806516518137702,42.06427890709416
615,na,103.88258991917445,103.88258991917445,108.6874620503926,108.6874620503926
616,na,12.254370955760342,103.88258991917445,28.207760853135337,43.95515787243169
617,na,34.296935718618926,41.87248259443295,24.424412745648105,36.68181412841566
618,e,103.88258991917445,103.88258991917445,41.55700145715528,42.43777882844527
619,na,12.434943024594103,103.88258991917445,21.594600392749083,46.54355121290699
620,na,12.425468340611863,30.9906264737638,22.076628404458322,108.6874620503926
621,e,103.88258991917445,103.88258991917445,27.394626338904313,33.614436108004746
622,na,17.046264763089088,50.33698796816886,22.519003958398926,29.165235240686616
623,na,103.88258991917445,103.88258991917445,43.85639653330047,81.77448553249626
624,na,11.18854455930183,31.906647208164472,29.99249565166011,37.331505708381904
625,na,30.040366221794457,42.751292636434194,18.05056909463702,108.6874620503926
626,na,2.612593870105326,103.88258991917445,1.3723253383174574,2.2548712406449267
627,na,18.353883375645598,21.898463492444563,30.86875601788058,60.842546034825375
628,na,103.88258991917445,103.88258991917445,33.06684877928324,33.90223787832294
629,na,25.164855327955706,103.88258991917445,33.8169174455608,39.89692434672811
630,na,6.831459003777517,10.197523655988105,25.000594743111765,38.94436034774742
631,e,103.88258991917445,103.88258991917445,25.818709282931003,37.056733562298994
632,na,46.52391914143801,48.515106642894544,108.6874620503926,108.6874620503926
633,na,19.46791647267275,103.88258991917445,10.769296387862724,34.413497935204916
634,na,103.88258991917445,103.88258991917445,12.601037921103982,24.9262287474199
635,na,4.1654046376499565,20.399956782504056,11.346650037096111,14.833994622425319
636,na,103.88258991917445,103.88258991917445,7.972485376557933,20.334949646492426
637,na,17.903291117686827,28.93006809646042,8.208630769436253,13.869650828131693
638,e,103.88258991917445,103.88258991917445,21.110078190505604,108.6874620503926
639,na,19.08206407764441,24.27741856083063,32.608619086165774,36.6025902767108
640,na,23.285817235659202,28.867354181373067,11.365355015764903,108.6874620503926
641,na,103.88258991917445,103.88258991917445,22.259799644196512,39.32683821660175
642,na,14.721059377574466,62.94614689088349,26.745715767374627,34.460911269631424
643,na,43.33126383912301,45.85289892702337,27.942602992475123,40.194746853548494
644,na,22.006816284682245,31.565453927362608,13.941296489901552,16.31021453508205
645,na,103.88258991917445,103.88258991917445,108.6874620503926,108.6874620503926
646,na,14.782713971870642,20.98855764319678,12.241273931345678,49.38362195964681
647,na,32.854103995673626,34.43139733570626,33.16324272187226,39.16384829865303
648,na,18.335882207622355,20.182226383136534,15.816156918504642,23.530843628372693
649,na,57.603866696428504,58.585960986353705,108.6874620503926,108.6874620503926
650,na,17.47984618047765,103.88258991917445,26.35655371843277,45.34443929362171
651,na,15.051335499557629,103.88258991917445,23.350055188414967,25.448020825277656
652,na,17.33784302744397,103.88258991917445,11.952155546768065,108.6874620503926
653,na,14.689945301749168,15.972487546502517,26.7392297708661,32.456841599077265
654,na,26.72738361539279,63.641240790735765,108.6874620503926,108.6874620503926
655,na,27.441577573198337,39.510925947847376,108.6874620503926,108.6874620503926
656,na,103.88258991917445,103.88258991917445,36.17025021522986,43.48329846520795
657,na,16.50805238268475,17.667246507372255,11.70567797171817,12.99448665003954
658,na,34.09597242264138,36.682202370609744,19.495499780112297,22.42509661191497
659,e,103.88258991917445,103.88258991917445,18.95004152544612,19.260445329718898
660,e,103.88258991917445,103.88258991917445,32.78405702500073,108.6874620503926
661,na,103.88258991917445,103.88258991917445,34.53495290742382,38.87454718534506
662,na,53.12123310113729,68.04986809410966,39.05782621946379,42.39199437247323
663,na,103.88258991917445,103.88258991917445,24.574785325947637,30.955754300080226
664,na,25.36026125463691,31.37076857324092,15.525616067622455,16.271866765391707
665,na,103.88258991917445,103.88258991917445,28.956738053637295,38.11108030841334
666,na,25.06930096594548,103.88258991917445,34.26024266438475,37.314276645372786
667,na,22.382487700571623,31.856495532433843,14.916079486772999,19.382233700885912
668,na,19.16239612384333,58.10291732244842,28.987962445169742,34.248718190468615
669,na,6.4442604273288895,15.202006319427339,18.87758101468874,45.69755361788284
670,na,103.88258991917445,103.88258991917445,108.6874620503926,108.6874620503926
671,na,21.14612280910877,21.46028870906326,14.33686165057236,26.07648683335143
672,na,103.88258991917445,103.88258991917445,22.380635113211078,108.6874620503926
673,e,103.88258991917445,103.88258991917445,11.714052035727754,108.6874620503926
674,na,30.667111702685713,33.88231990623635,44.939506314704154,54.081702679679545
675,na,26.39996631923787,52.251144812914625,24.091911444228476,32.32172648545946
676,e,103.88258991917445,103.88258991917445,17.764696797998887,51.91395400002381
677,na,12.378014682881833,35.32839042224979,20.322354358593685,23.838987553233018
678,e,103.88258991917445,103.88258991917445,108.6874620503926,108.6874620503926
679,na,26.25700894529455,27.082621829757638,32.46366528627177,56.00362946833693
680,na,55.00036948544048,59.14822598287267,24.19338430503711,32.779236462816606
681,na,103.88258991917445,103.88258991917445,12.769138039442154,21.025260312304543
682,na,103.88258991917445,103.88258991917445,108.6874620503926,108.6874620503926
683,na,103.88258991917445,103.88258991917445,38.39567103579927,54.07031425002823
684,na,103.88258991917445,103.88258991917445,108.6874620503926,108.6874620503926
685,e,29.794261277977732,35.13609309683882,16.071285785723347,31.462925307897432
686,e,103.88258991917445,103.88258991917445,27.658346059788006,60.16663087906129
687,na,103.88258991917445,103.88258991917445,22.239419173226672,27.58642851861017
688,na,31.264244102895205,35.537966334441684,11.153881555810276,27.524286608294595
689,na,103.88258991917445,103.88258991917445,108.6874620503926,108.6874620503926
690,e,24.449417504104737,65.2272271374876,108.6874620503926,108.6874620503926
691,e,103.88258991917445,103.88258991917445,108.6874620503926,108.6874620503926
692,na,21.199536424181023,24.779216554549148,108.6874620503926,108.6874620503926
693,na,103.88258991917445,103.88258991917445,108.6874620503926,108.6874620503926
694,na,48.44017347713699,103.88258991917445,18.59965202210234,24.280645020316886
695,na,44.37416726693983,103.88258991917445,15.436037592804714,21.81494161441071
696,na,103.88258991917445,103.88258991917445,21.887898937009457,108.6874620503926
697,na,103.88258991917445,103.88258991917445,51.740095679780325,68.98769501727979
698,na,25.766359626618183,29.361794533709674,21.031203834598237,26.953529818423302
699,na,103.88258991917445,103.88258991917445,14.477833524491249,108.6874620503926
700,na,103.88258991917445,103.88258991917445,36.589867127751724,108.6874620503926
701,na,16.152709478910797,16.447266631595646,17.707833413622552,29.09778468638988
702,e,103.88258991917445,103.88258991917445,13.090250791443355,15.133100768151792
703,na,36.44447582620767,86.72915955150623,13.098689657190214,15.84552592017217
704,na,42.22996808543264,43.239717784134875,12.888140860631294,23.9245274601988
705,na,19.10091507310253,20.727399558870697,24.06054815810796,28.670223056038044
706,na,103.88258991917445,103.88258991917445,108.6874620503926,108.6874620503926
707,e,103.88258991917445,103.88258991917445,19.95613555677763,108.6874620503926
708,na,27.968156713930348,29.288725611788575,17.77449331158423,21.292110519656198
709,na,103.88258991917445,103.88258991917445,30.716847702228055,85.98690634856851
710,e,103.88258991917445,103.88258991917445,35.55316194602965,43.61052334864598
711,e,103.88258991917445,103.88258991917445,14.880838629137132,22.621437558121993
712,na,5.107812137375678,7.384213224157523,30.684998402489946,37.96325221758687
713,e,103.88258991917445,103.88258991917445,23.06607169992272,28.5990891793761
714,na,37.158339597877976,50.42032737748911,34.232700281209866,108.6874620503926
715,na,103.88258991917445,103.88258991917445,29.71194266936353,108.6874620503926
716,na,103.88258991917445,103.88258991917445,26.778887510741868,108.6874620503926
717,na,19.998795894397173,22.432903243303095,17.919570036579536,21.713442249022542
718,na,41.37394189369048,47.174500683001725,13.260358478191842,31.876067183507462
719,na,103.88258991917445,103.88258991917445,17.5458630662926,30.639487358243443
720,na,17.61280592477592,103.88258991917445,30.641020534462484,58.43103293011347
721,na,22.5599030960424,22.7676394894801,27.48240226903332,29.125630029272127
722,e,103.88258991917445,103.88258991917445,108.6874620503926,108.6874620503926
723,e,103.88258991917445,103.88258991917445,25.044940317960766,43.6788726569095
724,na,27.34769755432435,30.99860295261484,19.6472043501391,45.25281100670834
725,e,103.88258991917445,103.88258991917445,8.44725875813821,8.518388163656862
726,na,23.618181300915555,31.995536451966576,46.33792098759405,108.6874620503926
727,na,13.475686245476219,15.832393702580784,16.465290539906913,108.6874620503926
728,na,14.727545215659196,27.123071735427313,47.5132231013541,108.6874620503926
729,e,103.88258991917445,103.88258991917445,13.703132129373651,17.65658061386879
730,e,103.88258991917445,103.88258991917445,108.6874620503926,108.6874620503926
731,na,103.88258991917445,103.88258991917445,20.2596243518532,39.89502219533882
732,e,103.88258991917445,103.88258991917445,35.360926597915096,108.6874620503926
733,na,49.79788149604158,52.55515552618244,14.592704431963531,15.583546932531332
734,e,103.88258991917445,103.88258991917445,108.6874620503926,108.6874620503926
735,e,103.88258991917445,103.88258991917445,17.58231543119301,33.51868492225213
736,na,103.88258991917445,103.88258991917445,108.6874620503926,108.6874620503926
737,na,103.88258991917445,103.88258991917445,108.6874620503926,108.6874620503926
738,na,12.307454519877801,38.50963138358747,23.305413663094377,46.94779392795739
739,na,6.087058051853925,7.519808562958299,25.085228354160908,25.8027877831094
740,na,25.01971832684715,30.321531057343456,23.71587480510123,39.33684328773212
741,na,103.88258991917445,103.88258991917445,108.6874620503926,108.6874620503926
742,na,21.146079956504508,31.049031278040975,49.79065839894243,55.451655625549506
743,na,2.259599819189012,4.380577129504534,5.90077562735398,7.421979603608549
744,na,64.17941029877994,91.19493264040436,44.80152157277249,108.6874620503926
745,na,21.333459119812563,42.02481335627125,24.73910480825184,25.347251978679356
746,e,103.88258991917445,103.88258991917445,25.25573722237376,43.516991565991106
747,na,29.93217845760168,46.339622309366575,20.631769699164927,43.36386336371839
748,na,17.778207688554662,36.170201214463276,42.28357494273754,60.04577492453114
749,na,103.88258991917445,103.88258991917445,108.6874620503926,108.6874620503926
750,e,103.88258991917445,103.88258991917445,37.75450519771369,38.6386258486426
751,na,103.88258991917445,103.88258991917445,108.6874620503926,108.6874620503926
752,na,103.88258991917445,103.88258991917445,6.901700366687401,7.953425631425774
753,na,18.257634938654547,21.854607748525517,9.422809261956983,12.251849458703758
754,na,41.61463358585277,103.88258991917445,20.630365525173776,49.28924077256019
755,e,103.88258991917445,103.88258991917445,18.740080318529174,19.39869541137405
756,na,36.941834341196696,38.44758923024608,16.387749890383354,108.6874620503926
757,na,19.330162322135454,22.890618975928856,108.6874620503926,108.6874620503926
758,e,103.88258991917445,103.88258991917445,108.6874620503926,108.6874620503926
759,na,21.45612724696567,23.063111832742145,20.29586467822361,30.49782977954519
760,na,45.84875403662256,46.53483228923825,28.99049032610425,34.29065987922039
761,e,103.88258991917445,103.88258991917445,21.52517257243741,35.846015224102935
762,na,103.88258991917445,103.88258991917445,63.64879637439393,108.6874620503926
763,na,17.559568119282353,22.884383810883175,24.35104933727533,53.1603460462635
764,na,15.182308418233461,16.334255884998466,26.380309182895594,37.2772343173073
765,e,103.88258991917445,103.88258991917445,21.464080258926295,108.6874620503926
766,na,16.3023398152863,38.00095272605775,12.433255657478481,22.78643265888034
767,na,34.385148106892274,46.497800013424616,18.465857804290664,65.02911734373363
768,e,103.88258991917445,103.88258991917445,26.049365876654107,47.48489429980318
769,na,30.782659995245037,35.50577452597641,17.22805301048161,108.6874620503926
770,na,103.88258991917445,103.88258991917445,39.00108155808795,55.46994518019091
771,na,31.342107539068262,37.919525971430346,28.26407353647974,29.70499939579708
772,na,28.028617956340966,37.33716225513113,16.262836039188358,21.76051528160805
773,na,8.2411744872407,12.599192898568758,14.210874725543759,25.115554030991557
774,na,-1,0,-1,0
775,na,20.007620458296284,22.806209868703103,23.833065330360697,108.6874620503926
776,na,35.72927897367913,49.06847795209992,22.56007745906917,39.885735422923865
777,na,103.88258991917445,103.88258991917445,29.582985632049805,31.187136924980283
778,na,25.69037540738064,103.88258991917445,20.01324959287374,44.60746953060898
779,na,23.361176597543093,33.768547313760806,30.66639510779749,44.43281362356082
780,na,103.88258991917445,103.88258991917445,24.12364532785811,36.409671605287905
781,na,13.961683821429721,22.907968516862265,18.441921486576096,24.475539245126228
782,na,21.82470901800067,30.48392573550977,13.68537718231052,18.363104887014817
783,na,22.883660197210407,103.88258991917445,42.04268229500826,66.04781663974589
784,na,103.88258991917445,103.88258991917445,9.311963819334403,14.166252039352008
785,na,27.529373395454815,103.88258991917445,49.475912402262864,56.93092840195864
786,na,15.543284627929513,25.843423364454964,8.188006268921109,11.900858174235216
787,na,24.487016631584055,37.9645538407601,108.6874620503926,108.6874620503926
788,na,12.701489498326785,24.51615081356912,11.727327843242563,12.507548866639832
789,e,103.88258991917445,103.88258991917445,108.6874620503926,108.6874620503926
790,na,11.801615183879994,103.88258991917445,21.279908082835,108.6874620503926
791,na,103.88258991917445,103.88258991917445,25.24998022675452,108.6874620503926
792,na,30.83701474367629,36.2669218629426,13.804169743190869,14.109745612145176
793,na,103.88258991917445,103.88258991917445,39.80808947997957,44.92831913231369
794,na,103.88258991917445,103.88258991917445,108.6874620503926,108.6874620503926
795,e,103.88258991917445,103.88258991917445,5.238554015120363,33.595559493766935
796,na,12.56497493034268,17.457815045185754,20.82739646522433,23.86289029658946
797,na,10.089000741936369,12.651841985848357,22.401206805557365,47.786104910905784
798,na,3.206565624120783,6.469964080462466,15.042579663027093,108.6874620503926
799,na,33.26788450444654,43.32867990336027,33.6214940777576,34.809664542220744
800,na,8.756953593598183,14.439888085872175,17.70374300091847,17.82362151236899
801,na,28.617302339060764,33.5919391291272,8.16685295716045,10.545277741048569
802,na,17.146537837128676,22.48690025964758,6.736318823421998,13.763749152257505
803,na,25.86771299601289,29.305321019499203,22.10278160922236,38.863033085911404
804,na,33.185943232122455,39.014805786455106,108.6874620503926,108.6874620503926
805,na,103.88258991917445,103.88258991917445,44.64766282045127,48.9629435565512
806,e,103.88258991917445,103.88258991917445,18.654873145173664,28.37466199386594
807,na,103.88258991917445,103.88258991917445,18.414219153834388,19.560889094452612
808,na,19.072307287655583,21.91969560465754,33.54613229523333,61.574936471131146
809,na,7.293121389623426,7.380525634434986,21.75517635834347,53.824340164600834
810,e,103.88258991917445,103.88258991917445,12.602272453537985,33.3559893798473
811,e,103.88258991917445,103.88258991917445,13.812823332758988,20.490394454139903
812,na,9.105111679189156,103.88258991917445,8.411202601477138,9.177688820946543
813,na,103.88258991917445,103.88258991917445,29.66408521364145,38.36880423223559
814,na,39.62964963687821,57.2093809919258,12.006814676435045,41.92733749836428
815,e,103.88258991917445,103.88258991917445,17.82140197366059,18.87750953284622
816,na,103.88258991917445,103.88258991917445,51.327332525931645,59.40528810804532
817,na,63.743266609959186,65.91229140763086,20.14322528239647,27.69079748618787
818,e,103.88258991917445,103.88258991917445,32.5098860429636,32.94278250500116
819,e,103.88258991917445,103.88258991917445,29.287587015035836,108.6874620503926
820,na,103.88258991917445,103.88258991917445,15.286562203348996,19.902058933621085
821,na,35.06211199827659,45.70016535880495,52.06666183224877,81.4093100753626
822,na,10.98032055068585,13.716423084102034,15.22991701705381,36.63400523543391
823,na,103.88258991917445,103.88258991917445,35.275837828242025,36.65281643071912
824,na,103.88258991917445,103.88258991917445,29.237015706357695,108.6874620503926
825,na,103.88258991917445,103.88258991917445,24.0668517267266,32.2348801653628
826,e,103.88258991917445,103.88258991917445,12.373564867117379,13.225253315636335
827,na,39.252607918567286,42.67711877382148,22.280776381148534,108.6874620503926
828,na,61.651613930583565,74.7582266789349,12.738124402729271,16.518968699162
829,na,60.65304823639082,60.84604132782373,28.040803543922515,108.6874620503926
830,na,35.86623926127937,79.91951028284277,9.916327061277492,21.66329220374808
831,na,29.9069060984138,34.69487730917229,18.528952446180366,108.6874620503926
832,e,103.88258991917445,103.88258991917445,19.676717115747795,31.3274132733791
833,na,41.46085345218981,51.252491275460194,56.15403254865339,67.75487047043202
834,na,54.35357347950464,75.325822697582,17.072294299918656,108.6874620503926
835,na,11.155052593729183,13.39798207431752,73.26740617323883,73.68572765047027
836,na,20.84028963058268,29.19429150351242,28.669883513870182,34.22127991146483
837,na,8.295983636003054,8.49850564548498,25.131678774163152,38.02221085885547
838,na,13.626623860314156,14.661384460607438,13.548443379999119,42.816840103687646
839,na,103.88258991917445,103.88258991917445,24.47007190383605,32.759144900803314
840,na,23.865707938987285,34.34718175904405,35.24104097468712,41.98203204489302
841,na,45.60727668429348,47.22548804663246,23.650860224942413,23.80829720605526
842,na,12.243135318244821,103.88258991917445,18.77428125547071,26.634007916573754
843,na,29.028443681641924,29.146081787801755,108.6874620503926,108.6874620503926
844,na,16.613988933673717,42.86424647114411,23.589828010065595,108.6874620503926
845,na,103.88258991917445,103.88258991917445,36.8499284966231,38.993728795881374
846,na,34.52272488435826,39.31837838245979,21.87777939235907,23.84209754090506
847,e,103.88258991917445,103.88258991917445,3.941903359115341,8.537155672750753
848,na,29.078514455286363,42.245002618175846,33.606410021353355,39.11204942057647
849,na,25.346703094317377,33.79671675253309,28.070376691113882,31.396533774934994
850,e,103.88258991917445,103.88258991917445,20.647488655427622,24.993824785616326
851,na,10.69928115533445,16.31940674777831,13.152770880804127,18.37629265553759
852,e,103.88258991917445,103.88258991917445,108.6874620503926,108.6874620503926
853,na,14.839211707008568,26.530456157123822,22.391374837005834,47.08452186425137
854,na,103.88258991917445,103.88258991917445,33.30168782260369,44.068676430916405
855,na,28.15279275541291,45.19491840173104,38.73662640372972,51.23071882248483
856,na,103.88258991917445,103.88258991917445,108.6874620503926,108.6874620503926
857,na,24.14567235390346,25.59905361621259,23.924005045105105,25.05830290936993
858,na,103.88258991917445,103.88258991917445,108.6874620503926,108.6874620503926
859,na,103.88258991917445,103.88258991917445,24.397775675683018,26.904078753638707
860,na,103.88258991917445,103.88258991917445,21.356435446850305,24.472684038577942
861,e,103.88258991917445,103.88258991917445,7.932663463172209,16.566812660536296
862,e,103.88258991917445,103.88258991917445,12.784830853282928,19.60651097022626
863,na,27.38307765536717,48.03341839262532,13.265605000059361,22.1287579731368
864,e,103.88258991917445,103.88258991917445,32.00882438407992,52.445050084578696
865,na,9.453187554213134,9.632407980178723,23.170217416415152,57.13806439702932
866,na,18.184082106649612,19.348522054463395,16.123670144538817,18.05340045256792
867,na,44.3825880169099,49.40666749008425,34.82779572640388,37.5295465061745
868,na,31.621356467846663,35.11939072768223,3.5824513191692797,6.133622813439133
869,na,18.776006169545457,18.90704614266797,39.62135676364138,49.52187668694499
870,na,103.88258991917445,103.88258991917445,19.38084812460326,31.234220202378086
871,e,103.88258991917445,103.88258991917445,9.944666569916697,40.929005234743876
872,na,20.43871704147536,24.57326449985361,28.710077754556156,35.686496815336405
873,e,103.88258991917445,103.88258991917445,19.752080899334562,25.517442184434334
874,e,103.88258991917445,103.88258991917445,35.09097184996868,36.43415087604392
875,na,14.337459352928233,103.88258991917445,108.6874620503926,108.6874620503926
876,na,29.551144857859537,39.80732753473411,17.463880252070005,18.111311940554085
877,na,103.88258991917445,103.88258991917445,108.6874620503926,108.6874620503926
878,na,35.40392900543063,67.98594716476367,28.137880084054824,29.531894250416784
879,e,103.88258991917445,103.88258991917445,108.6874620503926,108.6874620503926
880,na,28.31711478051312,31.57346357717999,42.409109427480935,108.6874620503926
881,na,24.04143928120731,27.519146400840135,21.6208812686082,29.855022859367715
882,na,16.45313977546726,103.88258991917445,18.86064071375445,29.515771250239954
883,na,33.03262467589403,38.454604901805496,12.837441395862744,15.642389921166616
884,e,103.88258991917445,103.88258991917445,23.01415106728306,40.00472042316921
885,e,103.88258991917445,103.88258991917445,29.11186713175917,34.373574487979496
886,na,36.610091112625845,103.88258991917445,24.24339031646643,24.61575678959539
887,na,25.98885739065852,41.33827305213643,11.507958264540335,19.09087591519667
888,na,22.89304156061108,30.33571503862059,17.162311405872327,43.263184392493585
889,e,103.88258991917445,103.88258991917445,12.011596084461214,41.1642244422366
890,na,93.54891407835626,103.88258991917445,11.310040854379787,12.654660238931248
891,na,103.88258991917445,103.88258991917445,32.33866542142386,74.00827835458736
892,na,103.88258991917445,103.88258991917445,108.6874620503926,108.6874620503926
893,e,103.88258991917445,103.88258991917445,55.01438973561409,64.7950389278721
894,na,20.34345697010074,24.314703804454545,37.31144768342544,59.74766010161895
895,na,6.088351505366329,10.221492742210287,14.157110606529768,17.49142056516599
896,na,103.88258991917445,103.88258991917445,25.187982206322754,25.97295813363103
897,na,31.949534539362606,41.32614906160442,26.96767439257449,108.6874620503926
898,na,14.867597857286297,103.88258991917445,23.88773986560469,26.59940584291648
899,na,27.61942717123884,37.21854454248553,49.79078310065251,56.519973865606836
900,na,14.311547055799462,23.69381428161879,9.862595395569546,12.094889131569007
901,na,18.951478091055503,22.410188199185953,12.146954026877506,43.04461267553891
902,na,103.88258991917445,103.88258991917445,15.896824039966791,26.4521670865229
903,na,103.88258991917445,103.88258991917445,31.925312806638484,43.086428005530905
904,na,29.730585429387304,32.740859286147234,29.580746474528603,38.08494714811945
905,na,46.73599729687979,73.17766281966506,18.23986735648889,20.354653301613105
906,na,103.88258991917445,103.88258991917445,31.014413191243307,108.6874620503926
907,na,38.54535409911632,62.1079636115204,13.41968536212077,25.96658121680831
908,na,16.99708146684019,17.06505218917854,35.49288262494347,39.507452883835505
909,e,103.88258991917445,103.88258991917445,6.6709382194688525,108.6874620503926
910,na,24.004967263856102,64.07041934323144,57.032639830379544,84.44266538077584
911,na,27.236843412430122,36.06560802863092,58.524190908982845,74.62451789143574
912,e,103.88258991917445,103.88258991917445,3.90539164601598,15.38946970602931
913,na,17.975832989823637,43.78595379673125,22.111192034166365,36.073584031798234
914,na,12.495571303835584,16.41746527379939,108.6874620503926,108.6874620503926
915,na,103.88258991917445,103.88258991917445,24.782380195633547,26.058104604109698
916,e,103.88258991917445,103.88258991917445,13.940373207272554,29.232952397419947
917,na,103.88258991917445,103.88258991917445,108.6874620503926,108.6874620503926
918,na,25.466254403810893,32.07551335290101,27.534150078038465,31.670600781144177
919,na,0,1.200345906610432,0,9.243975201746862
920,na,17.393144728337997,24.174100406537587,14.29809325050979,16.021189532053732
921,na,24.110927138221218,30.477179473840973,34.41294069834184,43.04391751695853
922,na,1.7018446115255395,12.659515999752925,8.484378070303073,12.554269350718528
923,na,103.88258991917445,103.88258991917445,18.164167932619268,18.878855527498814
924,na,6.438103192700614,103.88258991917445,14.896457290840905,31.10237719040523
925,e,103.88258991917445,103.88258991917445,25.404649997580947,48.58843532910453
926,e,103.88258991917445,103.88258991917445,21.810469561991642,26.044439805565258
927,na,103.88258991917445,103.88258991917445,32.02911943471673,51.945341784043045
928,e,103.88258991917445,103.88258991917445,108.6874620503926,108.6874620503926
929,na,103.88258991917445,103.88258991917445,108.6874620503926,108.6874620503926
930,na,24.20507227550244,26.03703997096647,19.497738088721565,108.6874620503926
931,na,14.218748021486872,16.9743239625132,13.834243136629757,16.157525112671205
932,na,20.673693688959823,103.88258991917445,108.6874620503926,108.6874620503926
933,e,103.88258991917445,103.88258991917445,16.389306355790982,16.458151207909193
934,na,13.178813197806393,30.127751384089635,60.06180686898119,74.44281522720159
935,na,17.61422512537184,24.794090438289906,4.7893757520599625,13.022239014756758
936,na,26.952226362087604,28.7984314392668,24.93418716680278,25.923456625357996
937,na,22.370980374774284,103.88258991917445,18.110286101933166,21.240428952953287
938,na,20.181941648838663,103.88258991917445,30.42967213734163,38.940355303485354
939,na,20.14508452604991,33.90520248818786,108.6874620503926,108.6874620503926
940,na,24.747246999697087,29.104958074463642,20.581443199805282,21.704537557117806
941,na,34.80673192007754,50.78451212808647,27.215245492749197,28.26969242455917
942,na,16.22005354973575,23.621370373516807,7.528948099610328,22.667972860960887
943,na,7.602718889353757,9.011478994989163,23.521051585432602,42.509069380867956
944,na,103.88258991917445,103.88258991917445,108.6874620503926,108.6874620503926
945,na,13.37509612306353,19.90791666232298,31.313196115493117,37.23400924484964
946,na,3.798587077202449,20.167076982647572,3.5699507874233958,16.744363358178177
947,e,103.88258991917445,103.88258991917445,108.6874620503926,108.6874620503926
948,na,103.88258991917445,103.88258991917445,33.186006440626166,57.30768481622924
949,na,38.96350152410604,43.18085937774422,9.087986891715458,9.175013269901585
950,e,103.88258991917445,103.88258991917445,108.6874620503926,108.6874620503926
951,e,103.88258991917445,103.88258991917445,25.761867222443506,85.08069755978923
952,e,103.88258991917445,103.88258991917445,65.30698291963778,70.11555238796564
953,na,17.168292303275592,21.77409329110758,35.388871768689015,39.10026155982164
954,e,7.23342688207507,7.886137168915674,23.761687398161897,26.311059338149185
955,na,29.645734177378685,40.43189251981498,16.25791347575919,17.390929994917776
956,na,32.92222195873009,41.711489844182516,31.430668268242286,31.81826336114314
957,na,20.547323068386827,24.55461477011728,33.37506102988456,43.35896062953896
958,na,28.349195561738238,45.540706835898355,18.729504101579888,44.276662970181874
959,na,103.88258991917445,103.88258991917445,55.475933489605076,61.41253667164971
960,na,22.632145788368476,26.32552450987229,45.23291798115615,108.6874620503926
961,na,14.238176668310425,53.04090350537139,11.841953246716002,11.919489769705603
962,na,103.88258991917445,103.88258991917445,13.791714046874837,18.834049798174814
963,e,103.88258991917445,103.88258991917445,16.06404326985598,17.7034252634786
964,na,10.912113367895387,51.47460628984874,1.8003881248411477,108.6874620503926
965,na,25.975335827025816,103.88258991917445,30.545101133881793,44.58140461376187
966,na,1.5503760802988176,2.3770144963553985,6.9313130834674395,7.462371502725717
967,na,11.766458706987484,13.873049681791024,11.148013957590273,108.6874620503926
968,na,103.88258991917445,103.88258991917445,33.56285243541665,52.28259934559162
969,e,103.88258991917445,103.88258991917445,27.90443757847079,29.074631727694214
970,na,103.88258991917445,103.88258991917445,22.452837474647396,23.54022431258604
971,e,103.88258991917445,103.88258991917445,39.73281462227123,40.62934779081744
972,e,103.88258991917445,103.88258991917445,31.178087134137666,108.6874620503926
973,e,103.88258991917445,103.88258991917445,17.68209583743,30.267087984227857
974,na,17.792637102019903,28.45100048146016,22.847701279007435,35.133753407458364
975,e,103.88258991917445,103.88258991917445,35.884587019390885,43.51946275487293
976,na,13.031660437571613,14.83931849514498,108.6874620503926,108.6874620503926
977,na,21.32616276768056,45.78956612707056,28.377911604116196,30.79853632774368
978,na,23.664730896643064,103.88258991917445,17.154381674881225,26.42995107251662
979,na,12.484406719259711,21.144239341514133,15.501204264393637,29.703990602609807
980,na,24.731464241554043,36.7018573008056,22.708370312549917,29.83664202381963
981,na,39.80725889396189,79.35131684005559,108.6874620503926,108.6874620503926
982,e,103.88258991917445,103.88258991917445,13.145025096774853,15.25668317540727
983,na,6.015242859263016,24.41335991420484,14.836376087626768,108.6874620503926
984,na,12.20235565533335,12.278328688471765,27.774125702059816,28.151687546868114
985,e,103.88258991917445,103.88258991917445,22.7480834225762,108.6874620503926
986,na,20.7169504682883,29.026815363934084,52.90255399844759,58.25364221836501
987,na,75.08724996745075,75.98739857454562,15.021437910322364,27.209697257393888
988,e,103.88258991917445,103.88258991917445,28.87028972480721,35.132463186987735
989,na,103.88258991917445,103.88258991917445,108.6874620503926,108.6874620503926
990,na,22.52685785132995,26.183460897503416,33.928765349828055,108.6874620503926
991,na,103.88258991917445,103.88258991917445,23.731629903269233,35.05855872244886
992,na,51.80535605539115,57.631994799997365,47.15469811599649,75.10469511856753
993,na,20.386903253266908,30.573342996262824,22.155572870900365,23.142956083920577
994,na,23.09932192010946,52.12434820619381,10.500497975254317,16.580801896994142
995,e,103.88258991917445,103.88258991917445,108.6874620503926,108.6874620503926
996,e,103.88258991917445,103.88258991917445,7.258651226380666,8.744362950330107
997,na,103.88258991917445,103.88258991917445,44.005502106924894,54.65669685690023
998,na,103.88258991917445,103.88258991917445,108.6874620503926,108.6874620503926
999,na,25.96739319313323,36.31389790535377,108.6874620503926,108.6874620503926
